﻿age,period,m_prob_die,m_number_alive,m_number_dead,m_exp_age,v_prob_die,v_number_alive,v_number_dead,v_exp_age
0,2022,0.00317,100000,317,80.10,0.00256,100000,256,83.09
1,2022,0.00044,99683,44,79.85,0.00045,99744,45,82.81
2,2022,0.00024,99639,24,78.89,0.00013,99699,13,81.84
3,2022,0.00012,99615,12,77.90,0.00020,99686,20,80.85
4,2022,0.00014,99603,14,76.91,0.00007,99666,7,79.87
5,2022,0.00012,99589,12,75.92,0.00008,99659,8,78.88
6,2022,0.00005,99577,5,74.93,0.00013,99651,13,77.88
7,2022,0.00007,99572,7,73.94,0.00003,99638,3,76.89
8,2022,0.00010,99565,10,72.94,0.00012,99635,12,75.89
9,2022,0.00007,99555,6,71.95,0.00009,99623,9,74.90
10,2022,0.00004,99549,4,70.95,0.00007,99614,7,73.91
11,2022,0.00011,99545,11,69.96,0.00009,99607,9,72.92
12,2022,0.00004,99534,4,68.96,0.00005,99598,5,71.92
13,2022,0.00015,99530,15,67.97,0.00010,99593,9,70.93
14,2022,0.00016,99515,16,66.98,0.00007,99584,7,69.93
15,2022,0.00014,99499,14,65.99,0.00016,99577,16,68.94
16,2022,0.00025,99485,25,65.00,0.00013,99561,13,67.95
17,2022,0.00029,99460,29,64.01,0.00018,99548,18,66.96
18,2022,0.00032,99431,32,63.03,0.00017,99530,17,65.97
19,2022,0.00032,99399,32,62.05,0.00019,99513,19,64.98
20,2022,0.00052,99367,52,61.07,0.00014,99494,14,63.99
21,2022,0.00046,99315,46,60.10,0.00018,99480,18,63.00
22,2022,0.00042,99269,42,59.13,0.00025,99462,25,62.01
23,2022,0.00034,99227,34,58.16,0.00020,99437,20,61.03
24,2022,0.00039,99193,39,57.18,0.00019,99417,18,60.04
25,2022,0.00040,99154,39,56.20,0.00022,99399,22,59.05
26,2022,0.00044,99115,43,55.22,0.00024,99377,24,58.06
27,2022,0.00037,99072,36,54.24,0.00025,99353,25,57.08
28,2022,0.00041,99036,41,53.26,0.00016,99328,16,56.09
29,2022,0.00043,98995,43,52.29,0.00030,99312,29,55.10
30,2022,0.00048,98952,47,51.31,0.00032,99283,32,54.12
31,2022,0.00055,98905,54,50.33,0.00035,99251,35,53.13
32,2022,0.00053,98851,52,49.36,0.00034,99216,34,52.15
33,2022,0.00054,98799,53,48.38,0.00033,99182,33,51.17
34,2022,0.00057,98746,57,47.41,0.00040,99149,40,50.19
35,2022,0.00070,98689,70,46.44,0.00039,99109,38,49.21
36,2022,0.00057,98619,56,45.47,0.00045,99071,44,48.23
37,2022,0.00077,98563,76,44.50,0.00039,99027,38,47.25
38,2022,0.00081,98487,79,43.53,0.00063,98989,62,46.27
39,2022,0.00087,98408,86,42.56,0.00064,98927,63,45.29
40,2022,0.00083,98322,82,41.60,0.00055,98864,55,44.32
41,2022,0.00099,98240,98,40.64,0.00066,98809,66,43.35
42,2022,0.00133,98142,131,39.68,0.00076,98743,75,42.38
43,2022,0.00108,98011,106,38.73,0.00094,98668,93,41.41
44,2022,0.00133,97905,130,37.77,0.00106,98575,105,40.45
45,2022,0.00145,97775,142,36.82,0.00099,98470,97,39.49
46,2022,0.00163,97633,159,35.87,0.00103,98373,101,38.53
47,2022,0.00178,97474,173,34.93,0.00112,98272,110,37.57
48,2022,0.00194,97301,189,33.99,0.00163,98162,160,36.61
49,2022,0.00217,97112,211,33.06,0.00182,98002,179,35.67
50,2022,0.00244,96901,237,32.13,0.00160,97823,156,34.73
51,2022,0.00280,96664,270,31.20,0.00193,97667,188,33.79
52,2022,0.00303,96394,292,30.29,0.00202,97479,196,32.85
53,2022,0.00337,96102,324,29.38,0.00217,97283,211,31.91
54,2022,0.00383,95778,367,28.48,0.00264,97072,256,30.98
55,2022,0.00377,95411,360,27.59,0.00279,96816,271,30.06
56,2022,0.00425,95051,404,26.69,0.00334,96545,323,29.15
57,2022,0.00461,94647,436,25.80,0.00344,96222,331,28.24
58,2022,0.00503,94211,474,24.92,0.00395,95891,379,27.34
59,2022,0.00552,93737,518,24.04,0.00427,95512,408,26.45
60,2022,0.00629,93219,587,23.17,0.00443,95104,421,25.56
61,2022,0.00679,92632,629,22.32,0.00490,94683,464,24.67
62,2022,0.00741,92003,682,21.46,0.00544,94219,513,23.79
63,2022,0.00872,91321,796,20.62,0.00641,93706,601,22.91
64,2022,0.00953,90525,863,19.80,0.00666,93105,620,22.06
65,2022,0.01057,89662,947,18.98,0.00724,92485,670,21.20
66,2022,0.01177,88715,1044,18.18,0.00852,91815,782,20.35
67,2022,0.01208,87671,1059,17.39,0.00952,91033,867,19.53
68,2022,0.01413,86612,1223,16.60,0.01063,90166,958,18.71
69,2022,0.01547,85389,1321,15.83,0.01102,89208,983,17.90
70,2022,0.01799,84068,1513,15.07,0.01285,88225,1133,17.10
71,2022,0.01909,82555,1576,14.34,0.01316,87092,1146,16.31
72,2022,0.02115,80979,1713,13.61,0.01455,85946,1251,15.52
73,2022,0.02336,79266,1852,12.89,0.01679,84695,1422,14.75
74,2022,0.02691,77414,2083,12.19,0.01772,83273,1475,13.99
75,2022,0.02896,75331,2182,11.51,0.02059,81798,1684,13.23
76,2022,0.03256,73149,2382,10.84,0.02231,80114,1787,12.50
77,2022,0.03789,70767,2681,10.18,0.02584,78327,2024,11.77
78,2022,0.04168,68086,2838,9.57,0.02876,76303,2195,11.07
79,2022,0.04587,65248,2993,8.96,0.03267,74108,2421,10.39
80,2022,0.05109,62255,3181,8.37,0.03533,71687,2533,9.72
81,2022,0.05747,59074,3395,7.79,0.04048,69154,2799,9.06
82,2022,0.06470,55679,3603,7.24,0.04763,66355,3161,8.42
83,2022,0.07340,52076,3823,6.70,0.05275,63194,3333,7.82
84,2022,0.08213,48253,3963,6.19,0.05898,59861,3531,7.22
85,2022,0.09363,44290,4147,5.70,0.06934,56330,3906,6.64
86,2022,0.10767,40143,4322,5.24,0.08087,52424,4240,6.10
87,2022,0.12235,35821,4383,4.81,0.09352,48184,4506,5.59
88,2022,0.13478,31438,4237,4.41,0.11094,43678,4846,5.12
89,2022,0.16305,27201,4435,4.02,0.12511,38832,4858,4.70
90,2022,0.17584,22766,4003,3.71,0.14213,33974,4829,4.30
91,2022,0.19539,18763,3666,3.39,0.16596,29145,4837,3.93
92,2022,0.22099,15097,3336,3.09,0.18224,24308,4430,3.61
93,2022,0.25358,11761,2982,2.83,0.20440,19878,4063,3.30
94,2022,0.26945,8779,2366,2.62,0.22874,15815,3618,3.02
95,2022,0.30709,6413,1969,2.40,0.25391,12197,3097,2.77
96,2022,0.31329,4444,1392,2.25,0.27883,9100,2537,2.54
97,2022,0.34701,3052,1059,2.04,0.31879,6563,2092,2.33
98,2022,0.37313,1993,744,1.86,0.32772,4471,1465,2.18
99,2022,0.45938,1249,574,1.68,0.40027,3006,1203,2.00