# Opmerking: door stationsverplaatsingen en veranderingen in waarneemmethodieken zijn deze tijdreeksen van uurwaarden mogelijk inhomogeen! Dat betekent dat deze reeks van gemeten waarden niet geschikt is voor trendanalyse. Voor studies naar klimaatverandering verwijzen we naar de gehomogeniseerde dagreeksen <http://www.knmi.nl/nederland-nu/klimatologie/daggegevens> of de Centraal Nederland Temperatuur <http://www.knmi.nl/kennis-en-datacentrum/achtergrond/centraal-nederland-temperatuur-cnt>.
# 
# SOURCE: ROYAL NETHERLANDS METEOROLOGICAL INSTITUTE (KNMI)
# Comment: These time series are inhomogeneous because of station relocations and changes in observation techniques. As a result these series are not suitable for trend analysis. For climate change studies we refer to the homogenized series of daily data <http://www.knmi.nl/nederland-nu/klimatologie/daggegevens> or the Central Netherlands Temperature <http://www.knmi.nl/kennis-en-datacentrum/achtergrond/centraal-nederland-temperatuur-cnt>.
# 
# STN         LON(east)   LAT(north)  ALT(m)      NAME
# 209         4.518       52.465      0.00        IJmond      
# 210         4.430       52.171      -0.20       VALKENBURG VK
# 215         4.437       52.141      -1.10       Voorschoten 
# 225         4.555       52.463      4.40        IJmuiden    
# 235         4.781       52.928      1.20        De Kooy Airport
# 240         4.790       52.318      -3.30       Schiphol Airport
# 242         4.921       53.241      10.80       Vlieland Vliehors
# 248         5.174       52.634      0.80        Wijdenes    
# 249         4.979       52.644      -2.40       Berkhout    
# 251         5.346       53.392      0.70        Hoorn Terschelling
# 257         4.603       52.506      8.50        Wijk aan Zee
# 258         5.401       52.649      7.30        Houtribdijk 
# 260         5.180       52.100      1.90        De Bilt     
# 265         5.274       52.130      13.90       Soesterberg 
# 267         5.384       52.898      -1.30       Stavoren    
# 269         5.520       52.458      -3.70       Lelystad Airport
# 270         5.752       53.224      1.20        Leeuwarden Airport
# 273         5.888       52.703      -3.30       Marknesse   
# 275         5.873       52.056      48.20       Deelen Airport
# 277         6.200       53.413      2.90        Lauwersoog  
# 278         6.259       52.435      3.60        Heino       
# 279         6.574       52.750      15.80       Hoogeveen   
# 280         6.585       53.125      5.20        Groningen Airport Eelde
# 283         6.657       52.069      29.10       Hupsel      
# 285         6.399       53.575      0.00        Huibertgat  
# 286         7.150       53.196      -0.20       Nieuw Beerta
# 290         6.891       52.274      34.80       Twenthe Airport
# 308         3.379       51.381      0.00        Cadzand     
# 310         3.596       51.442      8.00        Vlissingen  
# 311         3.672       51.379      0.00        Hoofdplaat  
# 312         3.622       51.768      0.00        Oosterschelde
# 313         3.242       51.505      0.00        Vlakte van De Raan
# 315         3.998       51.447      0.00        Hansweert   
# 316         3.694       51.657      0.00        Schaar      
# 319         3.861       51.226      1.70        Westdorpe   
# 323         3.884       51.527      1.40        Wilhelminadorp
# 324         4.006       51.596      0.00        Stavenisse  
# 330         4.122       51.992      11.90       Hoek van Holland
# 331         4.193       51.480      0.00        Tholen      
# 340         4.342       51.449      19.20       Woensdrecht Airport
# 343         4.313       51.893      3.50        Rotterdam Geulhaven
# 344         4.447       51.962      -4.30       Rotterdam Airport
# 348         4.926       51.970      -0.70       Cabauw      
# 350         4.936       51.566      14.90       Gilze-Rijen Airport
# 356         5.146       51.859      0.70        Herwijnen   
# 370         5.377       51.451      22.60       Eindhoven Airport
# 375         5.707       51.659      22.00       Volkel      
# 377         5.763       51.198      30.00       Ell         
# 380         5.762       50.906      114.30      Maastricht Airport
# 391         6.197       51.498      19.50       Arcen       
# 392         6.056189    51.486836   21.88       Horst       
# RH        : Etmaalsom van de neerslag (in 0.1 mm) (-1 voor <0.05 mm) / Daily precipitation amount (in 0.1 mm) (-1 for <0.05 mm)
# STN,YYYYMMDD,   RH
  209,20010130,     
  209,20010131,     
  209,20010201,     
  209,20010202,     
  209,20010203,     
  209,20010204,     
  209,20010205,     
  209,20010206,     
  209,20010207,     
  209,20010208,     
  209,20010209,     
  209,20010210,     
  209,20010211,     
  209,20010212,     
  209,20010213,     
  209,20010214,     
  209,20010215,     
  209,20010216,     
  209,20010217,     
  209,20010218,     
  209,20010219,     
  209,20010220,     
  209,20010221,     
  209,20010222,     
  209,20010223,     
  209,20010224,     
  209,20010225,     
  209,20010226,     
  209,20010227,     
  209,20010228,     
  209,20010301,     
  209,20010302,     
  209,20010303,     
  209,20010304,     
  209,20010305,     
  209,20010306,     
  209,20010307,     
  209,20010308,     
  209,20010309,     
  209,20010310,     
  209,20010311,     
  209,20010312,     
  209,20010313,     
  209,20010314,     
  209,20010315,     
  209,20010316,     
  209,20010317,     
  209,20010318,     
  209,20010319,     
  209,20010320,     
  209,20010321,     
  209,20010322,     
  209,20010323,     
  209,20010324,     
  209,20010325,     
  209,20010326,     
  209,20010327,     
  209,20010328,     
  209,20010329,     
  209,20010330,     
  209,20010331,     
  209,20010401,     
  209,20010402,     
  209,20010403,     
  209,20010404,     
  209,20010405,     
  209,20010406,     
  209,20010407,     
  209,20010408,     
  209,20010409,     
  209,20010410,     
  209,20010411,     
  209,20010412,     
  209,20010413,     
  209,20010414,     
  209,20010415,     
  209,20010416,     
  209,20010417,     
  209,20010418,     
  209,20010419,     
  209,20010420,     
  209,20010421,     
  209,20010422,     
  209,20010423,     
  209,20010424,     
  209,20010425,     
  209,20010426,     
  209,20010427,     
  209,20010428,     
  209,20010429,     
  209,20010430,     
  209,20010501,     
  209,20010502,     
  209,20010503,     
  209,20010504,     
  209,20010505,     
  209,20010506,     
  209,20010507,     
  209,20010508,     
  209,20010509,     
  209,20010510,     
  209,20010511,     
  209,20010512,     
  209,20010513,     
  209,20010514,     
  209,20010515,     
  209,20010516,     
  209,20010517,     
  209,20010518,     
  209,20010519,     
  209,20010520,     
  209,20010521,     
  209,20010522,     
  209,20010523,     
  209,20010524,     
  209,20010525,     
  209,20010526,     
  209,20010527,     
  209,20010528,     
  209,20010529,     
  209,20010530,     
  209,20010531,     
  209,20010601,     
  209,20010602,     
  209,20010603,     
  209,20010604,     
  209,20010605,     
  209,20010606,     
  209,20010607,     
  209,20010608,     
  209,20010609,     
  209,20010610,     
  209,20010611,     
  209,20010612,     
  209,20010613,     
  209,20010614,     
  209,20010615,     
  209,20010616,     
  209,20010617,     
  209,20010618,     
  209,20010619,     
  209,20010620,     
  209,20010621,     
  209,20010622,     
  209,20010623,     
  209,20010624,     
  209,20010625,     
  209,20010626,     
  209,20010627,     
  209,20010628,     
  209,20010629,     
  209,20010630,     
  209,20010701,     
  209,20010702,     
  209,20010703,     
  209,20010704,     
  209,20010705,     
  209,20010706,     
  209,20010707,     
  209,20010708,     
  209,20010709,     
  209,20010710,     
  209,20010711,     
  209,20010712,     
  209,20010713,     
  209,20010714,     
  209,20010715,     
  209,20010716,     
  209,20010717,     
  209,20010718,     
  209,20010719,     
  209,20010720,     
  209,20010721,     
  209,20010722,     
  209,20010723,     
  209,20010724,     
  209,20010725,     
  209,20010726,     
  210,19960726,    0
  210,19960727,   10
  210,19960728,    0
  210,19960729,    0
  210,19960730,    0
  210,19960731,    5
  210,19960801,    0
  210,19960802,    0
  210,19960803,    0
  210,19960804,    0
  210,19960805,    0
  210,19960806,  156
  210,19960807,    1
  210,19960808,    0
  210,19960809,   -1
  210,19960810,   89
  210,19960811,   80
  210,19960812,  177
  210,19960813,    3
  210,19960814,    0
  210,19960815,    0
  210,19960816,    0
  210,19960817,    0
  210,19960818,    0
  210,19960819,    0
  210,19960820,    1
  210,19960821,   17
  210,19960822,    0
  210,19960823,   23
  210,19960824,   56
  210,19960825,   51
  210,19960826,    7
  210,19960827,    0
  210,19960828,  158
  210,19960829,    6
  210,19960830,   83
  210,19960831,    2
  210,19960901,   20
  210,19960902,    0
  210,19960903,    0
  210,19960904,   -1
  210,19960905,    0
  210,19960906,    0
  210,19960907,    0
  210,19960908,    0
  210,19960909,   -1
  210,19960910,   14
  210,19960911,   39
  210,19960912,   54
  210,19960913,   77
  210,19960914,    2
  210,19960915,   17
  210,19960916,    0
  210,19960917,    0
  210,19960918,    0
  210,19960919,    0
  210,19960920,    0
  210,19960921,    0
  210,19960922,   30
  210,19960923,   20
  210,19960924,    0
  210,19960925,    0
  210,19960926,   51
  210,19960927,   75
  210,19960928,   -1
  210,19960929,   58
  210,19960930,   97
  210,19961001,   30
  210,19961002,    0
  210,19961003,   -1
  210,19961004,   91
  210,19961005,  182
  210,19961006,   54
  210,19961007,    0
  210,19961008,    0
  210,19961009,   18
  210,19961010,    6
  210,19961011,    0
  210,19961012,    0
  210,19961013,    0
  210,19961014,    0
  210,19961015,   19
  210,19961016,    0
  210,19961017,   -1
  210,19961018,   21
  210,19961019,    8
  210,19961020,  109
  210,19961021,    9
  210,19961022,    0
  210,19961023,    0
  210,19961024,    0
  210,19961025,   14
  210,19961026,    2
  210,19961027,   60
  210,19961028,    7
  210,19961029,  124
  210,19961030,   -1
  210,19961031,  119
  210,19961101,    5
  210,19961102,   17
  210,19961103,   40
  210,19961104,   91
  210,19961105,   46
  210,19961106,   63
  210,19961107,  183
  210,19961108,    1
  210,19961109,   10
  210,19961110,  121
  210,19961111,   66
  210,19961112,   20
  210,19961113,   43
  210,19961114,   23
  210,19961115,    0
  210,19961116,    0
  210,19961117,   -1
  210,19961118,   40
  210,19961119,   58
  210,19961120,   94
  210,19961121,   76
  210,19961122,  192
  210,19961123,  147
  210,19961124,   23
  210,19961125,  174
  210,19961126,   38
  210,19961127,    0
  210,19961128,    7
  210,19961129,  101
  210,19961130,   74
  210,19961201,   18
  210,19961202,   -1
  210,19961203,   86
  210,19961204,    3
  210,19961205,    0
  210,19961206,   -1
  210,19961207,   -1
  210,19961208,    0
  210,19961209,    0
  210,19961210,    0
  210,19961211,   -1
  210,19961212,   -1
  210,19961213,    3
  210,19961214,   -1
  210,19961215,   -1
  210,19961216,    0
  210,19961217,    0
  210,19961218,   20
  210,19961219,  202
  210,19961220,   -1
  210,19961221,    0
  210,19961222,    0
  210,19961223,    0
  210,19961224,    0
  210,19961225,   -1
  210,19961226,    0
  210,19961227,    0
  210,19961228,    0
  210,19961229,   35
  210,19961230,   -1
  210,19961231,    0
  210,19970101,    0
  210,19970102,    0
  210,19970103,    0
  210,19970104,    0
  210,19970105,    0
  210,19970106,    0
  210,19970107,   -1
  210,19970108,    0
  210,19970109,    0
  210,19970110,   -1
  210,19970111,    0
  210,19970112,    1
  210,19970113,   -1
  210,19970114,    0
  210,19970115,    0
  210,19970116,    0
  210,19970117,   -1
  210,19970118,   -1
  210,19970119,   20
  210,19970120,    1
  210,19970121,    0
  210,19970122,   -1
  210,19970123,   -1
  210,19970124,   16
  210,19970125,    0
  210,19970126,   -1
  210,19970127,   -1
  210,19970128,    1
  210,19970129,    0
  210,19970130,    0
  210,19970131,   -1
  210,19970201,    0
  210,19970202,   -1
  210,19970203,    0
  210,19970204,   90
  210,19970205,   31
  210,19970206,    0
  210,19970207,   30
  210,19970208,    0
  210,19970209,    2
  210,19970210,   33
  210,19970211,   36
  210,19970212,  119
  210,19970213,   76
  210,19970214,    0
  210,19970215,    0
  210,19970216,    8
  210,19970217,   44
  210,19970218,   80
  210,19970219,   27
  210,19970220,   -1
  210,19970221,    4
  210,19970222,    0
  210,19970223,    0
  210,19970224,   53
  210,19970225,   15
  210,19970226,   15
  210,19970227,    0
  210,19970228,    6
  210,19970301,    0
  210,19970302,    4
  210,19970303,    0
  210,19970304,   -1
  210,19970305,    0
  210,19970306,   30
  210,19970307,    0
  210,19970308,    0
  210,19970309,    0
  210,19970310,    0
  210,19970311,    0
  210,19970312,    0
  210,19970313,    0
  210,19970314,   15
  210,19970315,    1
  210,19970316,   -1
  210,19970317,    0
  210,19970318,   71
  210,19970319,   37
  210,19970320,    2
  210,19970321,    3
  210,19970322,    0
  210,19970323,   50
  210,19970324,    6
  210,19970325,    8
  210,19970326,    9
  210,19970327,    0
  210,19970328,   17
  210,19970329,    0
  210,19970330,    0
  210,19970331,    0
  210,19970401,    0
  210,19970402,    0
  210,19970403,   -1
  210,19970404,    3
  210,19970405,   39
  210,19970406,    0
  210,19970407,    0
  210,19970408,    0
  210,19970409,    0
  210,19970410,    0
  210,19970411,   -1
  210,19970412,   12
  210,19970413,    0
  210,19970414,    5
  210,19970415,   -1
  210,19970416,    1
  210,19970417,    0
  210,19970418,   -1
  210,19970419,   -1
  210,19970420,    0
  210,19970421,    1
  210,19970422,    3
  210,19970423,    0
  210,19970424,    0
  210,19970425,    7
  210,19970426,   12
  210,19970427,    1
  210,19970428,  124
  210,19970429,   11
  210,19970430,    0
  210,19970501,    0
  210,19970502,    0
  210,19970503,    0
  210,19970504,   36
  210,19970505,  173
  210,19970506,   48
  210,19970507,   -1
  210,19970508,   26
  210,19970509,   44
  210,19970510,   97
  210,19970511,   70
  210,19970512,    8
  210,19970513,    0
  210,19970514,   45
  210,19970515,    0
  210,19970516,   -1
  210,19970517,   -1
  210,19970518,   36
  210,19970519,    3
  210,19970520,   60
  210,19970521,   84
  210,19970522,   22
  210,19970523,    0
  210,19970524,    0
  210,19970525,    0
  210,19970526,   -1
  210,19970527,   -1
  210,19970528,    0
  210,19970529,    0
  210,19970530,    0
  210,19970531,    0
  210,19970601,    0
  210,19970602,    0
  210,19970603,    0
  210,19970604,    0
  210,19970605,    0
  210,19970606,    0
  210,19970607,  127
  210,19970608,   50
  210,19970609,    0
  210,19970610,    0
  210,19970611,  109
  210,19970612,    8
  210,19970613,   -1
  210,19970614,   -1
  210,19970615,    0
  210,19970616,    0
  210,19970617,    0
  210,19970618,    0
  210,19970619,   46
  210,19970620,   48
  210,19970621,   68
  210,19970622,   31
  210,19970623,   24
  210,19970624,   -1
  210,19970625,   11
  210,19970626,   17
  210,19970627,   56
  210,19970628,   11
  210,19970629,  277
  210,19970630,   -1
  210,19970701,   23
  210,19970702,   38
  210,19970703,    3
  210,19970704,   -1
  210,19970705,    0
  210,19970706,   32
  210,19970707,    0
  210,19970708,    0
  210,19970709,    0
  210,19970710,    0
  210,19970711,    0
  210,19970712,    0
  210,19970713,    0
  210,19970714,    0
  210,19970715,   65
  210,19970716,   14
  210,19970717,   28
  210,19970718,    6
  210,19970719,   -1
  210,19970720,    5
  210,19970721,   62
  210,19970722,   75
  210,19970723,    0
  210,19970724,    8
  210,19970725,   30
  210,19970726,   16
  210,19970727,    1
  210,19970728,    0
  210,19970729,    0
  210,19970730,   -1
  210,19970731,   18
  210,19970801,   80
  210,19970802,    1
  210,19970803,    0
  210,19970804,    0
  210,19970805,    0
  210,19970806,    0
  210,19970807,    0
  210,19970808,    0
  210,19970809,    0
  210,19970810,    0
  210,19970811,    0
  210,19970812,    0
  210,19970813,    0
  210,19970814,   -1
  210,19970815,    0
  210,19970816,    0
  210,19970817,    0
  210,19970818,    0
  210,19970819,    0
  210,19970820,    0
  210,19970821,    0
  210,19970822,   58
  210,19970823,    4
  210,19970824,   40
  210,19970825,   97
  210,19970826,   -1
  210,19970827,   91
  210,19970828,   36
  210,19970829,   81
  210,19970830,   33
  210,19970831,    0
  210,19970901,   65
  210,19970902,   11
  210,19970903,    1
  210,19970904,    3
  210,19970905,    0
  210,19970906,   27
  210,19970907,  110
  210,19970908,    0
  210,19970909,   -1
  210,19970910,    0
  210,19970911,    0
  210,19970912,   66
  210,19970913,    2
  210,19970914,    0
  210,19970915,    0
  210,19970916,    0
  210,19970917,    0
  210,19970918,    0
  210,19970919,    0
  210,19970920,    0
  210,19970921,    0
  210,19970922,    0
  210,19970923,    0
  210,19970924,    0
  210,19970925,    0
  210,19970926,    0
  210,19970927,    0
  210,19970928,    0
  210,19970929,    0
  210,19970930,   14
  210,19971001,   29
  210,19971002,    3
  210,19971003,   -1
  210,19971004,   -1
  210,19971005,    0
  210,19971006,   52
  210,19971007,   84
  210,19971008,  151
  210,19971009,   73
  210,19971010,  119
  210,19971011,   56
  210,19971012,   24
  210,19971013,   64
  210,19971014,  117
  210,19971015,   96
  210,19971016,    5
  210,19971017,    1
  210,19971018,    0
  210,19971019,    0
  210,19971020,    0
  210,19971021,    0
  210,19971022,    0
  210,19971023,    2
  210,19971024,   12
  210,19971025,   20
  210,19971026,   26
  210,19971027,    0
  210,19971028,    0
  210,19971029,    0
  210,19971030,    0
  210,19971031,    0
  210,19971101,    0
  210,19971102,   -1
  210,19971103,    0
  210,19971104,   15
  210,19971105,    3
  210,19971106,   34
  210,19971107,  119
  210,19971108,   15
  210,19971109,   -1
  210,19971110,    3
  210,19971111,    3
  210,19971112,    0
  210,19971113,    0
  210,19971114,   -1
  210,19971115,   26
  210,19971116,    0
  210,19971117,    0
  210,19971118,    0
  210,19971119,   21
  210,19971120,   38
  210,19971121,    2
  210,19971122,    3
  210,19971123,    9
  210,19971124,    0
  210,19971125,    0
  210,19971126,    4
  210,19971127,   95
  210,19971128,   48
  210,19971129,   12
  210,19971130,   25
  210,19971201,   51
  210,19971202,    1
  210,19971203,   -1
  210,19971204,    0
  210,19971205,   -1
  210,19971206,   33
  210,19971207,    0
  210,19971208,    1
  210,19971209,  105
  210,19971210,  124
  210,19971211,    9
  210,19971212,   30
  210,19971213,    3
  210,19971214,    6
  210,19971215,    0
  210,19971216,    0
  210,19971217,   -1
  210,19971218,    2
  210,19971219,   21
  210,19971220,    0
  210,19971221,   -1
  210,19971222,    0
  210,19971223,   12
  210,19971224,   65
  210,19971225,   51
  210,19971226,   41
  210,19971227,   44
  210,19971228,   63
  210,19971229,    3
  210,19971230,    0
  210,19971231,   36
  210,19980101,   31
  210,19980102,  103
  210,19980103,  109
  210,19980104,   39
  210,19980105,   71
  210,19980106,   39
  210,19980107,  125
  210,19980108,   26
  210,19980109,    0
  210,19980110,    0
  210,19980111,    0
  210,19980112,    0
  210,19980113,   -1
  210,19980114,   29
  210,19980115,   20
  210,19980116,   23
  210,19980117,    4
  210,19980118,  153
  210,19980119,  106
  210,19980120,    8
  210,19980121,    0
  210,19980122,    0
  210,19980123,   -1
  210,19980124,   -1
  210,19980125,    0
  210,19980126,    0
  210,19980127,    0
  210,19980128,    2
  210,19980129,    0
  210,19980130,    3
  210,19980131,    6
  210,19980201,    0
  210,19980202,   23
  210,19980203,    1
  210,19980204,    1
  210,19980205,    0
  210,19980206,    0
  210,19980207,   27
  210,19980208,    0
  210,19980209,    0
  210,19980210,    0
  210,19980211,    0
  210,19980212,    0
  210,19980213,    0
  210,19980214,    0
  210,19980215,    0
  210,19980216,   -1
  210,19980217,    0
  210,19980218,    0
  210,19980219,    0
  210,19980220,    0
  210,19980221,   69
  210,19980222,    2
  210,19980223,    8
  210,19980224,    0
  210,19980225,    0
  210,19980226,   -1
  210,19980227,   -1
  210,19980228,   46
  210,19980301,   10
  210,19980302,   38
  210,19980303,  116
  210,19980304,   58
  210,19980305,  104
  210,19980306,  248
  210,19980307,  107
  210,19980308,   27
  210,19980309,   -1
  210,19980310,   -1
  210,19980311,  105
  210,19980312,   10
  210,19980313,    4
  210,19980314,    3
  210,19980315,    0
  210,19980316,    0
  210,19980317,    0
  210,19980318,    0
  210,19980319,    0
  210,19980320,    8
  210,19980321,   -1
  210,19980322,   -1
  210,19980323,    3
  210,19980324,    0
  210,19980325,    0
  210,19980326,   80
  210,19980327,    0
  210,19980328,    0
  210,19980329,    0
  210,19980330,    0
  210,19980331,    0
  210,19980401,    2
  210,19980402,   40
  210,19980403,   61
  210,19980404,   49
  210,19980405,   23
  210,19980406,   29
  210,19980407,   40
  210,19980408,   -1
  210,19980409,  165
  210,19980410,   36
  210,19980411,    5
  210,19980412,   10
  210,19980413,   89
  210,19980414,  197
  210,19980415,   70
  210,19980416,   16
  210,19980417,    7
  210,19980418,    6
  210,19980419,    0
  210,19980420,   42
  210,19980421,   -1
  210,19980422,    0
  210,19980423,   16
  210,19980424,   26
  210,19980425,   99
  210,19980426,    0
  210,19980427,   20
  210,19980428,   48
  210,19980429,   -1
  210,19980430,   -1
  210,19980501,    0
  210,19980502,   92
  210,19980503,    0
  210,19980504,    0
  210,19980505,    2
  210,19980506,   20
  210,19980507,   -1
  210,19980508,    0
  210,19980509,    0
  210,19980510,    0
  210,19980511,    0
  210,19980512,    0
  210,19980513,    0
  210,19980514,    0
  210,19980515,    0
  210,19980516,    0
  210,19980517,    0
  210,19980518,    0
  210,19980519,    0
  210,19980520,   -1
  210,19980521,   -1
  210,19980522,   -1
  210,19980523,    8
  210,19980524,   24
  210,19980525,    3
  210,19980526,   68
  210,19980527,    3
  210,19980528,    2
  210,19980529,   62
  210,19980530,   -1
  210,19980531,    0
  210,19980601,    0
  210,19980602,   99
  210,19980603,    2
  210,19980604,    2
  210,19980605,   83
  210,19980606,  167
  210,19980607,    3
  210,19980608,    8
  210,19980609,  150
  210,19980610,   25
  210,19980611,  222
  210,19980612,   88
  210,19980613,   -1
  210,19980614,   59
  210,19980615,   28
  210,19980616,    3
  210,19980617,   17
  210,19980618,   89
  210,19980619,   -1
  210,19980620,    0
  210,19980621,    6
  210,19980622,    0
  210,19980623,   28
  210,19980624,   -1
  210,19980625,  110
  210,19980626,    0
  210,19980627,  149
  210,19980628,   23
  210,19980629,    2
  210,19980630,   53
  210,19980701,    0
  210,19980702,   -1
  210,19980703,    0
  210,19980704,   -1
  210,19980705,   -1
  210,19980706,   -1
  210,19980707,   28
  210,19980708,   14
  210,19980709,    2
  210,19980710,   -1
  210,19980711,    5
  210,19980712,  102
  210,19980713,   11
  210,19980714,   17
  210,19980715,    6
  210,19980716,   29
  210,19980717,    4
  210,19980718,    0
  210,19980719,    0
  210,19980720,    0
  210,19980721,    3
  210,19980722,    0
  210,19980723,   22
  210,19980724,    0
  210,19980725,    0
  210,19980726,    0
  210,19980727,   -1
  210,19980728,    0
  210,19980729,   55
  210,19980730,  161
  210,19980731,    1
  210,19980801,   47
  210,19980802,    0
  210,19980803,    8
  210,19980804,   51
  210,19980805,    0
  210,19980806,    0
  210,19980807,    0
  210,19980808,    0
  210,19980809,    0
  210,19980810,    0
  210,19980811,    0
  210,19980812,    0
  210,19980813,    0
  210,19980814,   -1
  210,19980815,   -1
  210,19980816,    0
  210,19980817,   -1
  210,19980818,    8
  210,19980819,    0
  210,19980820,   -1
  210,19980821,  223
  210,19980822,   11
  210,19980823,  193
  210,19980824,   36
  210,19980825,   -1
  210,19980826,   51
  210,19980827,  104
  210,19980828,   -1
  210,19980829,   41
  210,19980830,   18
  210,19980831,    0
  210,19980901,   59
  210,19980902,  133
  210,19980903,  164
  210,19980904,    0
  210,19980905,  114
  210,19980906,    3
  210,19980907,   12
  210,19980908,   23
  210,19980909,   71
  210,19980910,   99
  210,19980911,   37
  210,19980912,   73
  210,19980913,  378
  210,19980914,  278
  210,19980915,   38
  210,19980916,   25
  210,19980917,   22
  210,19980918,    0
  210,19980919,   36
  210,19980920,    0
  210,19980921,    0
  210,19980922,    0
  210,19980923,    0
  210,19980924,    0
  210,19980925,    2
  210,19980926,   -1
  210,19980927,   26
  210,19980928,    0
  210,19980929,   23
  210,19980930,   16
  210,19981001,    0
  210,19981002,   -1
  210,19981003,    2
  210,19981004,    2
  210,19981005,   19
  210,19981006,   -1
  210,19981007,   40
  210,19981008,  168
  210,19981009,   44
  210,19981010,   88
  210,19981011,   57
  210,19981012,   10
  210,19981013,   11
  210,19981014,   27
  210,19981015,   -1
  210,19981016,    4
  210,19981017,  104
  210,19981018,   19
  210,19981019,    3
  210,19981020,    1
  210,19981021,   32
  210,19981022,    1
  210,19981023,   48
  210,19981024,  332
  210,19981025,   49
  210,19981026,   29
  210,19981027,   89
  210,19981028,   45
  210,19981029,    4
  210,19981030,   32
  210,19981031,  153
  210,19981101,   69
  210,19981102,   97
  210,19981103,  188
  210,19981104,   47
  210,19981105,   51
  210,19981106,    2
  210,19981107,    0
  210,19981108,   97
  210,19981109,   68
  210,19981110,   78
  210,19981111,    2
  210,19981112,   22
  210,19981113,   80
  210,19981114,    8
  210,19981115,   59
  210,19981116,    2
  210,19981117,    0
  210,19981118,   54
  210,19981119,    1
  210,19981120,    0
  210,19981121,    0
  210,19981122,    0
  210,19981123,    0
  210,19981124,   -1
  210,19981125,   -1
  210,19981126,   48
  210,19981127,    1
  210,19981128,   15
  210,19981129,   52
  210,19981130,    0
  210,19981201,    0
  210,19981202,    0
  210,19981203,   -1
  210,19981204,   38
  210,19981205,   14
  210,19981206,    9
  210,19981207,    1
  210,19981208,   19
  210,19981209,   76
  210,19981210,    0
  210,19981211,   14
  210,19981212,   99
  210,19981213,   -1
  210,19981214,   27
  210,19981215,   73
  210,19981216,    0
  210,19981217,    0
  210,19981218,   13
  210,19981219,   48
  210,19981220,   25
  210,19981221,   14
  210,19981222,    6
  210,19981223,    6
  210,19981224,   70
  210,19981225,   66
  210,19981226,   50
  210,19981227,   43
  210,19981228,   15
  210,19981229,    0
  210,19981230,    0
  210,19981231,   -1
  210,19990101,   -1
  210,19990102,   89
  210,19990103,   58
  210,19990104,   44
  210,19990105,   20
  210,19990106,   -1
  210,19990107,   40
  210,19990108,   35
  210,19990109,    0
  210,19990110,    0
  210,19990111,    2
  210,19990112,   80
  210,19990113,   64
  210,19990114,   16
  210,19990115,   27
  210,19990116,   48
  210,19990117,    1
  210,19990118,    4
  210,19990119,   28
  210,19990120,    6
  210,19990121,   14
  210,19990122,    0
  210,19990123,    0
  210,19990124,   22
  210,19990125,   14
  210,19990126,  108
  210,19990127,   58
  210,19990128,   25
  210,19990129,    0
  210,19990130,    0
  210,19990131,    0
  210,19990201,    2
  210,19990202,    0
  210,19990203,   -1
  210,19990204,    0
  210,19990205,   20
  210,19990206,   51
  210,19990207,   25
  210,19990208,   59
  210,19990209,   10
  210,19990210,   40
  210,19990211,    2
  210,19990212,    0
  210,19990213,    0
  210,19990214,    9
  210,19990215,    4
  210,19990216,    8
  210,19990217,   37
  210,19990218,    3
  210,19990219,   34
  210,19990220,    0
  210,19990221,   51
  210,19990222,   57
  210,19990223,   89
  210,19990224,    1
  210,19990225,    4
  210,19990226,   14
  210,19990227,   27
  210,19990228,    1
  210,19990301,  155
  210,19990302,  139
  210,19990303,    1
  210,19990304,   18
  210,19990305,   27
  210,19990306,   11
  210,19990307,   88
  210,19990308,   14
  210,19990309,    3
  210,19990310,   22
  210,19990311,    0
  210,19990312,    0
  210,19990313,   -1
  210,19990314,    0
  210,19990315,    0
  210,19990316,    9
  210,19990317,    6
  210,19990318,   52
  210,19990319,    0
  210,19990320,   -1
  210,19990321,   89
  210,19990322,   43
  210,19990323,   64
  210,19990324,    0
  210,19990325,   12
  210,19990326,   67
  210,19990327,    0
  210,19990328,    0
  210,19990329,    0
  210,19990330,   46
  210,19990331,    0
  210,19990401,    0
  210,19990402,    2
  210,19990403,  113
  210,19990404,    0
  210,19990405,   -1
  210,19990406,   22
  210,19990407,   29
  210,19990408,   -1
  210,19990409,   -1
  210,19990410,   16
  210,19990411,    0
  210,19990412,   90
  210,19990413,   76
  210,19990414,   44
  210,19990415,   -1
  210,19990416,   -1
  210,19990417,   54
  210,19990418,    0
  210,19990419,   65
  210,19990420,   33
  210,19990421,   50
  210,19990422,   36
  210,19990423,   -1
  210,19990424,   11
  210,19990425,   -1
  210,19990426,    0
  210,19990427,    0
  210,19990428,    0
  210,19990429,   -1
  210,19990430,    0
  210,19990501,    0
  210,19990502,    0
  210,19990503,    0
  210,19990504,    0
  210,19990505,   74
  210,19990506,   44
  210,19990507,   15
  210,19990508,   -1
  210,19990509,    0
  210,19990510,   13
  210,19990511,   10
  210,19990512,    0
  210,19990513,   -1
  210,19990514,   -1
  210,19990515,    0
  210,19990516,   -1
  210,19990517,    0
  210,19990518,    0
  210,19990519,   -1
  210,19990520,   15
  210,19990521,    8
  210,19990522,   18
  210,19990523,    0
  210,19990524,   -1
  210,19990525,    0
  210,19990526,    0
  210,19990527,    0
  210,19990528,    0
  210,19990529,   13
  210,19990530,   68
  210,19990531,   13
  210,19990601,    0
  210,19990602,   56
  210,19990603,   39
  210,19990604,   47
  210,19990605,   78
  210,19990606,   23
  210,19990607,   87
  210,19990608,   74
  210,19990609,    0
  210,19990610,    1
  210,19990611,   15
  210,19990612,   -1
  210,19990613,   -1
  210,19990614,    0
  210,19990615,    0
  210,19990616,    0
  210,19990617,    0
  210,19990618,    0
  210,19990619,    0
  210,19990620,   43
  210,19990621,    4
  210,19990622,    0
  210,19990623,    5
  210,19990624,   12
  210,19990625,    0
  210,19990626,   -1
  210,19990627,   90
  210,19990628,   47
  210,19990629,  137
  210,19990630,   14
  210,19990701,    8
  210,19990702,    0
  210,19990703,   20
  210,19990704,  144
  210,19990705,   86
  210,19990706,    0
  210,19990707,    5
  210,19990708,    0
  210,19990709,    0
  210,19990710,    0
  210,19990711,    0
  210,19990712,    0
  210,19990713,    1
  210,19990714,    7
  210,19990715,    0
  210,19990716,    0
  210,19990717,    0
  210,19990718,    0
  210,19990719,   15
  210,19990720,    7
  210,19990721,    9
  210,19990722,   64
  210,19990723,    0
  210,19990724,    0
  210,19990725,    0
  210,19990726,    0
  210,19990727,    0
  210,19990728,    0
  210,19990729,    0
  210,19990730,    0
  210,19990731,    0
  210,19990801,    0
  210,19990802,    0
  210,19990803,   -1
  210,19990804,    0
  210,19990805,   70
  210,19990806,    0
  210,19990807,  140
  210,19990808,    8
  210,19990809,    0
  210,19990810,   92
  210,19990811,    1
  210,19990812,    0
  210,19990813,    2
  210,19990814,  121
  210,19990815,    8
  210,19990816,   52
  210,19990817,    5
  210,19990818,  370
  210,19990819,  145
  210,19990820,   30
  210,19990821,    2
  210,19990822,    0
  210,19990823,    0
  210,19990824,   -1
  210,19990825,   18
  210,19990826,    2
  210,19990827,    0
  210,19990828,    0
  210,19990829,    0
  210,19990830,    0
  210,19990831,   -1
  210,19990901,   -1
  210,19990902,    0
  210,19990903,    0
  210,19990904,    0
  210,19990905,    0
  210,19990906,    0
  210,19990907,    0
  210,19990908,    0
  210,19990909,    0
  210,19990910,    0
  210,19990911,    0
  210,19990912,    1
  210,19990913,    1
  210,19990914,    1
  210,19990915,  117
  210,19990916,   -1
  210,19990917,    7
  210,19990918,    0
  210,19990919,    1
  210,19990920,    6
  210,19990921,   44
  210,19990922,   87
  210,19990923,    7
  210,19990924,   74
  210,19990925,    9
  210,19990926,  143
  210,19990927,  108
  210,19990928,   15
  210,19990929,  215
  210,19990930,   79
  210,19991001,   36
  210,19991002,   61
  210,19991003,  150
  210,19991004,  400
  210,19991005,   90
  210,19991006,   46
  210,19991007,  115
  210,19991008,  129
  210,19991009,    9
  210,19991010,    1
  210,19991011,    6
  210,19991012,    0
  210,19991013,    0
  210,19991014,    0
  210,19991015,    0
  210,19991016,    0
  210,19991017,    0
  210,19991018,    0
  210,19991019,    0
  210,19991020,    0
  210,19991021,    8
  210,19991022,  149
  210,19991023,    0
  210,19991024,   14
  210,19991025,    4
  210,19991026,   -1
  210,19991027,    0
  210,19991028,   12
  210,19991029,    0
  210,19991030,   35
  210,19991031,    0
  210,19991101,   15
  210,19991102,   -1
  210,19991103,    0
  210,19991104,    0
  210,19991105,   16
  210,19991106,  189
  210,19991107,   46
  210,19991108,   26
  210,19991109,   21
  210,19991110,   29
  210,19991111,    0
  210,19991112,    0
  210,19991113,    6
  210,19991114,    9
  210,19991115,    0
  210,19991116,  107
  210,19991117,  115
  210,19991118,  137
  210,19991119,   36
  210,19991120,    1
  210,19991121,    3
  210,19991122,   32
  210,19991123,    0
  210,19991124,    0
  210,19991125,   40
  210,19991126,    0
  210,19991127,   37
  210,19991128,    0
  210,19991129,    4
  210,19991130,    6
  210,19991201,   10
  210,19991202,    2
  210,19991203,   37
  210,19991204,   19
  210,19991205,    7
  210,19991206,   11
  210,19991207,   44
  210,19991208,   18
  210,19991209,   23
  210,19991210,   25
  210,19991211,  142
  210,19991212,   78
  210,19991213,  115
  210,19991214,  133
  210,19991215,   66
  210,19991216,   11
  210,19991217,  133
  210,19991218,    4
  210,19991219,   47
  210,19991220,    4
  210,19991221,    0
  210,19991222,   24
  210,19991223,   32
  210,19991224,  162
  210,19991225,   29
  210,19991226,  282
  210,19991227,   37
  210,19991228,   24
  210,19991229,    8
  210,19991230,   29
  210,19991231,   -1
  210,20000101,   12
  210,20000102,    1
  210,20000103,   97
  210,20000104,   64
  210,20000105,    0
  210,20000106,   17
  210,20000107,    0
  210,20000108,   14
  210,20000109,    0
  210,20000110,    0
  210,20000111,    0
  210,20000112,    0
  210,20000113,   -1
  210,20000114,    0
  210,20000115,   -1
  210,20000116,    1
  210,20000117,    6
  210,20000118,    5
  210,20000119,    1
  210,20000120,    7
  210,20000121,   10
  210,20000122,   41
  210,20000123,    9
  210,20000124,    0
  210,20000125,    2
  210,20000126,    0
  210,20000127,    0
  210,20000128,    8
  210,20000129,   90
  210,20000130,    1
  210,20000131,    3
  210,20000201,   43
  210,20000202,   69
  210,20000203,    0
  210,20000204,    5
  210,20000205,    0
  210,20000206,    8
  210,20000207,   70
  210,20000208,   73
  210,20000209,    0
  210,20000210,  106
  210,20000211,    0
  210,20000212,   31
  210,20000213,    0
  210,20000214,   33
  210,20000215,   15
  210,20000216,   94
  210,20000217,    0
  210,20000218,   57
  210,20000219,    6
  210,20000220,    2
  210,20000221,   13
  210,20000222,    0
  210,20000223,    6
  210,20000224,  133
  210,20000225,   92
  210,20000226,    0
  210,20000227,    0
  210,20000228,   37
  210,20000229,   96
  210,20000301,    5
  210,20000302,  142
  210,20000303,   76
  210,20000304,   49
  210,20000305,   16
  210,20000306,    0
  210,20000307,   36
  210,20000308,   77
  210,20000309,    9
  210,20000310,   17
  210,20000311,   -1
  210,20000312,    0
  210,20000313,    0
  210,20000314,    7
  210,20000315,    5
  210,20000316,    1
  210,20000317,    0
  210,20000318,   20
  210,20000319,    0
  210,20000320,    0
  210,20000321,    0
  210,20000322,    0
  210,20000323,    0
  210,20000324,   44
  210,20000325,    9
  210,20000326,   17
  210,20000327,   15
  210,20000328,   -1
  210,20000329,   -1
  210,20000330,    0
  210,20000331,   -1
  210,20000401,   -1
  210,20000402,    7
  210,20000403,    4
  210,20000404,   16
  210,20000405,   -1
  210,20000406,    0
  210,20000407,    0
  210,20000408,    0
  210,20000409,    0
  210,20000410,    0
  210,20000411,    2
  210,20000412,   78
  210,20000413,   60
  210,20000414,    2
  210,20000415,  103
  210,20000416,    2
  210,20000417,   68
  210,20000418,    0
  210,20000419,    0
  210,20000420,    4
  210,20000421,   21
  210,20000422,   56
  210,20000423,   28
  210,20000424,    0
  210,20000425,   -1
  210,20000426,   11
  210,20000427,   -1
  210,20000428,   -1
  210,20000429,   18
  210,20000430,    7
  210,20000501,    0
  210,20000502,   -1
  210,20000503,   -1
  210,20000504,    0
  210,20000505,    0
  210,20000506,    0
  210,20000507,   -1
  210,20000508,    0
  210,20000509,   17
  210,20000510,   -1
  210,20000511,    0
  210,20000512,    0
  210,20000513,    0
  210,20000514,    0
  210,20000515,    0
  210,20000516,   18
  210,20000517,    5
  210,20000518,   42
  210,20000519,   11
  210,20000520,    7
  210,20000521,   92
  210,20000522,    0
  210,20000523,   65
  210,20000524,  103
  210,20000525,   61
  210,20000526,  125
  210,20000527,   17
  210,20000528,  299
  210,20000529,   15
  210,20000530,   63
  210,20000531,    0
  210,20000601,   19
  210,20000602,    0
  210,20000603,   43
  210,20000604,   -1
  210,20000605,   31
  210,20000606,   86
  210,20000607,    0
  210,20000608,    0
  210,20000609,    0
  210,20000610,    2
  210,20000611,    0
  210,20000612,   -1
  210,20000613,   -1
  210,20000614,   56
  210,20000615,    7
  210,20000616,    0
  210,20000617,    0
  210,20000618,    0
  210,20000619,    0
  210,20000620,    0
  210,20000621,    4
  210,20000622,    9
  210,20000623,   57
  210,20000624,   51
  210,20000625,    1
  210,20000626,    1
  210,20000627,    0
  210,20000628,   -1
  210,20000629,    0
  210,20000630,    0
  210,20000701,   21
  210,20000702,   -1
  210,20000703,   -1
  210,20000704,    0
  210,20000705,   37
  210,20000706,    0
  210,20000707,   -1
  210,20000708,   12
  210,20000709,   98
  210,20000710,  192
  210,20000711,   68
  210,20000712,   -1
  210,20000713,   53
  210,20000714,   72
  210,20000715,   94
  210,20000716,   14
  210,20000717,   10
  210,20000718,    6
  210,20000719,   -1
  210,20000720,    0
  210,20000721,   -1
  210,20000722,    0
  210,20000723,    0
  210,20000724,   -1
  210,20000725,    0
  210,20000726,    0
  210,20000727,   24
  210,20000728,    0
  210,20000729,    0
  210,20000730,    0
  210,20000731,    0
  210,20000801,   -1
  210,20000802,    0
  210,20000803,   23
  210,20000804,    0
  210,20000805,    0
  210,20000806,    0
  210,20000807,    4
  210,20000808,    3
  210,20000809,    0
  210,20000810,    3
  210,20000811,    0
  210,20000812,    0
  210,20000813,   16
  210,20000814,    8
  210,20000815,    0
  210,20000816,   -1
  210,20000817,    0
  210,20000818,   -1
  210,20000819,    1
  210,20000820,   77
  210,20000821,    5
  210,20000822,    0
  210,20000823,    0
  210,20000824,    0
  210,20000825,    0
  210,20000826,    0
  210,20000827,    7
  210,20000828,   91
  210,20000829,   52
  210,20000830,    0
  210,20000831,    0
  210,20000901,  167
  210,20000902,  119
  210,20000903,   49
  210,20000904,    3
  210,20000905,    1
  210,20000906,   93
  210,20000907,    2
  210,20000908,   47
  210,20000909,   21
  210,20000910,    0
  210,20000911,    0
  210,20000912,    0
  210,20000913,    0
  210,20000914,    0
  210,20000915,   35
  210,20000916,   83
  210,20000917,   64
  210,20000918,   -1
  210,20000919,   -1
  210,20000920,    1
  210,20000921,    0
  210,20000922,   -1
  210,20000923,    0
  210,20000924,   18
  210,20000925,   31
  210,20000926,   88
  210,20000927,   11
  210,20000928,   66
  210,20000929,    9
  210,20000930,    7
  210,20001001,   13
  210,20001002,   23
  210,20001003,    5
  210,20001004,    1
  210,20001005,   75
  210,20001006,   89
  210,20001007,   58
  210,20001008,  101
  210,20001009,   58
  210,20001010,  173
  210,20001011,   97
  210,20001012,    0
  210,20001013,    0
  210,20001014,    0
  210,20001015,   -1
  210,20001016,  163
  210,20001017,   38
  210,20001018,   40
  210,20001019,  113
  210,20001020,    5
  210,20001021,   -1
  210,20001022,    5
  210,20001023,   34
  210,20001024,   -1
  210,20001025,   24
  210,20001026,   50
  210,20001027,   69
  210,20001028,   60
  210,20001029,   95
  210,20001030,  110
  210,20001031,   48
  210,20001101,   62
  210,20001102,  110
  210,20001103,   23
  210,20001104,   25
  210,20001105,    4
  210,20001106,  104
  210,20001107,   70
  210,20001108,  309
  210,20001109,  346
  210,20001110,  284
  210,20001111,   12
  210,20001112,  102
  210,20001113,    0
  210,20001114,   14
  210,20001115,   13
  210,20001116,   68
  210,20001117,   71
  210,20001118,   26
  210,20001119,   98
  210,20001120,   67
  210,20001121,   72
  210,20001122,    7
  210,20001123,   16
  210,20001124,   24
  210,20001125,   92
  210,20001126,   33
  210,20001127,    1
  210,20001128,   60
  210,20001129,    1
  210,20001130,    0
  210,20001201,   23
  210,20001202,    0
  210,20001203,  173
  210,20001204,   10
  210,20001205,   -1
  210,20001206,   40
  210,20001207,   16
  210,20001208,   12
  210,20001209,   -1
  210,20001210,   96
  210,20001211,  111
  210,20001212,   59
  210,20001213,   54
  210,20001214,   47
  210,20001215,  104
  210,20001216,   26
  210,20001217,    0
  210,20001218,    0
  210,20001219,    0
  210,20001220,    0
  210,20001221,    0
  210,20001222,    0
  210,20001223,   10
  210,20001224,  102
  210,20001225,   -1
  210,20001226,    0
  210,20001227,   10
  210,20001228,    7
  210,20001229,   32
  210,20001230,   36
  210,20001231,   -1
  210,20010101,  107
  210,20010102,    1
  210,20010103,   46
  210,20010104,   46
  210,20010105,  193
  210,20010106,   28
  210,20010107,   -1
  210,20010108,   17
  210,20010109,    0
  210,20010110,    0
  210,20010111,    0
  210,20010112,    0
  210,20010113,    0
  210,20010114,    0
  210,20010115,    0
  210,20010116,    0
  210,20010117,    0
  210,20010118,   -1
  210,20010119,    1
  210,20010120,   29
  210,20010121,   81
  210,20010122,   10
  210,20010123,   38
  210,20010124,  106
  210,20010125,   -1
  210,20010126,    2
  210,20010127,  126
  210,20010128,    7
  210,20010129,    2
  210,20010130,    0
  210,20010131,    0
  210,20010201,    3
  210,20010202,   63
  210,20010203,   87
  210,20010204,  263
  210,20010205,   57
  210,20010206,   52
  210,20010207,   60
  210,20010208,  155
  210,20010209,   -1
  210,20010210,   12
  210,20010211,   -1
  210,20010212,   29
  210,20010213,    0
  210,20010214,    0
  210,20010215,    0
  210,20010216,   -1
  210,20010217,    0
  210,20010218,    0
  210,20010219,   -1
  210,20010220,    0
  210,20010221,   41
  210,20010222,   32
  210,20010223,   60
  210,20010224,   42
  210,20010225,   19
  210,20010226,   27
  210,20010227,   -1
  210,20010228,   12
  210,20010301,    5
  210,20010302,   -1
  210,20010303,    0
  210,20010304,    0
  210,20010305,    0
  210,20010306,    0
  210,20010307,   51
  210,20010308,   33
  210,20010309,    3
  210,20010310,   38
  210,20010311,   52
  210,20010312,   45
  210,20010313,   42
  210,20010314,    0
  210,20010315,    0
  210,20010316,    1
  210,20010317,   24
  210,20010318,   29
  210,20010319,   34
  210,20010320,    0
  210,20010321,   73
  210,20010322,    0
  210,20010323,  156
  210,20010324,    3
  210,20010325,    0
  210,20010326,    0
  210,20010327,   -1
  210,20010328,   49
  210,20010329,    1
  210,20010330,    0
  210,20010331,   -1
  210,20010401,    5
  210,20010402,    0
  210,20010403,   -1
  210,20010404,   44
  210,20010405,  149
  210,20010406,   49
  210,20010407,   41
  210,20010408,   11
  210,20010409,   -1
  210,20010410,   39
  210,20010411,   21
  210,20010412,    4
  210,20010413,   -1
  210,20010414,   98
  210,20010415,   26
  210,20010416,   47
  210,20010417,    8
  210,20010418,   66
  210,20010419,   30
  210,20010420,   26
  210,20010421,    0
  210,20010422,    0
  210,20010423,    0
  210,20010424,   22
  210,20010425,   72
  210,20010426,   11
  210,20010427,    6
  210,20010428,   32
  210,20010429,    8
  210,20010430,    1
  210,20010501,   -1
  210,20010502,    0
  210,20010503,   62
  210,20010504,   43
  210,20010505,    0
  210,20010506,    0
  210,20010507,    0
  210,20010508,    0
  210,20010509,    0
  210,20010510,    0
  210,20010511,    0
  210,20010512,    0
  210,20010513,    0
  210,20010514,   34
  210,20010515,   32
  210,20010516,  116
  210,20010517,   18
  210,20010518,    5
  210,20010519,    0
  210,20010520,    0
  210,20010521,    0
  210,20010522,    0
  210,20010523,    0
  210,20010524,    0
  210,20010525,    0
  210,20010526,    0
  210,20010527,   -1
  210,20010528,   11
  210,20010529,    0
  210,20010530,    0
  210,20010531,   10
  210,20010601,   41
  210,20010602,  118
  210,20010603,   24
  210,20010604,    0
  210,20010605,    0
  210,20010606,    7
  210,20010607,    1
  210,20010608,    0
  210,20010609,    0
  210,20010610,   22
  210,20010611,    0
  210,20010612,    0
  210,20010613,    0
  210,20010614,    0
  210,20010615,   71
  210,20010616,   48
  210,20010617,    6
  210,20010618,    0
  210,20010619,    0
  210,20010620,   -1
  210,20010621,    0
  210,20010622,    0
  210,20010623,    0
  210,20010624,    0
  210,20010625,    0
  210,20010626,    0
  210,20010627,   33
  210,20010628,   -1
  210,20010629,    0
  210,20010630,   15
  210,20010701,    0
  210,20010702,    0
  210,20010703,    0
  210,20010704,    0
  210,20010705,   45
  210,20010706,    1
  210,20010707,  101
  210,20010708,   28
  210,20010709,   -1
  210,20010710,   73
  210,20010711,   49
  210,20010712,   20
  210,20010713,    6
  210,20010714,   14
  210,20010715,    0
  210,20010716,    0
  210,20010717,   12
  210,20010718,  180
  210,20010719,    7
  210,20010720,   12
  210,20010721,   13
  210,20010722,    0
  210,20010723,    0
  210,20010724,    0
  210,20010725,    0
  210,20010726,    0
  225,19960726,     
  225,19960727,     
  225,19960728,     
  225,19960729,     
  225,19960730,     
  225,19960731,     
  225,19960801,     
  225,19960802,     
  225,19960803,     
  225,19960804,     
  225,19960805,     
  225,19960806,     
  225,19960807,     
  225,19960808,     
  225,19960809,     
  225,19960810,     
  225,19960811,     
  225,19960812,     
  225,19960813,     
  225,19960814,     
  225,19960815,     
  225,19960816,     
  225,19960817,     
  225,19960818,     
  225,19960819,     
  225,19960820,     
  225,19960821,     
  225,19960822,     
  225,19960823,     
  225,19960824,     
  225,19960825,     
  225,19960826,     
  225,19960827,     
  225,19960828,     
  225,19960829,     
  225,19960830,     
  225,19960831,     
  225,19960901,     
  225,19960902,     
  225,19960903,     
  225,19960904,     
  225,19960905,     
  225,19960906,     
  225,19960907,     
  225,19960908,     
  225,19960909,     
  225,19960910,     
  225,19960911,     
  225,19960912,     
  225,19960913,     
  225,19960914,     
  225,19960915,     
  225,19960916,     
  225,19960917,     
  225,19960918,     
  225,19960919,     
  225,19960920,     
  225,19960921,     
  225,19960922,     
  225,19960923,     
  225,19960924,     
  225,19960925,     
  225,19960926,     
  225,19960927,     
  225,19960928,     
  225,19960929,     
  225,19960930,     
  225,19961001,     
  225,19961002,     
  225,19961003,     
  225,19961004,     
  225,19961005,     
  225,19961006,     
  225,19961007,     
  225,19961008,     
  225,19961009,     
  225,19961010,     
  225,19961011,     
  225,19961012,     
  225,19961013,     
  225,19961014,     
  225,19961015,     
  225,19961016,     
  225,19961017,     
  225,19961018,     
  225,19961019,     
  225,19961020,     
  225,19961021,     
  225,19961022,     
  225,19961023,     
  225,19961024,     
  225,19961025,     
  225,19961026,     
  225,19961027,     
  225,19961028,     
  225,19961029,     
  225,19961030,     
  225,19961031,     
  225,19961101,     
  225,19961102,     
  225,19961103,     
  225,19961104,     
  225,19961105,     
  225,19961106,     
  225,19961107,     
  225,19961108,     
  225,19961109,     
  225,19961110,     
  225,19961111,     
  225,19961112,     
  225,19961113,     
  225,19961114,     
  225,19961115,     
  225,19961116,     
  225,19961117,     
  225,19961118,     
  225,19961119,     
  225,19961120,     
  225,19961121,     
  225,19961122,     
  225,19961123,     
  225,19961124,     
  225,19961125,     
  225,19961126,     
  225,19961127,     
  225,19961128,     
  225,19961129,     
  225,19961130,     
  225,19961201,     
  225,19961202,     
  225,19961203,     
  225,19961204,     
  225,19961205,     
  225,19961206,     
  225,19961207,     
  225,19961208,     
  225,19961209,     
  225,19961210,     
  225,19961211,     
  225,19961212,     
  225,19961213,     
  225,19961214,     
  225,19961215,     
  225,19961216,     
  225,19961217,     
  225,19961218,     
  225,19961219,     
  225,19961220,     
  225,19961221,     
  225,19961222,     
  225,19961223,     
  225,19961224,     
  225,19961225,     
  225,19961226,     
  225,19961227,     
  225,19961228,     
  225,19961229,     
  225,19961230,     
  225,19961231,     
  225,19970101,     
  225,19970102,     
  225,19970103,     
  225,19970104,     
  225,19970105,     
  225,19970106,     
  225,19970107,     
  225,19970108,     
  225,19970109,     
  225,19970110,     
  225,19970111,     
  225,19970112,     
  225,19970113,     
  225,19970114,     
  225,19970115,     
  225,19970116,     
  225,19970117,     
  225,19970118,     
  225,19970119,     
  225,19970120,     
  225,19970121,     
  225,19970122,     
  225,19970123,     
  225,19970124,     
  225,19970125,     
  225,19970126,     
  225,19970127,     
  225,19970128,     
  225,19970129,     
  225,19970130,     
  225,19970131,     
  225,19970201,     
  225,19970202,     
  225,19970203,     
  225,19970204,     
  225,19970205,     
  225,19970206,     
  225,19970207,     
  225,19970208,     
  225,19970209,     
  225,19970210,     
  225,19970211,     
  225,19970212,     
  225,19970213,     
  225,19970214,     
  225,19970215,     
  225,19970216,     
  225,19970217,     
  225,19970218,     
  225,19970219,     
  225,19970220,     
  225,19970221,     
  225,19970222,     
  225,19970223,     
  225,19970224,     
  225,19970225,     
  225,19970226,     
  225,19970227,     
  225,19970228,     
  225,19970301,     
  225,19970302,     
  225,19970303,     
  225,19970304,     
  225,19970305,     
  225,19970306,     
  225,19970307,     
  225,19970308,     
  225,19970309,     
  225,19970310,     
  225,19970311,     
  225,19970312,     
  225,19970313,     
  225,19970314,     
  225,19970315,     
  225,19970316,     
  225,19970317,     
  225,19970318,     
  225,19970319,     
  225,19970320,     
  225,19970321,     
  225,19970322,     
  225,19970323,     
  225,19970324,     
  225,19970325,     
  225,19970326,     
  225,19970327,     
  225,19970328,     
  225,19970329,     
  225,19970330,     
  225,19970331,     
  225,19970401,     
  225,19970402,     
  225,19970403,     
  225,19970404,     
  225,19970405,     
  225,19970406,     
  225,19970407,     
  225,19970408,     
  225,19970409,     
  225,19970410,     
  225,19970411,     
  225,19970412,     
  225,19970413,     
  225,19970414,     
  225,19970415,     
  225,19970416,     
  225,19970417,     
  225,19970418,     
  225,19970419,     
  225,19970420,     
  225,19970421,     
  225,19970422,     
  225,19970423,     
  225,19970424,     
  225,19970425,     
  225,19970426,     
  225,19970427,     
  225,19970428,     
  225,19970429,     
  225,19970430,     
  225,19970501,     
  225,19970502,     
  225,19970503,     
  225,19970504,     
  225,19970505,     
  225,19970506,     
  225,19970507,     
  225,19970508,     
  225,19970509,     
  225,19970510,     
  225,19970511,     
  225,19970512,     
  225,19970513,     
  225,19970514,     
  225,19970515,     
  225,19970516,     
  225,19970517,     
  225,19970518,     
  225,19970519,     
  225,19970520,     
  225,19970521,     
  225,19970522,     
  225,19970523,     
  225,19970524,     
  225,19970525,     
  225,19970526,     
  225,19970527,     
  225,19970528,     
  225,19970529,     
  225,19970530,     
  225,19970531,     
  225,19970601,     
  225,19970602,     
  225,19970603,     
  225,19970604,     
  225,19970605,     
  225,19970606,     
  225,19970607,     
  225,19970608,     
  225,19970609,     
  225,19970610,     
  225,19970611,     
  225,19970612,     
  225,19970613,     
  225,19970614,     
  225,19970615,     
  225,19970616,     
  225,19970617,     
  225,19970618,     
  225,19970619,     
  225,19970620,     
  225,19970621,     
  225,19970622,     
  225,19970623,     
  225,19970624,     
  225,19970625,     
  225,19970626,     
  225,19970627,     
  225,19970628,     
  225,19970629,     
  225,19970630,     
  225,19970701,     
  225,19970702,     
  225,19970703,     
  225,19970704,     
  225,19970705,     
  225,19970706,     
  225,19970707,     
  225,19970708,     
  225,19970709,     
  225,19970710,     
  225,19970711,     
  225,19970712,     
  225,19970713,     
  225,19970714,     
  225,19970715,     
  225,19970716,     
  225,19970717,     
  225,19970718,     
  225,19970719,     
  225,19970720,     
  225,19970721,     
  225,19970722,     
  225,19970723,     
  225,19970724,     
  225,19970725,     
  225,19970726,     
  225,19970727,     
  225,19970728,     
  225,19970729,     
  225,19970730,     
  225,19970731,     
  225,19970801,     
  225,19970802,     
  225,19970803,     
  225,19970804,     
  225,19970805,     
  225,19970806,     
  225,19970807,     
  225,19970808,     
  225,19970809,     
  225,19970810,     
  225,19970811,     
  225,19970812,     
  225,19970813,     
  225,19970814,     
  225,19970815,     
  225,19970816,     
  225,19970817,     
  225,19970818,     
  225,19970819,     
  225,19970820,     
  225,19970821,     
  225,19970822,     
  225,19970823,     
  225,19970824,     
  225,19970825,     
  225,19970826,     
  225,19970827,     
  225,19970828,     
  225,19970829,     
  225,19970830,     
  225,19970831,     
  225,19970901,     
  225,19970902,     
  225,19970903,     
  225,19970904,     
  225,19970905,     
  225,19970906,     
  225,19970907,     
  225,19970908,     
  225,19970909,     
  225,19970910,     
  225,19970911,     
  225,19970912,     
  225,19970913,     
  225,19970914,     
  225,19970915,     
  225,19970916,     
  225,19970917,     
  225,19970918,     
  225,19970919,     
  225,19970920,     
  225,19970921,     
  225,19970922,     
  225,19970923,     
  225,19970924,     
  225,19970925,     
  225,19970926,     
  225,19970927,     
  225,19970928,     
  225,19970929,     
  225,19970930,     
  225,19971001,     
  225,19971002,     
  225,19971003,     
  225,19971004,     
  225,19971005,     
  225,19971006,     
  225,19971007,     
  225,19971008,     
  225,19971009,     
  225,19971010,     
  225,19971011,     
  225,19971012,     
  225,19971013,     
  225,19971014,     
  225,19971015,     
  225,19971016,     
  225,19971017,     
  225,19971018,     
  225,19971019,     
  225,19971020,     
  225,19971021,     
  225,19971022,     
  225,19971023,     
  225,19971024,     
  225,19971025,     
  225,19971026,     
  225,19971027,     
  225,19971028,     
  225,19971029,     
  225,19971030,     
  225,19971031,     
  225,19971101,     
  225,19971102,     
  225,19971103,     
  225,19971104,     
  225,19971105,     
  225,19971106,     
  225,19971107,     
  225,19971108,     
  225,19971109,     
  225,19971110,     
  225,19971111,     
  225,19971112,     
  225,19971113,     
  225,19971114,     
  225,19971115,     
  225,19971116,     
  225,19971117,     
  225,19971118,     
  225,19971119,     
  225,19971120,     
  225,19971121,     
  225,19971122,     
  225,19971123,     
  225,19971124,     
  225,19971125,     
  225,19971126,     
  225,19971127,     
  225,19971128,     
  225,19971129,     
  225,19971130,     
  225,19971201,     
  225,19971202,     
  225,19971203,     
  225,19971204,     
  225,19971205,     
  225,19971206,     
  225,19971207,     
  225,19971208,     
  225,19971209,     
  225,19971210,     
  225,19971211,     
  225,19971212,     
  225,19971213,     
  225,19971214,     
  225,19971215,     
  225,19971216,     
  225,19971217,     
  225,19971218,     
  225,19971219,     
  225,19971220,     
  225,19971221,     
  225,19971222,     
  225,19971223,     
  225,19971224,     
  225,19971225,     
  225,19971226,     
  225,19971227,     
  225,19971228,     
  225,19971229,     
  225,19971230,     
  225,19971231,     
  225,19980101,     
  225,19980102,     
  225,19980103,     
  225,19980104,     
  225,19980105,     
  225,19980106,     
  225,19980107,     
  225,19980108,     
  225,19980109,     
  225,19980110,     
  225,19980111,     
  225,19980112,     
  225,19980113,     
  225,19980114,     
  225,19980115,     
  225,19980116,     
  225,19980117,     
  225,19980118,     
  225,19980119,     
  225,19980120,     
  225,19980121,     
  225,19980122,     
  225,19980123,     
  225,19980124,     
  225,19980125,     
  225,19980126,     
  225,19980127,     
  225,19980128,     
  225,19980129,     
  225,19980130,     
  225,19980131,     
  225,19980201,     
  225,19980202,     
  225,19980203,     
  225,19980204,     
  225,19980205,     
  225,19980206,     
  225,19980207,     
  225,19980208,     
  225,19980209,     
  225,19980210,     
  225,19980211,     
  225,19980212,     
  225,19980213,     
  225,19980214,     
  225,19980215,     
  225,19980216,     
  225,19980217,     
  225,19980218,     
  225,19980219,     
  225,19980220,     
  225,19980221,     
  225,19980222,     
  225,19980223,     
  225,19980224,     
  225,19980225,     
  225,19980226,     
  225,19980227,     
  225,19980228,     
  225,19980301,     
  225,19980302,     
  225,19980303,     
  225,19980304,     
  225,19980305,     
  225,19980306,     
  225,19980307,     
  225,19980308,     
  225,19980309,     
  225,19980310,     
  225,19980311,     
  225,19980312,     
  225,19980313,     
  225,19980314,     
  225,19980315,     
  225,19980316,     
  225,19980317,     
  225,19980318,     
  225,19980319,     
  225,19980320,     
  225,19980321,     
  225,19980322,     
  225,19980323,     
  225,19980324,     
  225,19980325,     
  225,19980326,     
  225,19980327,     
  225,19980328,     
  225,19980329,     
  225,19980330,     
  225,19980331,     
  225,19980401,     
  225,19980402,     
  225,19980403,     
  225,19980404,     
  225,19980405,     
  225,19980406,     
  225,19980407,     
  225,19980408,     
  225,19980409,     
  225,19980410,     
  225,19980411,     
  225,19980412,     
  225,19980413,     
  225,19980414,     
  225,19980415,     
  225,19980416,     
  225,19980417,     
  225,19980418,     
  225,19980419,     
  225,19980420,     
  225,19980421,     
  225,19980422,     
  225,19980423,     
  225,19980424,     
  225,19980425,     
  225,19980426,     
  225,19980427,     
  225,19980428,     
  225,19980429,     
  225,19980430,     
  225,19980501,     
  225,19980502,     
  225,19980503,     
  225,19980504,     
  225,19980505,     
  225,19980506,     
  225,19980507,     
  225,19980508,     
  225,19980509,     
  225,19980510,     
  225,19980511,     
  225,19980512,     
  225,19980513,     
  225,19980514,     
  225,19980515,     
  225,19980516,     
  225,19980517,     
  225,19980518,     
  225,19980519,     
  225,19980520,     
  225,19980521,     
  225,19980522,     
  225,19980523,     
  225,19980524,     
  225,19980525,     
  225,19980526,     
  225,19980527,     
  225,19980528,     
  225,19980529,     
  225,19980530,     
  225,19980531,     
  225,19980601,     
  225,19980602,     
  225,19980603,     
  225,19980604,     
  225,19980605,     
  225,19980606,     
  225,19980607,     
  225,19980608,     
  225,19980609,     
  225,19980610,     
  225,19980611,     
  225,19980612,     
  225,19980613,     
  225,19980614,     
  225,19980615,     
  225,19980616,     
  225,19980617,     
  225,19980618,     
  225,19980619,     
  225,19980620,     
  225,19980621,     
  225,19980622,     
  225,19980623,     
  225,19980624,     
  225,19980625,     
  225,19980626,     
  225,19980627,     
  225,19980628,     
  225,19980629,     
  225,19980630,     
  225,19980701,     
  225,19980702,     
  225,19980703,     
  225,19980704,     
  225,19980705,     
  225,19980706,     
  225,19980707,     
  225,19980708,     
  225,19980709,     
  225,19980710,     
  225,19980711,     
  225,19980712,     
  225,19980713,     
  225,19980714,     
  225,19980715,     
  225,19980716,     
  225,19980717,     
  225,19980718,     
  225,19980719,     
  225,19980720,     
  225,19980721,     
  225,19980722,     
  225,19980723,     
  225,19980724,     
  225,19980725,     
  225,19980726,     
  225,19980727,     
  225,19980728,     
  225,19980729,     
  225,19980730,     
  225,19980731,     
  225,19980801,     
  225,19980802,     
  225,19980803,     
  225,19980804,     
  225,19980805,     
  225,19980806,     
  225,19980807,     
  225,19980808,     
  225,19980809,     
  225,19980810,     
  225,19980811,     
  225,19980812,     
  225,19980813,     
  225,19980814,     
  225,19980815,     
  225,19980816,     
  225,19980817,     
  225,19980818,     
  225,19980819,     
  225,19980820,     
  225,19980821,     
  225,19980822,     
  225,19980823,     
  225,19980824,     
  225,19980825,     
  225,19980826,     
  225,19980827,     
  225,19980828,     
  225,19980829,     
  225,19980830,     
  225,19980831,     
  225,19980901,     
  225,19980902,     
  225,19980903,     
  225,19980904,     
  225,19980905,     
  225,19980906,     
  225,19980907,     
  225,19980908,     
  225,19980909,     
  225,19980910,     
  225,19980911,     
  225,19980912,     
  225,19980913,     
  225,19980914,     
  225,19980915,     
  225,19980916,     
  225,19980917,     
  225,19980918,     
  225,19980919,     
  225,19980920,     
  225,19980921,     
  225,19980922,     
  225,19980923,     
  225,19980924,     
  225,19980925,     
  225,19980926,     
  225,19980927,     
  225,19980928,     
  225,19980929,     
  225,19980930,     
  225,19981001,     
  225,19981002,     
  225,19981003,     
  225,19981004,     
  225,19981005,     
  225,19981006,     
  225,19981007,     
  225,19981008,     
  225,19981009,     
  225,19981010,     
  225,19981011,     
  225,19981012,     
  225,19981013,     
  225,19981014,     
  225,19981015,     
  225,19981016,     
  225,19981017,     
  225,19981018,     
  225,19981019,     
  225,19981020,     
  225,19981021,     
  225,19981022,     
  225,19981023,     
  225,19981024,     
  225,19981025,     
  225,19981026,     
  225,19981027,     
  225,19981028,     
  225,19981029,     
  225,19981030,     
  225,19981031,     
  225,19981101,     
  225,19981102,     
  225,19981103,     
  225,19981104,     
  225,19981105,     
  225,19981106,     
  225,19981107,     
  225,19981108,     
  225,19981109,     
  225,19981110,     
  225,19981111,     
  225,19981112,     
  225,19981113,     
  225,19981114,     
  225,19981115,     
  225,19981116,     
  225,19981117,     
  225,19981118,     
  225,19981119,     
  225,19981120,     
  225,19981121,     
  225,19981122,     
  225,19981123,     
  225,19981124,     
  225,19981125,     
  225,19981126,     
  225,19981127,     
  225,19981128,     
  225,19981129,     
  225,19981130,     
  225,19981201,     
  225,19981202,     
  225,19981203,     
  225,19981204,     
  225,19981205,     
  225,19981206,     
  225,19981207,     
  225,19981208,     
  225,19981209,     
  225,19981210,     
  225,19981211,     
  225,19981212,     
  225,19981213,     
  225,19981214,     
  225,19981215,     
  225,19981216,     
  225,19981217,     
  225,19981218,     
  225,19981219,     
  225,19981220,     
  225,19981221,     
  225,19981222,     
  225,19981223,     
  225,19981224,     
  225,19981225,     
  225,19981226,     
  225,19981227,     
  225,19981228,     
  225,19981229,     
  225,19981230,     
  225,19981231,     
  225,19990101,     
  225,19990102,     
  225,19990103,     
  225,19990104,     
  225,19990105,     
  225,19990106,     
  225,19990107,     
  225,19990108,     
  225,19990109,     
  225,19990110,     
  225,19990111,     
  225,19990112,     
  225,19990113,     
  225,19990114,     
  225,19990115,     
  225,19990116,     
  225,19990117,     
  225,19990118,     
  225,19990119,     
  225,19990120,     
  225,19990121,     
  225,19990122,     
  225,19990123,     
  225,19990124,     
  225,19990125,     
  225,19990126,     
  225,19990127,     
  225,19990128,     
  225,19990129,     
  225,19990130,     
  225,19990131,     
  225,19990201,     
  225,19990202,     
  225,19990203,     
  225,19990204,     
  225,19990205,     
  225,19990206,     
  225,19990207,     
  225,19990208,     
  225,19990209,     
  225,19990210,     
  225,19990211,     
  225,19990212,     
  225,19990213,     
  225,19990214,     
  225,19990215,     
  225,19990216,     
  225,19990217,     
  225,19990218,     
  225,19990219,     
  225,19990220,     
  225,19990221,     
  225,19990222,     
  225,19990223,     
  225,19990224,     
  225,19990225,     
  225,19990226,     
  225,19990227,     
  225,19990228,     
  225,19990301,     
  225,19990302,     
  225,19990303,     
  225,19990304,     
  225,19990305,     
  225,19990306,     
  225,19990307,     
  225,19990308,     
  225,19990309,     
  225,19990310,     
  225,19990311,     
  225,19990312,     
  225,19990313,     
  225,19990314,     
  225,19990315,     
  225,19990316,     
  225,19990317,     
  225,19990318,     
  225,19990319,     
  225,19990320,     
  225,19990321,     
  225,19990322,     
  225,19990323,     
  225,19990324,     
  225,19990325,     
  225,19990326,     
  225,19990327,     
  225,19990328,     
  225,19990329,     
  225,19990330,     
  225,19990331,     
  225,19990401,     
  225,19990402,     
  225,19990403,     
  225,19990404,     
  225,19990405,     
  225,19990406,     
  225,19990407,     
  225,19990408,     
  225,19990409,     
  225,19990410,     
  225,19990411,     
  225,19990412,     
  225,19990413,     
  225,19990414,     
  225,19990415,     
  225,19990416,     
  225,19990417,     
  225,19990418,     
  225,19990419,     
  225,19990420,     
  225,19990421,     
  225,19990422,     
  225,19990423,     
  225,19990424,     
  225,19990425,     
  225,19990426,     
  225,19990427,     
  225,19990428,     
  225,19990429,     
  225,19990430,     
  225,19990501,     
  225,19990502,     
  225,19990503,     
  225,19990504,     
  225,19990505,     
  225,19990506,     
  225,19990507,     
  225,19990508,     
  225,19990509,     
  225,19990510,     
  225,19990511,     
  225,19990512,     
  225,19990513,     
  225,19990514,     
  225,19990515,     
  225,19990516,     
  225,19990517,     
  225,19990518,     
  225,19990519,     
  225,19990520,     
  225,19990521,     
  225,19990522,     
  225,19990523,     
  225,19990524,     
  225,19990525,     
  225,19990526,     
  225,19990527,     
  225,19990528,     
  225,19990529,     
  225,19990530,     
  225,19990531,     
  225,19990601,     
  225,19990602,     
  225,19990603,     
  225,19990604,     
  225,19990605,     
  225,19990606,     
  225,19990607,     
  225,19990608,     
  225,19990609,     
  225,19990610,     
  225,19990611,     
  225,19990612,     
  225,19990613,     
  225,19990614,     
  225,19990615,     
  225,19990616,     
  225,19990617,     
  225,19990618,     
  225,19990619,     
  225,19990620,     
  225,19990621,     
  225,19990622,     
  225,19990623,     
  225,19990624,     
  225,19990625,     
  225,19990626,     
  225,19990627,     
  225,19990628,     
  225,19990629,     
  225,19990630,     
  225,19990701,     
  225,19990702,     
  225,19990703,     
  225,19990704,     
  225,19990705,     
  225,19990706,     
  225,19990707,     
  225,19990708,     
  225,19990709,     
  225,19990710,     
  225,19990711,     
  225,19990712,     
  225,19990713,     
  225,19990714,     
  225,19990715,     
  225,19990716,     
  225,19990717,     
  225,19990718,     
  225,19990719,     
  225,19990720,     
  225,19990721,     
  225,19990722,     
  225,19990723,     
  225,19990724,     
  225,19990725,     
  225,19990726,     
  225,19990727,     
  225,19990728,     
  225,19990729,     
  225,19990730,     
  225,19990731,     
  225,19990801,     
  225,19990802,     
  225,19990803,     
  225,19990804,     
  225,19990805,     
  225,19990806,     
  225,19990807,     
  225,19990808,     
  225,19990809,     
  225,19990810,     
  225,19990811,     
  225,19990812,     
  225,19990813,     
  225,19990814,     
  225,19990815,     
  225,19990816,     
  225,19990817,     
  225,19990818,     
  225,19990819,     
  225,19990820,     
  225,19990821,     
  225,19990822,     
  225,19990823,     
  225,19990824,     
  225,19990825,     
  225,19990826,     
  225,19990827,     
  225,19990828,     
  225,19990829,     
  225,19990830,     
  225,19990831,     
  225,19990901,     
  225,19990902,     
  225,19990903,     
  225,19990904,     
  225,19990905,     
  225,19990906,     
  225,19990907,     
  225,19990908,     
  225,19990909,     
  225,19990910,     
  225,19990911,     
  225,19990912,     
  225,19990913,     
  225,19990914,     
  225,19990915,     
  225,19990916,     
  225,19990917,     
  225,19990918,     
  225,19990919,     
  225,19990920,     
  225,19990921,     
  225,19990922,     
  225,19990923,     
  225,19990924,     
  225,19990925,     
  225,19990926,     
  225,19990927,     
  225,19990928,     
  225,19990929,     
  225,19990930,     
  225,19991001,     
  225,19991002,     
  225,19991003,     
  225,19991004,     
  225,19991005,     
  225,19991006,     
  225,19991007,     
  225,19991008,     
  225,19991009,     
  225,19991010,     
  225,19991011,     
  225,19991012,     
  225,19991013,     
  225,19991014,     
  225,19991015,     
  225,19991016,     
  225,19991017,     
  225,19991018,     
  225,19991019,     
  225,19991020,     
  225,19991021,     
  225,19991022,     
  225,19991023,     
  225,19991024,     
  225,19991025,     
  225,19991026,     
  225,19991027,     
  225,19991028,     
  225,19991029,     
  225,19991030,     
  225,19991031,     
  225,19991101,     
  225,19991102,     
  225,19991103,     
  225,19991104,     
  225,19991105,     
  225,19991106,     
  225,19991107,     
  225,19991108,     
  225,19991109,     
  225,19991110,     
  225,19991111,     
  225,19991112,     
  225,19991113,     
  225,19991114,     
  225,19991115,     
  225,19991116,     
  225,19991117,     
  225,19991118,     
  225,19991119,     
  225,19991120,     
  225,19991121,     
  225,19991122,     
  225,19991123,     
  225,19991124,     
  225,19991125,     
  225,19991126,     
  225,19991127,     
  225,19991128,     
  225,19991129,     
  225,19991130,     
  225,19991201,     
  225,19991202,     
  225,19991203,     
  225,19991204,     
  225,19991205,     
  225,19991206,     
  225,19991207,     
  225,19991208,     
  225,19991209,     
  225,19991210,     
  225,19991211,     
  225,19991212,     
  225,19991213,     
  225,19991214,     
  225,19991215,     
  225,19991216,     
  225,19991217,     
  225,19991218,     
  225,19991219,     
  225,19991220,     
  225,19991221,     
  225,19991222,     
  225,19991223,     
  225,19991224,     
  225,19991225,     
  225,19991226,     
  225,19991227,     
  225,19991228,     
  225,19991229,     
  225,19991230,     
  225,19991231,     
  225,20000101,     
  225,20000102,     
  225,20000103,     
  225,20000104,     
  225,20000105,     
  225,20000106,     
  225,20000107,     
  225,20000108,     
  225,20000109,     
  225,20000110,     
  225,20000111,     
  225,20000112,     
  225,20000113,     
  225,20000114,     
  225,20000115,     
  225,20000116,     
  225,20000117,     
  225,20000118,     
  225,20000119,     
  225,20000120,     
  225,20000121,     
  225,20000122,     
  225,20000123,     
  225,20000124,     
  225,20000125,     
  225,20000126,     
  225,20000127,     
  225,20000128,     
  225,20000129,     
  225,20000130,     
  225,20000131,     
  225,20000201,     
  225,20000202,     
  225,20000203,     
  225,20000204,     
  225,20000205,     
  225,20000206,     
  225,20000207,     
  225,20000208,     
  225,20000209,     
  225,20000210,     
  225,20000211,     
  225,20000212,     
  225,20000213,     
  225,20000214,     
  225,20000215,     
  225,20000216,     
  225,20000217,     
  225,20000218,     
  225,20000219,     
  225,20000220,     
  225,20000221,     
  225,20000222,     
  225,20000223,     
  225,20000224,     
  225,20000225,     
  225,20000226,     
  225,20000227,     
  225,20000228,     
  225,20000229,     
  225,20000301,     
  225,20000302,     
  225,20000303,     
  225,20000304,     
  225,20000305,     
  225,20000306,     
  225,20000307,     
  225,20000308,     
  225,20000309,     
  225,20000310,     
  225,20000311,     
  225,20000312,     
  225,20000313,     
  225,20000314,     
  225,20000315,     
  225,20000316,     
  225,20000317,     
  225,20000318,     
  225,20000319,     
  225,20000320,     
  225,20000321,     
  225,20000322,     
  225,20000323,     
  225,20000324,     
  225,20000325,     
  225,20000326,     
  225,20000327,     
  225,20000328,     
  225,20000329,     
  225,20000330,     
  225,20000331,     
  225,20000401,     
  225,20000402,     
  225,20000403,     
  225,20000404,     
  225,20000405,     
  225,20000406,     
  225,20000407,     
  225,20000408,     
  225,20000409,     
  225,20000410,     
  225,20000411,     
  225,20000412,     
  225,20000413,     
  225,20000414,     
  225,20000415,     
  225,20000416,     
  225,20000417,     
  225,20000418,     
  225,20000419,     
  225,20000420,     
  225,20000421,     
  225,20000422,     
  225,20000423,     
  225,20000424,     
  225,20000425,     
  225,20000426,     
  225,20000427,     
  225,20000428,     
  225,20000429,     
  225,20000430,     
  225,20000501,     
  225,20000502,     
  225,20000503,     
  225,20000504,     
  225,20000505,     
  225,20000506,     
  225,20000507,     
  225,20000508,     
  225,20000509,     
  225,20000510,     
  225,20000511,     
  225,20000512,     
  225,20000513,     
  225,20000514,     
  225,20000515,     
  225,20000516,     
  225,20000517,     
  225,20000518,     
  225,20000519,     
  225,20000520,     
  225,20000521,     
  225,20000522,     
  225,20000523,     
  225,20000524,     
  225,20000525,     
  225,20000526,     
  225,20000527,     
  225,20000528,     
  225,20000529,     
  225,20000530,     
  225,20000531,     
  225,20000601,     
  225,20000602,     
  225,20000603,     
  225,20000604,     
  225,20000605,     
  225,20000606,     
  225,20000607,     
  225,20000608,     
  225,20000609,     
  225,20000610,     
  225,20000611,     
  225,20000612,     
  225,20000613,     
  225,20000614,     
  225,20000615,     
  225,20000616,     
  225,20000617,     
  225,20000618,     
  225,20000619,     
  225,20000620,     
  225,20000621,     
  225,20000622,     
  225,20000623,     
  225,20000624,     
  225,20000625,     
  225,20000626,     
  225,20000627,     
  225,20000628,     
  225,20000629,     
  225,20000630,     
  225,20000701,     
  225,20000702,     
  225,20000703,     
  225,20000704,     
  225,20000705,     
  225,20000706,     
  225,20000707,     
  225,20000708,     
  225,20000709,     
  225,20000710,     
  225,20000711,     
  225,20000712,     
  225,20000713,     
  225,20000714,     
  225,20000715,     
  225,20000716,     
  225,20000717,     
  225,20000718,     
  225,20000719,     
  225,20000720,     
  225,20000721,     
  225,20000722,     
  225,20000723,     
  225,20000724,     
  225,20000725,     
  225,20000726,     
  225,20000727,     
  225,20000728,     
  225,20000729,     
  225,20000730,     
  225,20000731,     
  225,20000801,     
  225,20000802,     
  225,20000803,     
  225,20000804,     
  225,20000805,     
  225,20000806,     
  225,20000807,     
  225,20000808,     
  225,20000809,     
  225,20000810,     
  225,20000811,     
  225,20000812,     
  225,20000813,     
  225,20000814,     
  225,20000815,     
  225,20000816,     
  225,20000817,     
  225,20000818,     
  225,20000819,     
  225,20000820,     
  225,20000821,     
  225,20000822,     
  225,20000823,     
  225,20000824,     
  225,20000825,     
  225,20000826,     
  225,20000827,     
  225,20000828,     
  225,20000829,     
  225,20000830,     
  225,20000831,     
  225,20000901,     
  225,20000902,     
  225,20000903,     
  225,20000904,     
  225,20000905,     
  225,20000906,     
  225,20000907,     
  225,20000908,     
  225,20000909,     
  225,20000910,     
  225,20000911,     
  225,20000912,     
  225,20000913,     
  225,20000914,     
  225,20000915,     
  225,20000916,     
  225,20000917,     
  225,20000918,     
  225,20000919,     
  225,20000920,     
  225,20000921,     
  225,20000922,     
  225,20000923,     
  225,20000924,     
  225,20000925,     
  225,20000926,     
  225,20000927,     
  225,20000928,     
  225,20000929,     
  225,20000930,     
  225,20001001,     
  225,20001002,     
  225,20001003,     
  225,20001004,     
  225,20001005,     
  225,20001006,     
  225,20001007,     
  225,20001008,     
  225,20001009,     
  225,20001010,     
  225,20001011,     
  225,20001012,     
  225,20001013,     
  225,20001014,     
  225,20001015,     
  225,20001016,     
  225,20001017,     
  225,20001018,     
  225,20001019,     
  225,20001020,     
  225,20001021,     
  225,20001022,     
  225,20001023,     
  225,20001024,     
  225,20001025,     
  225,20001026,     
  225,20001027,     
  225,20001028,     
  225,20001029,     
  225,20001030,     
  225,20001031,     
  225,20001101,     
  225,20001102,     
  225,20001103,     
  225,20001104,     
  225,20001105,     
  225,20001106,     
  225,20001107,     
  225,20001108,     
  225,20001109,     
  225,20001110,     
  225,20001111,     
  225,20001112,     
  225,20001113,     
  225,20001114,     
  225,20001115,     
  225,20001116,     
  225,20001117,     
  225,20001118,     
  225,20001119,     
  225,20001120,     
  225,20001121,     
  225,20001122,     
  225,20001123,     
  225,20001124,     
  225,20001125,     
  225,20001126,     
  225,20001127,     
  225,20001128,     
  225,20001129,     
  225,20001130,     
  225,20001201,     
  225,20001202,     
  225,20001203,     
  225,20001204,     
  225,20001205,     
  225,20001206,     
  225,20001207,     
  225,20001208,     
  225,20001209,     
  225,20001210,     
  225,20001211,     
  225,20001212,     
  225,20001213,     
  225,20001214,     
  225,20001215,     
  225,20001216,     
  225,20001217,     
  225,20001218,     
  225,20001219,     
  225,20001220,     
  225,20001221,     
  225,20001222,     
  225,20001223,     
  225,20001224,     
  225,20001225,     
  225,20001226,     
  225,20001227,     
  225,20001228,     
  225,20001229,     
  225,20001230,     
  225,20001231,     
  225,20010101,     
  225,20010102,     
  225,20010103,     
  225,20010104,     
  225,20010105,     
  225,20010106,     
  225,20010107,     
  225,20010108,     
  225,20010109,     
  225,20010110,     
  225,20010111,     
  225,20010112,     
  225,20010113,     
  225,20010114,     
  225,20010115,     
  225,20010116,     
  225,20010117,     
  225,20010118,     
  225,20010119,     
  225,20010120,     
  225,20010121,     
  225,20010122,     
  225,20010123,     
  225,20010124,     
  225,20010125,     
  225,20010126,     
  225,20010127,     
  225,20010128,     
  225,20010129,     
  225,20010130,     
  225,20010131,     
  225,20010201,     
  225,20010202,     
  225,20010203,     
  225,20010204,     
  225,20010205,     
  225,20010206,     
  225,20010207,     
  225,20010208,     
  225,20010209,     
  225,20010210,     
  225,20010211,     
  225,20010212,     
  225,20010213,     
  225,20010214,     
  225,20010215,     
  225,20010216,     
  225,20010217,     
  225,20010218,     
  225,20010219,     
  225,20010220,     
  225,20010221,     
  225,20010222,     
  225,20010223,     
  225,20010224,     
  225,20010225,     
  225,20010226,     
  225,20010227,     
  225,20010228,     
  225,20010301,     
  225,20010302,     
  225,20010303,     
  225,20010304,     
  225,20010305,     
  225,20010306,     
  225,20010307,     
  225,20010308,     
  225,20010309,     
  225,20010310,     
  225,20010311,     
  225,20010312,     
  225,20010313,     
  225,20010314,     
  225,20010315,     
  225,20010316,     
  225,20010317,     
  225,20010318,     
  225,20010319,     
  225,20010320,     
  225,20010321,     
  225,20010322,     
  225,20010323,     
  225,20010324,     
  225,20010325,     
  225,20010326,     
  225,20010327,     
  225,20010328,     
  225,20010329,     
  225,20010330,     
  225,20010331,     
  225,20010401,     
  225,20010402,     
  225,20010403,     
  225,20010404,     
  225,20010405,     
  225,20010406,     
  225,20010407,     
  225,20010408,     
  225,20010409,     
  225,20010410,     
  225,20010411,     
  225,20010412,     
  225,20010413,     
  225,20010414,     
  225,20010415,     
  225,20010416,     
  225,20010417,     
  225,20010418,     
  225,20010419,     
  225,20010420,     
  225,20010421,     
  225,20010422,     
  225,20010423,     
  225,20010424,     
  225,20010425,     
  225,20010426,     
  225,20010427,     
  225,20010428,     
  225,20010429,     
  225,20010430,     
  225,20010501,     
  225,20010502,     
  225,20010503,     
  225,20010504,     
  225,20010505,     
  225,20010506,     
  225,20010507,     
  225,20010508,     
  225,20010509,     
  225,20010510,     
  225,20010511,     
  225,20010512,     
  225,20010513,     
  225,20010514,     
  225,20010515,     
  225,20010516,     
  225,20010517,     
  225,20010518,     
  225,20010519,     
  225,20010520,     
  225,20010521,     
  225,20010522,     
  225,20010523,     
  225,20010524,     
  225,20010525,     
  225,20010526,     
  225,20010527,     
  225,20010528,     
  225,20010529,     
  225,20010530,     
  225,20010531,     
  225,20010601,     
  225,20010602,     
  225,20010603,     
  225,20010604,     
  225,20010605,     
  225,20010606,     
  225,20010607,     
  225,20010608,     
  225,20010609,     
  225,20010610,     
  225,20010611,     
  225,20010612,     
  225,20010613,     
  225,20010614,     
  225,20010615,     
  225,20010616,     
  225,20010617,     
  225,20010618,     
  225,20010619,     
  225,20010620,     
  225,20010621,     
  225,20010622,     
  225,20010623,     
  225,20010624,     
  225,20010625,     
  225,20010626,     
  225,20010627,     
  225,20010628,     
  225,20010629,     
  225,20010630,     
  225,20010701,     
  225,20010702,     
  225,20010703,     
  225,20010704,     
  225,20010705,     
  225,20010706,     
  225,20010707,     
  225,20010708,     
  225,20010709,     
  225,20010710,     
  225,20010711,     
  225,20010712,     
  225,20010713,     
  225,20010714,     
  225,20010715,     
  225,20010716,     
  225,20010717,     
  225,20010718,     
  225,20010719,     
  225,20010720,     
  225,20010721,     
  225,20010722,     
  225,20010723,     
  225,20010724,     
  225,20010725,     
  225,20010726,     
  235,19960726,    0
  235,19960727,   34
  235,19960728,   -1
  235,19960729,    0
  235,19960730,    0
  235,19960731,   19
  235,19960801,    0
  235,19960802,    0
  235,19960803,    0
  235,19960804,    0
  235,19960805,    0
  235,19960806,  129
  235,19960807,    5
  235,19960808,    0
  235,19960809,   -1
  235,19960810,   55
  235,19960811,   96
  235,19960812,    3
  235,19960813,   11
  235,19960814,   -1
  235,19960815,    0
  235,19960816,    0
  235,19960817,    0
  235,19960818,    0
  235,19960819,    0
  235,19960820,    9
  235,19960821,    9
  235,19960822,    0
  235,19960823,    7
  235,19960824,   53
  235,19960825,  102
  235,19960826,   24
  235,19960827,  190
  235,19960828,  223
  235,19960829,   16
  235,19960830,   37
  235,19960831,    3
  235,19960901,    4
  235,19960902,    0
  235,19960903,    9
  235,19960904,    7
  235,19960905,    0
  235,19960906,    0
  235,19960907,    0
  235,19960908,   11
  235,19960909,   -1
  235,19960910,   15
  235,19960911,   57
  235,19960912,   40
  235,19960913,   24
  235,19960914,   10
  235,19960915,   -1
  235,19960916,    0
  235,19960917,    0
  235,19960918,    0
  235,19960919,    0
  235,19960920,    0
  235,19960921,    0
  235,19960922,   14
  235,19960923,   -1
  235,19960924,    0
  235,19960925,    0
  235,19960926,   42
  235,19960927,  102
  235,19960928,   -1
  235,19960929,  106
  235,19960930,   92
  235,19961001,   93
  235,19961002,    1
  235,19961003,   15
  235,19961004,   18
  235,19961005,   46
  235,19961006,   16
  235,19961007,    0
  235,19961008,   13
  235,19961009,   28
  235,19961010,    0
  235,19961011,    0
  235,19961012,    0
  235,19961013,    0
  235,19961014,    0
  235,19961015,   -1
  235,19961016,    0
  235,19961017,    0
  235,19961018,    8
  235,19961019,    8
  235,19961020,  144
  235,19961021,   21
  235,19961022,    0
  235,19961023,    0
  235,19961024,    0
  235,19961025,   10
  235,19961026,    9
  235,19961027,  117
  235,19961028,   20
  235,19961029,  216
  235,19961030,    1
  235,19961031,   68
  235,19961101,    2
  235,19961102,    1
  235,19961103,    1
  235,19961104,   86
  235,19961105,   66
  235,19961106,  271
  235,19961107,   29
  235,19961108,    3
  235,19961109,   46
  235,19961110,  139
  235,19961111,   76
  235,19961112,   90
  235,19961113,   29
  235,19961114,   -1
  235,19961115,    0
  235,19961116,    0
  235,19961117,   11
  235,19961118,   69
  235,19961119,   40
  235,19961120,   42
  235,19961121,   63
  235,19961122,  127
  235,19961123,   21
  235,19961124,   21
  235,19961125,   83
  235,19961126,   15
  235,19961127,    0
  235,19961128,    9
  235,19961129,  120
  235,19961130,   39
  235,19961201,    8
  235,19961202,    2
  235,19961203,   51
  235,19961204,   -1
  235,19961205,    0
  235,19961206,    0
  235,19961207,   -1
  235,19961208,    0
  235,19961209,    0
  235,19961210,    0
  235,19961211,   -1
  235,19961212,    7
  235,19961213,   19
  235,19961214,   -1
  235,19961215,   -1
  235,19961216,    0
  235,19961217,    0
  235,19961218,    1
  235,19961219,  304
  235,19961220,    1
  235,19961221,    0
  235,19961222,    0
  235,19961223,    0
  235,19961224,    0
  235,19961225,    1
  235,19961226,    0
  235,19961227,    0
  235,19961228,    0
  235,19961229,    8
  235,19961230,    2
  235,19961231,    0
  235,19970101,    0
  235,19970102,    0
  235,19970103,    0
  235,19970104,    0
  235,19970105,    0
  235,19970106,   -1
  235,19970107,   -1
  235,19970108,   -1
  235,19970109,    0
  235,19970110,   -1
  235,19970111,    0
  235,19970112,   -1
  235,19970113,   -1
  235,19970114,    0
  235,19970115,    0
  235,19970116,    0
  235,19970117,   -1
  235,19970118,   -1
  235,19970119,   39
  235,19970120,    3
  235,19970121,    0
  235,19970122,   -1
  235,19970123,   11
  235,19970124,   -1
  235,19970125,    0
  235,19970126,    0
  235,19970127,   -1
  235,19970128,    0
  235,19970129,   -1
  235,19970130,    0
  235,19970131,   -1
  235,19970201,    0
  235,19970202,    4
  235,19970203,   -1
  235,19970204,   46
  235,19970205,   -1
  235,19970206,   -1
  235,19970207,   16
  235,19970208,    0
  235,19970209,   14
  235,19970210,   26
  235,19970211,   14
  235,19970212,   77
  235,19970213,   33
  235,19970214,    0
  235,19970215,    0
  235,19970216,    6
  235,19970217,   56
  235,19970218,   59
  235,19970219,   35
  235,19970220,   -1
  235,19970221,   -1
  235,19970222,   -1
  235,19970223,    0
  235,19970224,   73
  235,19970225,    1
  235,19970226,   38
  235,19970227,   -1
  235,19970228,   17
  235,19970301,   -1
  235,19970302,    7
  235,19970303,    0
  235,19970304,    0
  235,19970305,   -1
  235,19970306,   17
  235,19970307,    0
  235,19970308,    0
  235,19970309,    0
  235,19970310,   -1
  235,19970311,   -1
  235,19970312,    0
  235,19970313,   -1
  235,19970314,    1
  235,19970315,    7
  235,19970316,   26
  235,19970317,    0
  235,19970318,   46
  235,19970319,   40
  235,19970320,   -1
  235,19970321,   -1
  235,19970322,    0
  235,19970323,   25
  235,19970324,    6
  235,19970325,    1
  235,19970326,   30
  235,19970327,    2
  235,19970328,    1
  235,19970329,   -1
  235,19970330,    0
  235,19970331,    0
  235,19970401,    0
  235,19970402,    0
  235,19970403,   -1
  235,19970404,    3
  235,19970405,   52
  235,19970406,    0
  235,19970407,    0
  235,19970408,    0
  235,19970409,    0
  235,19970410,    0
  235,19970411,   -1
  235,19970412,   -1
  235,19970413,    0
  235,19970414,   -1
  235,19970415,   -1
  235,19970416,    4
  235,19970417,    0
  235,19970418,   -1
  235,19970419,   -1
  235,19970420,   -1
  235,19970421,    3
  235,19970422,   -1
  235,19970423,    0
  235,19970424,    0
  235,19970425,   11
  235,19970426,    5
  235,19970427,   -1
  235,19970428,  127
  235,19970429,   15
  235,19970430,    0
  235,19970501,    0
  235,19970502,    0
  235,19970503,    0
  235,19970504,   48
  235,19970505,    5
  235,19970506,   37
  235,19970507,   16
  235,19970508,   76
  235,19970509,   32
  235,19970510,   60
  235,19970511,   -1
  235,19970512,    0
  235,19970513,    0
  235,19970514,   25
  235,19970515,    0
  235,19970516,    0
  235,19970517,    0
  235,19970518,   13
  235,19970519,   54
  235,19970520,  150
  235,19970521,    2
  235,19970522,    9
  235,19970523,    0
  235,19970524,   -1
  235,19970525,    0
  235,19970526,   -1
  235,19970527,   -1
  235,19970528,   -1
  235,19970529,    0
  235,19970530,    0
  235,19970531,    0
  235,19970601,    0
  235,19970602,    0
  235,19970603,    0
  235,19970604,    0
  235,19970605,    0
  235,19970606,    0
  235,19970607,  181
  235,19970608,  138
  235,19970609,   -1
  235,19970610,    0
  235,19970611,   25
  235,19970612,   31
  235,19970613,   -1
  235,19970614,   -1
  235,19970615,    2
  235,19970616,    0
  235,19970617,    0
  235,19970618,    0
  235,19970619,   -1
  235,19970620,  131
  235,19970621,   16
  235,19970622,  118
  235,19970623,   38
  235,19970624,    7
  235,19970625,    9
  235,19970626,   46
  235,19970627,  121
  235,19970628,  120
  235,19970629,   47
  235,19970630,   64
  235,19970701,   19
  235,19970702,   24
  235,19970703,   -1
  235,19970704,    0
  235,19970705,    0
  235,19970706,   16
  235,19970707,    0
  235,19970708,    0
  235,19970709,    0
  235,19970710,    0
  235,19970711,    0
  235,19970712,   -1
  235,19970713,    0
  235,19970714,    0
  235,19970715,    0
  235,19970716,    5
  235,19970717,   43
  235,19970718,    4
  235,19970719,    0
  235,19970720,   -1
  235,19970721,   62
  235,19970722,   26
  235,19970723,   -1
  235,19970724,    1
  235,19970725,   98
  235,19970726,   83
  235,19970727,    3
  235,19970728,    0
  235,19970729,    0
  235,19970730,   14
  235,19970731,   50
  235,19970801,   53
  235,19970802,   -1
  235,19970803,    0
  235,19970804,    0
  235,19970805,    0
  235,19970806,    0
  235,19970807,    0
  235,19970808,    0
  235,19970809,    0
  235,19970810,    0
  235,19970811,    0
  235,19970812,    0
  235,19970813,    0
  235,19970814,    0
  235,19970815,    0
  235,19970816,    0
  235,19970817,    0
  235,19970818,    0
  235,19970819,   -1
  235,19970820,    0
  235,19970821,    0
  235,19970822,   10
  235,19970823,   11
  235,19970824,   -1
  235,19970825,  107
  235,19970826,   -1
  235,19970827,   14
  235,19970828,   52
  235,19970829,   32
  235,19970830,   25
  235,19970831,    0
  235,19970901,   45
  235,19970902,   39
  235,19970903,    1
  235,19970904,   21
  235,19970905,    3
  235,19970906,   15
  235,19970907,   41
  235,19970908,   -1
  235,19970909,   -1
  235,19970910,    0
  235,19970911,    0
  235,19970912,   48
  235,19970913,   10
  235,19970914,    1
  235,19970915,    0
  235,19970916,    0
  235,19970917,    0
  235,19970918,    0
  235,19970919,   -1
  235,19970920,    0
  235,19970921,    0
  235,19970922,    0
  235,19970923,    0
  235,19970924,    0
  235,19970925,    0
  235,19970926,    0
  235,19970927,    0
  235,19970928,    0
  235,19970929,    3
  235,19970930,   39
  235,19971001,    2
  235,19971002,    2
  235,19971003,   -1
  235,19971004,   -1
  235,19971005,   -1
  235,19971006,   -1
  235,19971007,  148
  235,19971008,  215
  235,19971009,   36
  235,19971010,  190
  235,19971011,    3
  235,19971012,   10
  235,19971013,   52
  235,19971014,   34
  235,19971015,    7
  235,19971016,    3
  235,19971017,   -1
  235,19971018,    0
  235,19971019,    0
  235,19971020,    0
  235,19971021,    0
  235,19971022,    0
  235,19971023,    6
  235,19971024,    8
  235,19971025,   10
  235,19971026,   19
  235,19971027,    0
  235,19971028,    0
  235,19971029,    0
  235,19971030,    0
  235,19971031,    0
  235,19971101,    0
  235,19971102,    9
  235,19971103,   -1
  235,19971104,    6
  235,19971105,   16
  235,19971106,    6
  235,19971107,  154
  235,19971108,   15
  235,19971109,   20
  235,19971110,   17
  235,19971111,    3
  235,19971112,   15
  235,19971113,   12
  235,19971114,    2
  235,19971115,   16
  235,19971116,   -1
  235,19971117,    0
  235,19971118,    0
  235,19971119,    0
  235,19971120,   36
  235,19971121,    3
  235,19971122,    0
  235,19971123,   -1
  235,19971124,   -1
  235,19971125,    0
  235,19971126,   -1
  235,19971127,  132
  235,19971128,   29
  235,19971129,   22
  235,19971130,   -1
  235,19971201,   -1
  235,19971202,    0
  235,19971203,    3
  235,19971204,    7
  235,19971205,   -1
  235,19971206,  151
  235,19971207,   -1
  235,19971208,   13
  235,19971209,   66
  235,19971210,   84
  235,19971211,   81
  235,19971212,   62
  235,19971213,   -1
  235,19971214,   17
  235,19971215,   -1
  235,19971216,    0
  235,19971217,   -1
  235,19971218,    3
  235,19971219,   28
  235,19971220,    0
  235,19971221,    1
  235,19971222,    0
  235,19971223,    7
  235,19971224,   73
  235,19971225,   40
  235,19971226,   32
  235,19971227,   31
  235,19971228,   48
  235,19971229,   11
  235,19971230,   -1
  235,19971231,   31
  235,19980101,   20
  235,19980102,   87
  235,19980103,  196
  235,19980104,   61
  235,19980105,   38
  235,19980106,   19
  235,19980107,    5
  235,19980108,   55
  235,19980109,    0
  235,19980110,    0
  235,19980111,    0
  235,19980112,   -1
  235,19980113,   -1
  235,19980114,   12
  235,19980115,   80
  235,19980116,   58
  235,19980117,    3
  235,19980118,  245
  235,19980119,  106
  235,19980120,   10
  235,19980121,    0
  235,19980122,    0
  235,19980123,    1
  235,19980124,    1
  235,19980125,    0
  235,19980126,   -1
  235,19980127,    1
  235,19980128,    8
  235,19980129,    3
  235,19980130,   30
  235,19980131,    0
  235,19980201,    0
  235,19980202,   14
  235,19980203,    1
  235,19980204,   -1
  235,19980205,    0
  235,19980206,    0
  235,19980207,   42
  235,19980208,   -1
  235,19980209,    0
  235,19980210,    0
  235,19980211,    0
  235,19980212,   -1
  235,19980213,    0
  235,19980214,   -1
  235,19980215,   -1
  235,19980216,    1
  235,19980217,   -1
  235,19980218,    0
  235,19980219,   -1
  235,19980220,    0
  235,19980221,   57
  235,19980222,    0
  235,19980223,    2
  235,19980224,   -1
  235,19980225,    0
  235,19980226,    0
  235,19980227,   26
  235,19980228,   33
  235,19980301,   62
  235,19980302,   21
  235,19980303,  133
  235,19980304,   39
  235,19980305,   15
  235,19980306,  155
  235,19980307,  118
  235,19980308,   19
  235,19980309,    3
  235,19980310,   18
  235,19980311,   98
  235,19980312,    1
  235,19980313,    3
  235,19980314,   14
  235,19980315,   -1
  235,19980316,    0
  235,19980317,   -1
  235,19980318,    0
  235,19980319,    0
  235,19980320,    5
  235,19980321,   -1
  235,19980322,    6
  235,19980323,   -1
  235,19980324,    0
  235,19980325,    0
  235,19980326,   63
  235,19980327,    0
  235,19980328,   -1
  235,19980329,    2
  235,19980330,    0
  235,19980331,    0
  235,19980401,    1
  235,19980402,   29
  235,19980403,  152
  235,19980404,   50
  235,19980405,   -1
  235,19980406,    2
  235,19980407,    0
  235,19980408,   49
  235,19980409,   26
  235,19980410,   11
  235,19980411,    8
  235,19980412,   16
  235,19980413,   54
  235,19980414,  123
  235,19980415,   59
  235,19980416,   27
  235,19980417,   -1
  235,19980418,    4
  235,19980419,   -1
  235,19980420,   86
  235,19980421,   -1
  235,19980422,    0
  235,19980423,   18
  235,19980424,   31
  235,19980425,   53
  235,19980426,    0
  235,19980427,   23
  235,19980428,    3
  235,19980429,    0
  235,19980430,    7
  235,19980501,   -1
  235,19980502,   31
  235,19980503,   -1
  235,19980504,    0
  235,19980505,    9
  235,19980506,   22
  235,19980507,   -1
  235,19980508,    0
  235,19980509,    0
  235,19980510,    0
  235,19980511,    0
  235,19980512,    0
  235,19980513,    0
  235,19980514,    0
  235,19980515,    0
  235,19980516,    0
  235,19980517,    0
  235,19980518,    0
  235,19980519,    0
  235,19980520,   -1
  235,19980521,    4
  235,19980522,   -1
  235,19980523,    9
  235,19980524,   18
  235,19980525,    9
  235,19980526,    1
  235,19980527,   16
  235,19980528,   33
  235,19980529,   77
  235,19980530,   14
  235,19980531,    0
  235,19980601,    0
  235,19980602,  148
  235,19980603,    0
  235,19980604,   -1
  235,19980605,    4
  235,19980606,   93
  235,19980607,   -1
  235,19980608,   26
  235,19980609,   91
  235,19980610,    1
  235,19980611,  291
  235,19980612,   44
  235,19980613,    5
  235,19980614,    8
  235,19980615,    8
  235,19980616,   -1
  235,19980617,    0
  235,19980618,   35
  235,19980619,    3
  235,19980620,   -1
  235,19980621,   20
  235,19980622,   10
  235,19980623,   23
  235,19980624,    3
  235,19980625,  210
  235,19980626,    0
  235,19980627,   46
  235,19980628,    8
  235,19980629,   -1
  235,19980630,    2
  235,19980701,    6
  235,19980702,    5
  235,19980703,   -1
  235,19980704,   -1
  235,19980705,   10
  235,19980706,   -1
  235,19980707,   30
  235,19980708,    3
  235,19980709,    5
  235,19980710,   -1
  235,19980711,    4
  235,19980712,   25
  235,19980713,   42
  235,19980714,   31
  235,19980715,   -1
  235,19980716,   16
  235,19980717,   51
  235,19980718,   -1
  235,19980719,    0
  235,19980720,    8
  235,19980721,   15
  235,19980722,    0
  235,19980723,   -1
  235,19980724,    0
  235,19980725,    0
  235,19980726,   -1
  235,19980727,    7
  235,19980728,   -1
  235,19980729,   84
  235,19980730,   15
  235,19980731,   45
  235,19980801,    0
  235,19980802,   -1
  235,19980803,   32
  235,19980804,   13
  235,19980805,    0
  235,19980806,    0
  235,19980807,    0
  235,19980808,    0
  235,19980809,    0
  235,19980810,    0
  235,19980811,    0
  235,19980812,    0
  235,19980813,   -1
  235,19980814,   -1
  235,19980815,   -1
  235,19980816,    0
  235,19980817,    6
  235,19980818,    0
  235,19980819,    0
  235,19980820,    0
  235,19980821,   99
  235,19980822,   34
  235,19980823,  336
  235,19980824,   -1
  235,19980825,   -1
  235,19980826,  161
  235,19980827,    2
  235,19980828,    1
  235,19980829,   17
  235,19980830,   -1
  235,19980831,    0
  235,19980901,   42
  235,19980902,   44
  235,19980903,  350
  235,19980904,   -1
  235,19980905,   21
  235,19980906,    0
  235,19980907,    8
  235,19980908,   19
  235,19980909,   37
  235,19980910,   54
  235,19980911,   17
  235,19980912,   14
  235,19980913,  120
  235,19980914,  347
  235,19980915,   22
  235,19980916,   35
  235,19980917,   15
  235,19980918,    2
  235,19980919,   27
  235,19980920,    0
  235,19980921,    0
  235,19980922,    0
  235,19980923,    0
  235,19980924,    0
  235,19980925,    1
  235,19980926,    0
  235,19980927,    8
  235,19980928,    0
  235,19980929,   26
  235,19980930,   34
  235,19981001,   49
  235,19981002,   -1
  235,19981003,    1
  235,19981004,    6
  235,19981005,    2
  235,19981006,   -1
  235,19981007,   38
  235,19981008,  163
  235,19981009,   54
  235,19981010,   27
  235,19981011,   43
  235,19981012,   91
  235,19981013,   22
  235,19981014,   17
  235,19981015,    3
  235,19981016,   -1
  235,19981017,   65
  235,19981018,   -1
  235,19981019,   35
  235,19981020,    7
  235,19981021,   20
  235,19981022,    2
  235,19981023,   36
  235,19981024,  169
  235,19981025,   54
  235,19981026,   61
  235,19981027,  294
  235,19981028,  119
  235,19981029,   40
  235,19981030,   94
  235,19981031,   34
  235,19981101,   55
  235,19981102,  101
  235,19981103,  247
  235,19981104,   37
  235,19981105,   33
  235,19981106,    5
  235,19981107,    0
  235,19981108,   53
  235,19981109,  111
  235,19981110,   49
  235,19981111,    5
  235,19981112,   -1
  235,19981113,   69
  235,19981114,    0
  235,19981115,   27
  235,19981116,   10
  235,19981117,   -1
  235,19981118,   14
  235,19981119,    6
  235,19981120,    0
  235,19981121,    0
  235,19981122,    0
  235,19981123,    0
  235,19981124,   -1
  235,19981125,   -1
  235,19981126,   80
  235,19981127,    1
  235,19981128,   15
  235,19981129,   56
  235,19981130,   -1
  235,19981201,    0
  235,19981202,    0
  235,19981203,   -1
  235,19981204,   39
  235,19981205,   45
  235,19981206,   48
  235,19981207,   10
  235,19981208,   18
  235,19981209,   43
  235,19981210,    0
  235,19981211,    4
  235,19981212,   77
  235,19981213,   25
  235,19981214,   13
  235,19981215,  174
  235,19981216,    0
  235,19981217,    0
  235,19981218,    3
  235,19981219,   68
  235,19981220,    3
  235,19981221,    7
  235,19981222,    9
  235,19981223,   54
  235,19981224,   63
  235,19981225,   46
  235,19981226,   57
  235,19981227,   15
  235,19981228,   13
  235,19981229,    0
  235,19981230,    0
  235,19981231,    0
  235,19990101,   -1
  235,19990102,   48
  235,19990103,   61
  235,19990104,   36
  235,19990105,    9
  235,19990106,   16
  235,19990107,   54
  235,19990108,   75
  235,19990109,   -1
  235,19990110,   -1
  235,19990111,    3
  235,19990112,   41
  235,19990113,   49
  235,19990114,   37
  235,19990115,   55
  235,19990116,   40
  235,19990117,    0
  235,19990118,    1
  235,19990119,   36
  235,19990120,   25
  235,19990121,   11
  235,19990122,    0
  235,19990123,    0
  235,19990124,   48
  235,19990125,   18
  235,19990126,  134
  235,19990127,   37
  235,19990128,   53
  235,19990129,    0
  235,19990130,    0
  235,19990131,   -1
  235,19990201,   -1
  235,19990202,   -1
  235,19990203,    3
  235,19990204,   -1
  235,19990205,    9
  235,19990206,   59
  235,19990207,   44
  235,19990208,   14
  235,19990209,   23
  235,19990210,   14
  235,19990211,    0
  235,19990212,    0
  235,19990213,    0
  235,19990214,   37
  235,19990215,   15
  235,19990216,   31
  235,19990217,   17
  235,19990218,   -1
  235,19990219,   38
  235,19990220,    0
  235,19990221,   45
  235,19990222,   65
  235,19990223,   11
  235,19990224,    6
  235,19990225,    6
  235,19990226,   11
  235,19990227,   39
  235,19990228,   18
  235,19990301,  133
  235,19990302,   78
  235,19990303,    6
  235,19990304,   21
  235,19990305,   24
  235,19990306,   46
  235,19990307,   53
  235,19990308,   15
  235,19990309,    3
  235,19990310,    9
  235,19990311,    0
  235,19990312,    0
  235,19990313,    0
  235,19990314,    0
  235,19990315,    0
  235,19990316,   26
  235,19990317,   20
  235,19990318,   70
  235,19990319,   -1
  235,19990320,    2
  235,19990321,   80
  235,19990322,   16
  235,19990323,   58
  235,19990324,    2
  235,19990325,    7
  235,19990326,   50
  235,19990327,    0
  235,19990328,    0
  235,19990329,    0
  235,19990330,   73
  235,19990331,    0
  235,19990401,    0
  235,19990402,    0
  235,19990403,   51
  235,19990404,    1
  235,19990405,   -1
  235,19990406,   35
  235,19990407,   24
  235,19990408,   -1
  235,19990409,    5
  235,19990410,   16
  235,19990411,    0
  235,19990412,  103
  235,19990413,   39
  235,19990414,   75
  235,19990415,   -1
  235,19990416,    3
  235,19990417,    1
  235,19990418,   -1
  235,19990419,    0
  235,19990420,    9
  235,19990421,   68
  235,19990422,    5
  235,19990423,    0
  235,19990424,   -1
  235,19990425,    0
  235,19990426,   -1
  235,19990427,    0
  235,19990428,    0
  235,19990429,    0
  235,19990430,    0
  235,19990501,    0
  235,19990502,    0
  235,19990503,    0
  235,19990504,    0
  235,19990505,   13
  235,19990506,   51
  235,19990507,   80
  235,19990508,   34
  235,19990509,    0
  235,19990510,   12
  235,19990511,   -1
  235,19990512,    1
  235,19990513,   -1
  235,19990514,   -1
  235,19990515,    3
  235,19990516,   10
  235,19990517,    0
  235,19990518,    0
  235,19990519,    0
  235,19990520,   -1
  235,19990521,   20
  235,19990522,   -1
  235,19990523,    0
  235,19990524,    7
  235,19990525,    0
  235,19990526,    0
  235,19990527,    0
  235,19990528,   -1
  235,19990529,   11
  235,19990530,   34
  235,19990531,   -1
  235,19990601,    0
  235,19990602,  219
  235,19990603,    9
  235,19990604,   12
  235,19990605,   94
  235,19990606,   57
  235,19990607,   25
  235,19990608,   60
  235,19990609,   65
  235,19990610,    5
  235,19990611,    5
  235,19990612,    1
  235,19990613,    0
  235,19990614,    0
  235,19990615,    0
  235,19990616,    0
  235,19990617,   -1
  235,19990618,    0
  235,19990619,    0
  235,19990620,   48
  235,19990621,   11
  235,19990622,    2
  235,19990623,    1
  235,19990624,    0
  235,19990625,    0
  235,19990626,    0
  235,19990627,  242
  235,19990628,   45
  235,19990629,  115
  235,19990630,   28
  235,19990701,   25
  235,19990702,    1
  235,19990703,   36
  235,19990704,   11
  235,19990705,   44
  235,19990706,    0
  235,19990707,    0
  235,19990708,    0
  235,19990709,    0
  235,19990710,    0
  235,19990711,    0
  235,19990712,    0
  235,19990713,   -1
  235,19990714,   13
  235,19990715,    0
  235,19990716,    0
  235,19990717,    0
  235,19990718,    0
  235,19990719,   -1
  235,19990720,    1
  235,19990721,   31
  235,19990722,   72
  235,19990723,    1
  235,19990724,    0
  235,19990725,    0
  235,19990726,    0
  235,19990727,    0
  235,19990728,    0
  235,19990729,    0
  235,19990730,    0
  235,19990731,    0
  235,19990801,    0
  235,19990802,    0
  235,19990803,   -1
  235,19990804,    0
  235,19990805,   11
  235,19990806,    0
  235,19990807,   39
  235,19990808,   84
  235,19990809,  122
  235,19990810,   56
  235,19990811,    1
  235,19990812,   -1
  235,19990813,   79
  235,19990814,  263
  235,19990815,   18
  235,19990816,    0
  235,19990817,   51
  235,19990818,  189
  235,19990819,   60
  235,19990820,  125
  235,19990821,   -1
  235,19990822,    0
  235,19990823,    0
  235,19990824,   -1
  235,19990825,    2
  235,19990826,   24
  235,19990827,    0
  235,19990828,    0
  235,19990829,    0
  235,19990830,   -1
  235,19990831,    1
  235,19990901,    0
  235,19990902,    0
  235,19990903,    0
  235,19990904,    0
  235,19990905,    0
  235,19990906,    0
  235,19990907,   -1
  235,19990908,    0
  235,19990909,    0
  235,19990910,    0
  235,19990911,    0
  235,19990912,   -1
  235,19990913,   -1
  235,19990914,   22
  235,19990915,  151
  235,19990916,   10
  235,19990917,   38
  235,19990918,    0
  235,19990919,   -1
  235,19990920,   11
  235,19990921,    3
  235,19990922,    1
  235,19990923,    9
  235,19990924,   27
  235,19990925,   99
  235,19990926,  100
  235,19990927,  197
  235,19990928,  140
  235,19990929,   82
  235,19990930,  102
  235,19991001,   90
  235,19991002,  157
  235,19991003,  226
  235,19991004,   62
  235,19991005,   48
  235,19991006,    6
  235,19991007,   53
  235,19991008,    9
  235,19991009,    2
  235,19991010,   -1
  235,19991011,    4
  235,19991012,    0
  235,19991013,    0
  235,19991014,   -1
  235,19991015,    0
  235,19991016,    0
  235,19991017,    0
  235,19991018,    0
  235,19991019,    0
  235,19991020,    0
  235,19991021,   20
  235,19991022,   99
  235,19991023,   92
  235,19991024,    3
  235,19991025,    1
  235,19991026,   -1
  235,19991027,    0
  235,19991028,    1
  235,19991029,    0
  235,19991030,    9
  235,19991031,    0
  235,19991101,    8
  235,19991102,    0
  235,19991103,    0
  235,19991104,    0
  235,19991105,    8
  235,19991106,  120
  235,19991107,   15
  235,19991108,   10
  235,19991109,   18
  235,19991110,   14
  235,19991111,    0
  235,19991112,    0
  235,19991113,    7
  235,19991114,    2
  235,19991115,    0
  235,19991116,   75
  235,19991117,  152
  235,19991118,  105
  235,19991119,   46
  235,19991120,    8
  235,19991121,   18
  235,19991122,   33
  235,19991123,   -1
  235,19991124,    1
  235,19991125,   97
  235,19991126,    0
  235,19991127,   53
  235,19991128,    0
  235,19991129,   57
  235,19991130,    0
  235,19991201,   -1
  235,19991202,   15
  235,19991203,  104
  235,19991204,   30
  235,19991205,   -1
  235,19991206,   48
  235,19991207,   44
  235,19991208,   27
  235,19991209,    7
  235,19991210,    2
  235,19991211,  171
  235,19991212,   16
  235,19991213,  157
  235,19991214,   76
  235,19991215,   23
  235,19991216,    3
  235,19991217,   71
  235,19991218,    5
  235,19991219,   26
  235,19991220,    7
  235,19991221,   -1
  235,19991222,    8
  235,19991223,   69
  235,19991224,  120
  235,19991225,   89
  235,19991226,   85
  235,19991227,   11
  235,19991228,    2
  235,19991229,  107
  235,19991230,   21
  235,19991231,   -1
  235,20000101,   14
  235,20000102,   -1
  235,20000103,  174
  235,20000104,   11
  235,20000105,    0
  235,20000106,    7
  235,20000107,    0
  235,20000108,   13
  235,20000109,    0
  235,20000110,    0
  235,20000111,    0
  235,20000112,    0
  235,20000113,    1
  235,20000114,    4
  235,20000115,    1
  235,20000116,    3
  235,20000117,   -1
  235,20000118,    2
  235,20000119,   16
  235,20000120,    6
  235,20000121,    1
  235,20000122,   37
  235,20000123,    7
  235,20000124,   69
  235,20000125,   17
  235,20000126,   -1
  235,20000127,   -1
  235,20000128,   16
  235,20000129,  103
  235,20000130,   26
  235,20000131,    9
  235,20000201,   37
  235,20000202,   23
  235,20000203,    0
  235,20000204,   24
  235,20000205,    0
  235,20000206,    2
  235,20000207,   29
  235,20000208,   58
  235,20000209,    1
  235,20000210,   77
  235,20000211,    0
  235,20000212,   11
  235,20000213,    0
  235,20000214,   17
  235,20000215,   52
  235,20000216,  101
  235,20000217,   21
  235,20000218,   84
  235,20000219,   12
  235,20000220,   11
  235,20000221,    3
  235,20000222,   36
  235,20000223,   -1
  235,20000224,   65
  235,20000225,   31
  235,20000226,    0
  235,20000227,    0
  235,20000228,   40
  235,20000229,   82
  235,20000301,   11
  235,20000302,  114
  235,20000303,   65
  235,20000304,   35
  235,20000305,    4
  235,20000306,   -1
  235,20000307,   10
  235,20000308,   59
  235,20000309,   19
  235,20000310,    6
  235,20000311,    1
  235,20000312,    0
  235,20000313,   -1
  235,20000314,   11
  235,20000315,   26
  235,20000316,   -1
  235,20000317,   -1
  235,20000318,    5
  235,20000319,    0
  235,20000320,    0
  235,20000321,    0
  235,20000322,    0
  235,20000323,    0
  235,20000324,   21
  235,20000325,   -1
  235,20000326,   13
  235,20000327,   -1
  235,20000328,   -1
  235,20000329,    0
  235,20000330,   -1
  235,20000331,   -1
  235,20000401,   -1
  235,20000402,    5
  235,20000403,   10
  235,20000404,   40
  235,20000405,   -1
  235,20000406,    0
  235,20000407,    0
  235,20000408,    0
  235,20000409,    0
  235,20000410,    0
  235,20000411,    9
  235,20000412,   29
  235,20000413,   34
  235,20000414,    4
  235,20000415,   70
  235,20000416,   11
  235,20000417,   25
  235,20000418,    0
  235,20000419,    0
  235,20000420,   -1
  235,20000421,   21
  235,20000422,   28
  235,20000423,   22
  235,20000424,   -1
  235,20000425,   -1
  235,20000426,   -1
  235,20000427,   -1
  235,20000428,    0
  235,20000429,    6
  235,20000430,    9
  235,20000501,   -1
  235,20000502,   -1
  235,20000503,   -1
  235,20000504,    0
  235,20000505,    0
  235,20000506,    0
  235,20000507,   -1
  235,20000508,    0
  235,20000509,    0
  235,20000510,    0
  235,20000511,    0
  235,20000512,    0
  235,20000513,    0
  235,20000514,    0
  235,20000515,    0
  235,20000516,  128
  235,20000517,   20
  235,20000518,  129
  235,20000519,   15
  235,20000520,    9
  235,20000521,   61
  235,20000522,   -1
  235,20000523,   73
  235,20000524,   19
  235,20000525,   74
  235,20000526,   67
  235,20000527,    1
  235,20000528,  174
  235,20000529,   -1
  235,20000530,    0
  235,20000531,    0
  235,20000601,   21
  235,20000602,    0
  235,20000603,   -1
  235,20000604,   43
  235,20000605,    6
  235,20000606,   -1
  235,20000607,   -1
  235,20000608,    0
  235,20000609,    0
  235,20000610,   -1
  235,20000611,    0
  235,20000612,    0
  235,20000613,   18
  235,20000614,   51
  235,20000615,    0
  235,20000616,    0
  235,20000617,    0
  235,20000618,    0
  235,20000619,    0
  235,20000620,    4
  235,20000621,   15
  235,20000622,   -1
  235,20000623,   11
  235,20000624,   37
  235,20000625,   11
  235,20000626,   -1
  235,20000627,    0
  235,20000628,   -1
  235,20000629,    0
  235,20000630,    0
  235,20000701,  106
  235,20000702,    0
  235,20000703,    0
  235,20000704,    0
  235,20000705,   34
  235,20000706,    0
  235,20000707,    2
  235,20000708,   -1
  235,20000709,   72
  235,20000710,   92
  235,20000711,   29
  235,20000712,   -1
  235,20000713,   -1
  235,20000714,   28
  235,20000715,   38
  235,20000716,    9
  235,20000717,    4
  235,20000718,    6
  235,20000719,   -1
  235,20000720,    0
  235,20000721,   -1
  235,20000722,   -1
  235,20000723,   -1
  235,20000724,    0
  235,20000725,    0
  235,20000726,    0
  235,20000727,    6
  235,20000728,    3
  235,20000729,    0
  235,20000730,    0
  235,20000731,    0
  235,20000801,    0
  235,20000802,    0
  235,20000803,    7
  235,20000804,   -1
  235,20000805,    0
  235,20000806,   -1
  235,20000807,    0
  235,20000808,   22
  235,20000809,    1
  235,20000810,    2
  235,20000811,   -1
  235,20000812,    0
  235,20000813,    0
  235,20000814,  132
  235,20000815,    0
  235,20000816,   19
  235,20000817,   -1
  235,20000818,   -1
  235,20000819,   -1
  235,20000820,   24
  235,20000821,   67
  235,20000822,   14
  235,20000823,    0
  235,20000824,    0
  235,20000825,   -1
  235,20000826,    0
  235,20000827,   17
  235,20000828,    0
  235,20000829,   22
  235,20000830,   -1
  235,20000831,   24
  235,20000901,  111
  235,20000902,   17
  235,20000903,   43
  235,20000904,   -1
  235,20000905,    1
  235,20000906,  161
  235,20000907,   31
  235,20000908,   64
  235,20000909,   -1
  235,20000910,   -1
  235,20000911,    0
  235,20000912,    0
  235,20000913,   -1
  235,20000914,   -1
  235,20000915,   14
  235,20000916,   96
  235,20000917,   26
  235,20000918,   -1
  235,20000919,    0
  235,20000920,   18
  235,20000921,    3
  235,20000922,    0
  235,20000923,    0
  235,20000924,    9
  235,20000925,    8
  235,20000926,  200
  235,20000927,   14
  235,20000928,   44
  235,20000929,    1
  235,20000930,    5
  235,20001001,   60
  235,20001002,    4
  235,20001003,    0
  235,20001004,    7
  235,20001005,   88
  235,20001006,   70
  235,20001007,    2
  235,20001008,   76
  235,20001009,   53
  235,20001010,  240
  235,20001011,   93
  235,20001012,   -1
  235,20001013,    8
  235,20001014,    0
  235,20001015,   -1
  235,20001016,   74
  235,20001017,   47
  235,20001018,   76
  235,20001019,  109
  235,20001020,   -1
  235,20001021,   -1
  235,20001022,   20
  235,20001023,    2
  235,20001024,    2
  235,20001025,   51
  235,20001026,   65
  235,20001027,  121
  235,20001028,   23
  235,20001029,  184
  235,20001030,  224
  235,20001031,  213
  235,20001101,   72
  235,20001102,   75
  235,20001103,   96
  235,20001104,   39
  235,20001105,   18
  235,20001106,   36
  235,20001107,   16
  235,20001108,  175
  235,20001109,   57
  235,20001110,   83
  235,20001111,   35
  235,20001112,  160
  235,20001113,   32
  235,20001114,    7
  235,20001115,   59
  235,20001116,   51
  235,20001117,   48
  235,20001118,   41
  235,20001119,   42
  235,20001120,   26
  235,20001121,   14
  235,20001122,   38
  235,20001123,   14
  235,20001124,   62
  235,20001125,   51
  235,20001126,   61
  235,20001127,    5
  235,20001128,   21
  235,20001129,   -1
  235,20001130,    0
  235,20001201,    9
  235,20001202,    0
  235,20001203,  116
  235,20001204,    7
  235,20001205,   -1
  235,20001206,   21
  235,20001207,   13
  235,20001208,    5
  235,20001209,    2
  235,20001210,   97
  235,20001211,  111
  235,20001212,   46
  235,20001213,   19
  235,20001214,    2
  235,20001215,   65
  235,20001216,   24
  235,20001217,    5
  235,20001218,   -1
  235,20001219,    0
  235,20001220,    0
  235,20001221,    0
  235,20001222,    0
  235,20001223,    0
  235,20001224,   65
  235,20001225,   -1
  235,20001226,    0
  235,20001227,    0
  235,20001228,  100
  235,20001229,   94
  235,20001230,   16
  235,20001231,    3
  235,20010101,   88
  235,20010102,   19
  235,20010103,   17
  235,20010104,  105
  235,20010105,  123
  235,20010106,    1
  235,20010107,    4
  235,20010108,   28
  235,20010109,   21
  235,20010110,    0
  235,20010111,    0
  235,20010112,    0
  235,20010113,    0
  235,20010114,    0
  235,20010115,    0
  235,20010116,    0
  235,20010117,    0
  235,20010118,   -1
  235,20010119,    0
  235,20010120,    3
  235,20010121,    2
  235,20010122,    7
  235,20010123,   60
  235,20010124,   29
  235,20010125,   -1
  235,20010126,    7
  235,20010127,   47
  235,20010128,   28
  235,20010129,    0
  235,20010130,   -1
  235,20010131,    0
  235,20010201,    7
  235,20010202,   40
  235,20010203,  131
  235,20010204,  144
  235,20010205,   46
  235,20010206,   48
  235,20010207,   29
  235,20010208,  206
  235,20010209,   -1
  235,20010210,    9
  235,20010211,    4
  235,20010212,   30
  235,20010213,    0
  235,20010214,    0
  235,20010215,    0
  235,20010216,   -1
  235,20010217,    0
  235,20010218,    0
  235,20010219,    2
  235,20010220,    0
  235,20010221,    2
  235,20010222,   20
  235,20010223,   50
  235,20010224,   10
  235,20010225,   43
  235,20010226,    2
  235,20010227,   -1
  235,20010228,   11
  235,20010301,    6
  235,20010302,    6
  235,20010303,   -1
  235,20010304,    0
  235,20010305,    0
  235,20010306,    0
  235,20010307,   44
  235,20010308,   80
  235,20010309,    1
  235,20010310,   10
  235,20010311,   82
  235,20010312,   22
  235,20010313,   91
  235,20010314,   15
  235,20010315,    2
  235,20010316,   -1
  235,20010317,   33
  235,20010318,   26
  235,20010319,   40
  235,20010320,    0
  235,20010321,   18
  235,20010322,   -1
  235,20010323,   53
  235,20010324,   13
  235,20010325,    0
  235,20010326,    0
  235,20010327,    0
  235,20010328,   42
  235,20010329,   -1
  235,20010330,    0
  235,20010331,    2
  235,20010401,    0
  235,20010402,   -1
  235,20010403,    4
  235,20010404,   47
  235,20010405,   90
  235,20010406,   17
  235,20010407,    3
  235,20010408,   -1
  235,20010409,   -1
  235,20010410,   39
  235,20010411,    0
  235,20010412,    1
  235,20010413,   -1
  235,20010414,  154
  235,20010415,   22
  235,20010416,   25
  235,20010417,   30
  235,20010418,   64
  235,20010419,   39
  235,20010420,   40
  235,20010421,   -1
  235,20010422,    0
  235,20010423,    0
  235,20010424,    4
  235,20010425,   43
  235,20010426,   47
  235,20010427,    0
  235,20010428,   24
  235,20010429,    3
  235,20010430,   -1
  235,20010501,   -1
  235,20010502,    0
  235,20010503,  103
  235,20010504,   35
  235,20010505,    0
  235,20010506,    0
  235,20010507,    0
  235,20010508,    0
  235,20010509,    0
  235,20010510,    0
  235,20010511,    0
  235,20010512,    0
  235,20010513,    0
  235,20010514,   31
  235,20010515,   39
  235,20010516,   80
  235,20010517,  123
  235,20010518,   -1
  235,20010519,    0
  235,20010520,    0
  235,20010521,    0
  235,20010522,    0
  235,20010523,    0
  235,20010524,    0
  235,20010525,    0
  235,20010526,    0
  235,20010527,    4
  235,20010528,    2
  235,20010529,    0
  235,20010530,    0
  235,20010531,   23
  235,20010601,    8
  235,20010602,   97
  235,20010603,   16
  235,20010604,    0
  235,20010605,    0
  235,20010606,   -1
  235,20010607,   30
  235,20010608,    1
  235,20010609,    0
  235,20010610,    0
  235,20010611,    0
  235,20010612,    0
  235,20010613,    0
  235,20010614,    0
  235,20010615,   39
  235,20010616,   -1
  235,20010617,   36
  235,20010618,   -1
  235,20010619,    0
  235,20010620,   -1
  235,20010621,    0
  235,20010622,   26
  235,20010623,    0
  235,20010624,    0
  235,20010625,    0
  235,20010626,    0
  235,20010627,    2
  235,20010628,   -1
  235,20010629,    0
  235,20010630,    1
  235,20010701,    0
  235,20010702,    0
  235,20010703,    0
  235,20010704,    0
  235,20010705,    0
  235,20010706,    0
  235,20010707,   -1
  235,20010708,    6
  235,20010709,    0
  235,20010710,    4
  235,20010711,   45
  235,20010712,   19
  235,20010713,   -1
  235,20010714,   46
  235,20010715,    0
  235,20010716,    0
  235,20010717,    1
  235,20010718,  333
  235,20010719,   16
  235,20010720,  102
  235,20010721,    1
  235,20010722,   -1
  235,20010723,    2
  235,20010724,    0
  235,20010725,    0
  235,20010726,    0
  240,19960726,    0
  240,19960727,   10
  240,19960728,    0
  240,19960729,    0
  240,19960730,    0
  240,19960731,    2
  240,19960801,    0
  240,19960802,    0
  240,19960803,    0
  240,19960804,    0
  240,19960805,    0
  240,19960806,  121
  240,19960807,   -1
  240,19960808,    0
  240,19960809,   -1
  240,19960810,   76
  240,19960811,  105
  240,19960812,  144
  240,19960813,    3
  240,19960814,    0
  240,19960815,    0
  240,19960816,    0
  240,19960817,    0
  240,19960818,    0
  240,19960819,    0
  240,19960820,   76
  240,19960821,    9
  240,19960822,    0
  240,19960823,   66
  240,19960824,   49
  240,19960825,   50
  240,19960826,    4
  240,19960827,   17
  240,19960828,  192
  240,19960829,   17
  240,19960830,   52
  240,19960831,    8
  240,19960901,    9
  240,19960902,    0
  240,19960903,    0
  240,19960904,    1
  240,19960905,    0
  240,19960906,    0
  240,19960907,    0
  240,19960908,    0
  240,19960909,   -1
  240,19960910,   16
  240,19960911,   98
  240,19960912,   53
  240,19960913,   13
  240,19960914,    2
  240,19960915,   -1
  240,19960916,    0
  240,19960917,    0
  240,19960918,    0
  240,19960919,    0
  240,19960920,    0
  240,19960921,    0
  240,19960922,   65
  240,19960923,   -1
  240,19960924,    0
  240,19960925,   20
  240,19960926,   40
  240,19960927,   85
  240,19960928,    2
  240,19960929,   55
  240,19960930,   61
  240,19961001,   29
  240,19961002,    0
  240,19961003,    5
  240,19961004,   93
  240,19961005,   89
  240,19961006,    3
  240,19961007,    0
  240,19961008,    0
  240,19961009,   17
  240,19961010,    4
  240,19961011,    0
  240,19961012,    0
  240,19961013,    0
  240,19961014,    0
  240,19961015,   19
  240,19961016,    0
  240,19961017,    0
  240,19961018,   14
  240,19961019,   41
  240,19961020,  174
  240,19961021,   66
  240,19961022,    0
  240,19961023,    0
  240,19961024,    0
  240,19961025,    3
  240,19961026,    8
  240,19961027,  167
  240,19961028,   10
  240,19961029,  136
  240,19961030,   -1
  240,19961031,  102
  240,19961101,    5
  240,19961102,    2
  240,19961103,   26
  240,19961104,   71
  240,19961105,   87
  240,19961106,   42
  240,19961107,  171
  240,19961108,   15
  240,19961109,   -1
  240,19961110,  106
  240,19961111,   64
  240,19961112,   55
  240,19961113,   18
  240,19961114,    0
  240,19961115,    0
  240,19961116,    0
  240,19961117,   -1
  240,19961118,   44
  240,19961119,   51
  240,19961120,   91
  240,19961121,   56
  240,19961122,  285
  240,19961123,  119
  240,19961124,   12
  240,19961125,  145
  240,19961126,    6
  240,19961127,    0
  240,19961128,    6
  240,19961129,   88
  240,19961130,   42
  240,19961201,   10
  240,19961202,    3
  240,19961203,   60
  240,19961204,    5
  240,19961205,    0
  240,19961206,    1
  240,19961207,    2
  240,19961208,    0
  240,19961209,    0
  240,19961210,   -1
  240,19961211,   -1
  240,19961212,   -1
  240,19961213,    7
  240,19961214,    2
  240,19961215,    0
  240,19961216,    0
  240,19961217,    0
  240,19961218,    4
  240,19961219,  287
  240,19961220,   -1
  240,19961221,    0
  240,19961222,    0
  240,19961223,    0
  240,19961224,    0
  240,19961225,   -1
  240,19961226,    0
  240,19961227,    0
  240,19961228,    0
  240,19961229,   10
  240,19961230,    1
  240,19961231,    0
  240,19970101,    0
  240,19970102,    0
  240,19970103,    0
  240,19970104,    0
  240,19970105,    0
  240,19970106,   -1
  240,19970107,   -1
  240,19970108,   -1
  240,19970109,   -1
  240,19970110,   -1
  240,19970111,    0
  240,19970112,   -1
  240,19970113,    0
  240,19970114,    0
  240,19970115,    0
  240,19970116,    0
  240,19970117,   -1
  240,19970118,   -1
  240,19970119,   22
  240,19970120,   -1
  240,19970121,    0
  240,19970122,    0
  240,19970123,   -1
  240,19970124,   17
  240,19970125,    0
  240,19970126,   -1
  240,19970127,    3
  240,19970128,   -1
  240,19970129,    0
  240,19970130,   -1
  240,19970131,   -1
  240,19970201,    0
  240,19970202,    7
  240,19970203,    0
  240,19970204,   84
  240,19970205,   13
  240,19970206,    0
  240,19970207,   31
  240,19970208,    0
  240,19970209,    2
  240,19970210,   42
  240,19970211,   27
  240,19970212,  131
  240,19970213,   85
  240,19970214,    0
  240,19970215,    0
  240,19970216,    4
  240,19970217,   38
  240,19970218,   98
  240,19970219,   32
  240,19970220,    3
  240,19970221,   -1
  240,19970222,    0
  240,19970223,    0
  240,19970224,   62
  240,19970225,   21
  240,19970226,   38
  240,19970227,    0
  240,19970228,    9
  240,19970301,    0
  240,19970302,   14
  240,19970303,    0
  240,19970304,   -1
  240,19970305,    0
  240,19970306,   25
  240,19970307,    0
  240,19970308,    0
  240,19970309,    0
  240,19970310,    0
  240,19970311,    0
  240,19970312,    0
  240,19970313,    0
  240,19970314,    5
  240,19970315,    2
  240,19970316,   -1
  240,19970317,    0
  240,19970318,   57
  240,19970319,   39
  240,19970320,   -1
  240,19970321,    5
  240,19970322,    0
  240,19970323,   23
  240,19970324,    7
  240,19970325,   12
  240,19970326,   32
  240,19970327,   -1
  240,19970328,    4
  240,19970329,    2
  240,19970330,    0
  240,19970331,    0
  240,19970401,    0
  240,19970402,    0
  240,19970403,   -1
  240,19970404,    1
  240,19970405,   67
  240,19970406,    0
  240,19970407,    0
  240,19970408,    0
  240,19970409,    0
  240,19970410,    0
  240,19970411,   -1
  240,19970412,   11
  240,19970413,    0
  240,19970414,   -1
  240,19970415,   -1
  240,19970416,    4
  240,19970417,    0
  240,19970418,   -1
  240,19970419,    0
  240,19970420,    0
  240,19970421,    2
  240,19970422,    0
  240,19970423,    0
  240,19970424,    0
  240,19970425,   23
  240,19970426,   10
  240,19970427,    1
  240,19970428,  121
  240,19970429,   20
  240,19970430,    0
  240,19970501,    0
  240,19970502,    0
  240,19970503,    0
  240,19970504,   25
  240,19970505,   75
  240,19970506,   67
  240,19970507,   10
  240,19970508,   14
  240,19970509,   35
  240,19970510,  128
  240,19970511,   80
  240,19970512,   -1
  240,19970513,    0
  240,19970514,   71
  240,19970515,    0
  240,19970516,    4
  240,19970517,    3
  240,19970518,   47
  240,19970519,   13
  240,19970520,   50
  240,19970521,   69
  240,19970522,    2
  240,19970523,    0
  240,19970524,    0
  240,19970525,    0
  240,19970526,   -1
  240,19970527,   -1
  240,19970528,    0
  240,19970529,    0
  240,19970530,    0
  240,19970531,    0
  240,19970601,    0
  240,19970602,    0
  240,19970603,    0
  240,19970604,    0
  240,19970605,    0
  240,19970606,    0
  240,19970607,   98
  240,19970608,   14
  240,19970609,    0
  240,19970610,    0
  240,19970611,   41
  240,19970612,   -1
  240,19970613,    0
  240,19970614,   -1
  240,19970615,   -1
  240,19970616,    0
  240,19970617,    0
  240,19970618,    0
  240,19970619,   15
  240,19970620,   55
  240,19970621,   89
  240,19970622,   13
  240,19970623,   60
  240,19970624,   -1
  240,19970625,   21
  240,19970626,   48
  240,19970627,   93
  240,19970628,    2
  240,19970629,  238
  240,19970630,   19
  240,19970701,   25
  240,19970702,   24
  240,19970703,    3
  240,19970704,   -1
  240,19970705,   -1
  240,19970706,   15
  240,19970707,    0
  240,19970708,    0
  240,19970709,    0
  240,19970710,    0
  240,19970711,    0
  240,19970712,    0
  240,19970713,    0
  240,19970714,    0
  240,19970715,  101
  240,19970716,    6
  240,19970717,   25
  240,19970718,   60
  240,19970719,   -1
  240,19970720,   -1
  240,19970721,  143
  240,19970722,  178
  240,19970723,    0
  240,19970724,    5
  240,19970725,   28
  240,19970726,    6
  240,19970727,    2
  240,19970728,    0
  240,19970729,    0
  240,19970730,    2
  240,19970731,   11
  240,19970801,   52
  240,19970802,   -1
  240,19970803,   -1
  240,19970804,    0
  240,19970805,    0
  240,19970806,    0
  240,19970807,    0
  240,19970808,    0
  240,19970809,    0
  240,19970810,    0
  240,19970811,    0
  240,19970812,    0
  240,19970813,    0
  240,19970814,    0
  240,19970815,    0
  240,19970816,    0
  240,19970817,    0
  240,19970818,    0
  240,19970819,    0
  240,19970820,    0
  240,19970821,    0
  240,19970822,   36
  240,19970823,    6
  240,19970824,   -1
  240,19970825,   63
  240,19970826,   48
  240,19970827,  153
  240,19970828,   53
  240,19970829,   77
  240,19970830,   39
  240,19970831,    0
  240,19970901,   67
  240,19970902,   32
  240,19970903,   -1
  240,19970904,    4
  240,19970905,    0
  240,19970906,   33
  240,19970907,   85
  240,19970908,    0
  240,19970909,   -1
  240,19970910,    0
  240,19970911,    0
  240,19970912,   70
  240,19970913,   28
  240,19970914,    8
  240,19970915,    0
  240,19970916,    0
  240,19970917,    0
  240,19970918,    0
  240,19970919,   -1
  240,19970920,    0
  240,19970921,    0
  240,19970922,    0
  240,19970923,    0
  240,19970924,    0
  240,19970925,    0
  240,19970926,    0
  240,19970927,    0
  240,19970928,    0
  240,19970929,   -1
  240,19970930,   55
  240,19971001,   54
  240,19971002,   -1
  240,19971003,   -1
  240,19971004,    0
  240,19971005,    0
  240,19971006,   -1
  240,19971007,  125
  240,19971008,  169
  240,19971009,  140
  240,19971010,  175
  240,19971011,   26
  240,19971012,   18
  240,19971013,   65
  240,19971014,   78
  240,19971015,   77
  240,19971016,   -1
  240,19971017,   -1
  240,19971018,    0
  240,19971019,    0
  240,19971020,   -1
  240,19971021,    0
  240,19971022,    0
  240,19971023,   -1
  240,19971024,    6
  240,19971025,   16
  240,19971026,   16
  240,19971027,    0
  240,19971028,    0
  240,19971029,    0
  240,19971030,    0
  240,19971031,    0
  240,19971101,    0
  240,19971102,    1
  240,19971103,    0
  240,19971104,   14
  240,19971105,   10
  240,19971106,   16
  240,19971107,   75
  240,19971108,   16
  240,19971109,    8
  240,19971110,    3
  240,19971111,    2
  240,19971112,    0
  240,19971113,    0
  240,19971114,    1
  240,19971115,   30
  240,19971116,   -1
  240,19971117,    0
  240,19971118,    0
  240,19971119,   -1
  240,19971120,   85
  240,19971121,   -1
  240,19971122,    0
  240,19971123,   -1
  240,19971124,   -1
  240,19971125,    0
  240,19971126,   -1
  240,19971127,   94
  240,19971128,   33
  240,19971129,   34
  240,19971130,   18
  240,19971201,    2
  240,19971202,    0
  240,19971203,   -1
  240,19971204,   -1
  240,19971205,   22
  240,19971206,   74
  240,19971207,   -1
  240,19971208,    4
  240,19971209,   97
  240,19971210,  140
  240,19971211,   20
  240,19971212,   45
  240,19971213,    1
  240,19971214,   16
  240,19971215,    0
  240,19971216,    0
  240,19971217,   -1
  240,19971218,    1
  240,19971219,   14
  240,19971220,    0
  240,19971221,    1
  240,19971222,    0
  240,19971223,    6
  240,19971224,  112
  240,19971225,   62
  240,19971226,   30
  240,19971227,   35
  240,19971228,   79
  240,19971229,   19
  240,19971230,    0
  240,19971231,   32
  240,19980101,   24
  240,19980102,  114
  240,19980103,  115
  240,19980104,   62
  240,19980105,   82
  240,19980106,   34
  240,19980107,   82
  240,19980108,   31
  240,19980109,    0
  240,19980110,    0
  240,19980111,    0
  240,19980112,    0
  240,19980113,   -1
  240,19980114,   12
  240,19980115,   13
  240,19980116,   29
  240,19980117,    7
  240,19980118,  137
  240,19980119,  124
  240,19980120,    9
  240,19980121,    0
  240,19980122,    0
  240,19980123,    0
  240,19980124,   -1
  240,19980125,    0
  240,19980126,    0
  240,19980127,   -1
  240,19980128,    7
  240,19980129,   10
  240,19980130,    4
  240,19980131,    3
  240,19980201,    0
  240,19980202,   44
  240,19980203,    1
  240,19980204,   -1
  240,19980205,    0
  240,19980206,    0
  240,19980207,   28
  240,19980208,    0
  240,19980209,    0
  240,19980210,    0
  240,19980211,    0
  240,19980212,    0
  240,19980213,    0
  240,19980214,    0
  240,19980215,    0
  240,19980216,    6
  240,19980217,    0
  240,19980218,    0
  240,19980219,    0
  240,19980220,    0
  240,19980221,   70
  240,19980222,    3
  240,19980223,    7
  240,19980224,    0
  240,19980225,    0
  240,19980226,    0
  240,19980227,    1
  240,19980228,   60
  240,19980301,    7
  240,19980302,   34
  240,19980303,  154
  240,19980304,   39
  240,19980305,   84
  240,19980306,  322
  240,19980307,  208
  240,19980308,   -1
  240,19980309,   -1
  240,19980310,    2
  240,19980311,   76
  240,19980312,    1
  240,19980313,    5
  240,19980314,    4
  240,19980315,    0
  240,19980316,    0
  240,19980317,    0
  240,19980318,    0
  240,19980319,    0
  240,19980320,    7
  240,19980321,   -1
  240,19980322,   -1
  240,19980323,   -1
  240,19980324,    0
  240,19980325,    0
  240,19980326,   72
  240,19980327,    0
  240,19980328,    0
  240,19980329,   -1
  240,19980330,    0
  240,19980331,    0
  240,19980401,   13
  240,19980402,   36
  240,19980403,   70
  240,19980404,   83
  240,19980405,   30
  240,19980406,   13
  240,19980407,   39
  240,19980408,    2
  240,19980409,   33
  240,19980410,   12
  240,19980411,    2
  240,19980412,    4
  240,19980413,   81
  240,19980414,   80
  240,19980415,   78
  240,19980416,   28
  240,19980417,    3
  240,19980418,    9
  240,19980419,   -1
  240,19980420,   43
  240,19980421,    2
  240,19980422,    0
  240,19980423,   18
  240,19980424,   27
  240,19980425,   88
  240,19980426,    0
  240,19980427,   49
  240,19980428,    4
  240,19980429,    0
  240,19980430,   -1
  240,19980501,   -1
  240,19980502,   43
  240,19980503,    0
  240,19980504,    0
  240,19980505,    9
  240,19980506,   18
  240,19980507,   -1
  240,19980508,    0
  240,19980509,    0
  240,19980510,    0
  240,19980511,    0
  240,19980512,    0
  240,19980513,    0
  240,19980514,    0
  240,19980515,    0
  240,19980516,    0
  240,19980517,    0
  240,19980518,    0
  240,19980519,    0
  240,19980520,   -1
  240,19980521,   -1
  240,19980522,   -1
  240,19980523,    3
  240,19980524,   10
  240,19980525,    1
  240,19980526,   48
  240,19980527,    8
  240,19980528,   60
  240,19980529,  156
  240,19980530,   -1
  240,19980531,    2
  240,19980601,    0
  240,19980602,  146
  240,19980603,   51
  240,19980604,   -1
  240,19980605,   74
  240,19980606,  121
  240,19980607,    8
  240,19980608,    7
  240,19980609,  181
  240,19980610,   18
  240,19980611,  324
  240,19980612,  103
  240,19980613,    0
  240,19980614,   34
  240,19980615,   56
  240,19980616,    3
  240,19980617,    2
  240,19980618,   90
  240,19980619,    6
  240,19980620,    0
  240,19980621,    7
  240,19980622,    0
  240,19980623,   25
  240,19980624,    1
  240,19980625,  127
  240,19980626,    0
  240,19980627,  130
  240,19980628,   29
  240,19980629,    6
  240,19980630,   92
  240,19980701,    2
  240,19980702,   -1
  240,19980703,    0
  240,19980704,    2
  240,19980705,    8
  240,19980706,    1
  240,19980707,   29
  240,19980708,   18
  240,19980709,   -1
  240,19980710,    2
  240,19980711,    2
  240,19980712,  125
  240,19980713,   -1
  240,19980714,    8
  240,19980715,    3
  240,19980716,  155
  240,19980717,   48
  240,19980718,    5
  240,19980719,    0
  240,19980720,   -1
  240,19980721,   20
  240,19980722,    0
  240,19980723,   -1
  240,19980724,    0
  240,19980725,    0
  240,19980726,    0
  240,19980727,   12
  240,19980728,    0
  240,19980729,  295
  240,19980730,  148
  240,19980731,   17
  240,19980801,   11
  240,19980802,   -1
  240,19980803,    9
  240,19980804,   53
  240,19980805,    0
  240,19980806,    0
  240,19980807,    0
  240,19980808,    0
  240,19980809,    0
  240,19980810,    0
  240,19980811,    0
  240,19980812,    0
  240,19980813,   -1
  240,19980814,   -1
  240,19980815,   -1
  240,19980816,    0
  240,19980817,   -1
  240,19980818,   -1
  240,19980819,    0
  240,19980820,   -1
  240,19980821,  274
  240,19980822,   11
  240,19980823,  192
  240,19980824,   81
  240,19980825,    2
  240,19980826,  133
  240,19980827,   41
  240,19980828,    2
  240,19980829,   57
  240,19980830,   19
  240,19980831,    0
  240,19980901,   30
  240,19980902,   77
  240,19980903,  101
  240,19980904,    0
  240,19980905,   79
  240,19980906,    1
  240,19980907,   11
  240,19980908,   36
  240,19980909,   92
  240,19980910,  104
  240,19980911,    6
  240,19980912,   33
  240,19980913,  145
  240,19980914,  501
  240,19980915,   92
  240,19980916,   74
  240,19980917,   46
  240,19980918,   -1
  240,19980919,   18
  240,19980920,    0
  240,19980921,    0
  240,19980922,    0
  240,19980923,    0
  240,19980924,    0
  240,19980925,    2
  240,19980926,   -1
  240,19980927,   12
  240,19980928,    0
  240,19980929,   -1
  240,19980930,   28
  240,19981001,   -1
  240,19981002,    0
  240,19981003,    4
  240,19981004,   10
  240,19981005,   20
  240,19981006,   -1
  240,19981007,   35
  240,19981008,  195
  240,19981009,   36
  240,19981010,   92
  240,19981011,   82
  240,19981012,   88
  240,19981013,   14
  240,19981014,   15
  240,19981015,   -1
  240,19981016,    1
  240,19981017,   82
  240,19981018,    4
  240,19981019,    8
  240,19981020,   55
  240,19981021,   31
  240,19981022,   -1
  240,19981023,   52
  240,19981024,  166
  240,19981025,   87
  240,19981026,   45
  240,19981027,  178
  240,19981028,   92
  240,19981029,   15
  240,19981030,  109
  240,19981031,   64
  240,19981101,   98
  240,19981102,   92
  240,19981103,  209
  240,19981104,  130
  240,19981105,   34
  240,19981106,    3
  240,19981107,    0
  240,19981108,  123
  240,19981109,   80
  240,19981110,  111
  240,19981111,    3
  240,19981112,    1
  240,19981113,   85
  240,19981114,   15
  240,19981115,    5
  240,19981116,   -1
  240,19981117,   -1
  240,19981118,   31
  240,19981119,    0
  240,19981120,    0
  240,19981121,    0
  240,19981122,    0
  240,19981123,    0
  240,19981124,    0
  240,19981125,   -1
  240,19981126,   52
  240,19981127,    5
  240,19981128,   11
  240,19981129,   68
  240,19981130,   -1
  240,19981201,    0
  240,19981202,   -1
  240,19981203,   -1
  240,19981204,   24
  240,19981205,   35
  240,19981206,   17
  240,19981207,    4
  240,19981208,   17
  240,19981209,   70
  240,19981210,    0
  240,19981211,   11
  240,19981212,  184
  240,19981213,    3
  240,19981214,   30
  240,19981215,  205
  240,19981216,    0
  240,19981217,    0
  240,19981218,   10
  240,19981219,   64
  240,19981220,    7
  240,19981221,   18
  240,19981222,    3
  240,19981223,    2
  240,19981224,   41
  240,19981225,  121
  240,19981226,   63
  240,19981227,   40
  240,19981228,   14
  240,19981229,    0
  240,19981230,    0
  240,19981231,   -1
  240,19990101,    0
  240,19990102,   77
  240,19990103,   53
  240,19990104,   52
  240,19990105,   16
  240,19990106,   -1
  240,19990107,   44
  240,19990108,   33
  240,19990109,    0
  240,19990110,    0
  240,19990111,    3
  240,19990112,   94
  240,19990113,   51
  240,19990114,   32
  240,19990115,   37
  240,19990116,   45
  240,19990117,    0
  240,19990118,   -1
  240,19990119,   30
  240,19990120,   14
  240,19990121,   11
  240,19990122,    0
  240,19990123,    0
  240,19990124,   31
  240,19990125,   15
  240,19990126,   99
  240,19990127,   57
  240,19990128,   55
  240,19990129,    0
  240,19990130,    0
  240,19990131,    0
  240,19990201,   -1
  240,19990202,    0
  240,19990203,   -1
  240,19990204,   -1
  240,19990205,   38
  240,19990206,   70
  240,19990207,   80
  240,19990208,   62
  240,19990209,   22
  240,19990210,   16
  240,19990211,    0
  240,19990212,    0
  240,19990213,    0
  240,19990214,    5
  240,19990215,    4
  240,19990216,   17
  240,19990217,   26
  240,19990218,    4
  240,19990219,   53
  240,19990220,    0
  240,19990221,   43
  240,19990222,   78
  240,19990223,   23
  240,19990224,    1
  240,19990225,   15
  240,19990226,   27
  240,19990227,   26
  240,19990228,    5
  240,19990301,  213
  240,19990302,  177
  240,19990303,   12
  240,19990304,   41
  240,19990305,   22
  240,19990306,   39
  240,19990307,   46
  240,19990308,   13
  240,19990309,    2
  240,19990310,    1
  240,19990311,    0
  240,19990312,    0
  240,19990313,    0
  240,19990314,    0
  240,19990315,    0
  240,19990316,   14
  240,19990317,   13
  240,19990318,   69
  240,19990319,    2
  240,19990320,   -1
  240,19990321,   62
  240,19990322,   28
  240,19990323,   67
  240,19990324,    0
  240,19990325,    2
  240,19990326,   56
  240,19990327,    0
  240,19990328,    0
  240,19990329,    0
  240,19990330,   38
  240,19990331,    0
  240,19990401,    0
  240,19990402,    0
  240,19990403,  160
  240,19990404,    0
  240,19990405,    3
  240,19990406,   25
  240,19990407,    7
  240,19990408,   -1
  240,19990409,   -1
  240,19990410,   12
  240,19990411,   -1
  240,19990412,   82
  240,19990413,   44
  240,19990414,   53
  240,19990415,    9
  240,19990416,    0
  240,19990417,   33
  240,19990418,   -1
  240,19990419,   14
  240,19990420,   24
  240,19990421,   63
  240,19990422,   26
  240,19990423,   -1
  240,19990424,    5
  240,19990425,    0
  240,19990426,    0
  240,19990427,    0
  240,19990428,    0
  240,19990429,   -1
  240,19990430,    0
  240,19990501,   -1
  240,19990502,    0
  240,19990503,    0
  240,19990504,    0
  240,19990505,   77
  240,19990506,   78
  240,19990507,   40
  240,19990508,    2
  240,19990509,    0
  240,19990510,   25
  240,19990511,    4
  240,19990512,   -1
  240,19990513,    0
  240,19990514,   -1
  240,19990515,    0
  240,19990516,    1
  240,19990517,    0
  240,19990518,    0
  240,19990519,   -1
  240,19990520,   17
  240,19990521,   27
  240,19990522,    4
  240,19990523,    0
  240,19990524,    1
  240,19990525,   -1
  240,19990526,    0
  240,19990527,    0
  240,19990528,   -1
  240,19990529,   -1
  240,19990530,   20
  240,19990531,    6
  240,19990601,    0
  240,19990602,  108
  240,19990603,   28
  240,19990604,   74
  240,19990605,   83
  240,19990606,   34
  240,19990607,   59
  240,19990608,  132
  240,19990609,    0
  240,19990610,    1
  240,19990611,   16
  240,19990612,    0
  240,19990613,   -1
  240,19990614,    0
  240,19990615,    0
  240,19990616,    0
  240,19990617,   -1
  240,19990618,    0
  240,19990619,    0
  240,19990620,   52
  240,19990621,   11
  240,19990622,   -1
  240,19990623,    7
  240,19990624,    4
  240,19990625,    0
  240,19990626,    0
  240,19990627,   95
  240,19990628,   51
  240,19990629,  248
  240,19990630,   10
  240,19990701,    6
  240,19990702,   -1
  240,19990703,   44
  240,19990704,  137
  240,19990705,   49
  240,19990706,   37
  240,19990707,   -1
  240,19990708,    0
  240,19990709,    0
  240,19990710,    0
  240,19990711,    0
  240,19990712,    0
  240,19990713,   -1
  240,19990714,   11
  240,19990715,   12
  240,19990716,    0
  240,19990717,    0
  240,19990718,    0
  240,19990719,   -1
  240,19990720,   16
  240,19990721,    8
  240,19990722,   51
  240,19990723,   -1
  240,19990724,    0
  240,19990725,    0
  240,19990726,    0
  240,19990727,    0
  240,19990728,    0
  240,19990729,    0
  240,19990730,    0
  240,19990731,    0
  240,19990801,    0
  240,19990802,    0
  240,19990803,   -1
  240,19990804,    0
  240,19990805,   21
  240,19990806,    0
  240,19990807,  159
  240,19990808,    6
  240,19990809,   18
  240,19990810,  178
  240,19990811,    0
  240,19990812,    0
  240,19990813,    1
  240,19990814,  151
  240,19990815,   -1
  240,19990816,   61
  240,19990817,   25
  240,19990818,  265
  240,19990819,  142
  240,19990820,   63
  240,19990821,    2
  240,19990822,    0
  240,19990823,    0
  240,19990824,   -1
  240,19990825,    7
  240,19990826,   16
  240,19990827,    0
  240,19990828,    0
  240,19990829,    0
  240,19990830,    0
  240,19990831,    2
  240,19990901,    0
  240,19990902,    0
  240,19990903,    0
  240,19990904,    0
  240,19990905,    0
  240,19990906,    0
  240,19990907,   -1
  240,19990908,    0
  240,19990909,    0
  240,19990910,    0
  240,19990911,    0
  240,19990912,    0
  240,19990913,   -1
  240,19990914,   -1
  240,19990915,   73
  240,19990916,    3
  240,19990917,    7
  240,19990918,    0
  240,19990919,    2
  240,19990920,   16
  240,19990921,    9
  240,19990922,   97
  240,19990923,   16
  240,19990924,   43
  240,19990925,   -1
  240,19990926,  296
  240,19990927,   70
  240,19990928,   30
  240,19990929,  162
  240,19990930,  260
  240,19991001,   60
  240,19991002,   40
  240,19991003,  149
  240,19991004,  213
  240,19991005,   20
  240,19991006,    6
  240,19991007,  114
  240,19991008,   76
  240,19991009,    5
  240,19991010,    1
  240,19991011,   10
  240,19991012,    0
  240,19991013,    0
  240,19991014,   -1
  240,19991015,    0
  240,19991016,    0
  240,19991017,    0
  240,19991018,    0
  240,19991019,    0
  240,19991020,    0
  240,19991021,    6
  240,19991022,  125
  240,19991023,   -1
  240,19991024,    7
  240,19991025,   -1
  240,19991026,    3
  240,19991027,    0
  240,19991028,   -1
  240,19991029,    0
  240,19991030,   34
  240,19991031,    0
  240,19991101,    6
  240,19991102,   -1
  240,19991103,   -1
  240,19991104,    0
  240,19991105,   11
  240,19991106,  247
  240,19991107,   34
  240,19991108,   31
  240,19991109,    3
  240,19991110,   -1
  240,19991111,    0
  240,19991112,    0
  240,19991113,   -1
  240,19991114,    4
  240,19991115,    0
  240,19991116,   53
  240,19991117,  151
  240,19991118,   77
  240,19991119,   42
  240,19991120,    6
  240,19991121,   14
  240,19991122,   30
  240,19991123,   -1
  240,19991124,   -1
  240,19991125,   26
  240,19991126,    0
  240,19991127,   21
  240,19991128,    0
  240,19991129,    3
  240,19991130,    1
  240,19991201,   -1
  240,19991202,    1
  240,19991203,   63
  240,19991204,   41
  240,19991205,   15
  240,19991206,   19
  240,19991207,   72
  240,19991208,   18
  240,19991209,   11
  240,19991210,   28
  240,19991211,  164
  240,19991212,   64
  240,19991213,  142
  240,19991214,  103
  240,19991215,   48
  240,19991216,    3
  240,19991217,  117
  240,19991218,    0
  240,19991219,   30
  240,19991220,    2
  240,19991221,    0
  240,19991222,   26
  240,19991223,   46
  240,19991224,  147
  240,19991225,   33
  240,19991226,  238
  240,19991227,   42
  240,19991228,   23
  240,19991229,   43
  240,19991230,   25
  240,19991231,    0
  240,20000101,   11
  240,20000102,   -1
  240,20000103,  107
  240,20000104,   43
  240,20000105,    0
  240,20000106,   19
  240,20000107,    0
  240,20000108,   23
  240,20000109,    0
  240,20000110,    0
  240,20000111,    0
  240,20000112,    0
  240,20000113,   -1
  240,20000114,   -1
  240,20000115,    0
  240,20000116,    3
  240,20000117,    1
  240,20000118,    4
  240,20000119,    1
  240,20000120,   12
  240,20000121,    3
  240,20000122,   68
  240,20000123,    1
  240,20000124,    0
  240,20000125,   17
  240,20000126,    2
  240,20000127,    0
  240,20000128,   11
  240,20000129,  110
  240,20000130,    1
  240,20000131,   37
  240,20000201,   40
  240,20000202,   47
  240,20000203,    0
  240,20000204,   15
  240,20000205,    0
  240,20000206,    5
  240,20000207,   82
  240,20000208,   72
  240,20000209,   -1
  240,20000210,   99
  240,20000211,    0
  240,20000212,   53
  240,20000213,    0
  240,20000214,   20
  240,20000215,   11
  240,20000216,   86
  240,20000217,    5
  240,20000218,   74
  240,20000219,    8
  240,20000220,   -1
  240,20000221,    8
  240,20000222,    0
  240,20000223,    3
  240,20000224,  133
  240,20000225,   68
  240,20000226,    0
  240,20000227,    0
  240,20000228,   51
  240,20000229,   88
  240,20000301,   28
  240,20000302,  141
  240,20000303,   77
  240,20000304,   53
  240,20000305,    4
  240,20000306,    0
  240,20000307,   35
  240,20000308,   85
  240,20000309,   16
  240,20000310,   14
  240,20000311,   -1
  240,20000312,    0
  240,20000313,   -1
  240,20000314,   10
  240,20000315,   12
  240,20000316,    1
  240,20000317,   -1
  240,20000318,   19
  240,20000319,    0
  240,20000320,    0
  240,20000321,    0
  240,20000322,    0
  240,20000323,    0
  240,20000324,   86
  240,20000325,   80
  240,20000326,  134
  240,20000327,    9
  240,20000328,   -1
  240,20000329,    0
  240,20000330,   -1
  240,20000331,   -1
  240,20000401,   -1
  240,20000402,    9
  240,20000403,    2
  240,20000404,   19
  240,20000405,   -1
  240,20000406,    0
  240,20000407,    0
  240,20000408,    0
  240,20000409,    0
  240,20000410,    0
  240,20000411,   -1
  240,20000412,   44
  240,20000413,   53
  240,20000414,    1
  240,20000415,   80
  240,20000416,   15
  240,20000417,  113
  240,20000418,    0
  240,20000419,    0
  240,20000420,   -1
  240,20000421,   17
  240,20000422,   54
  240,20000423,   28
  240,20000424,    0
  240,20000425,   -1
  240,20000426,   -1
  240,20000427,   -1
  240,20000428,    0
  240,20000429,   10
  240,20000430,    2
  240,20000501,   -1
  240,20000502,   -1
  240,20000503,   -1
  240,20000504,    0
  240,20000505,    0
  240,20000506,    0
  240,20000507,   -1
  240,20000508,    7
  240,20000509,   -1
  240,20000510,    0
  240,20000511,    0
  240,20000512,    0
  240,20000513,    0
  240,20000514,    0
  240,20000515,    0
  240,20000516,  183
  240,20000517,   11
  240,20000518,   53
  240,20000519,   12
  240,20000520,    4
  240,20000521,   72
  240,20000522,   -1
  240,20000523,   48
  240,20000524,   77
  240,20000525,   56
  240,20000526,   58
  240,20000527,    7
  240,20000528,  199
  240,20000529,   40
  240,20000530,   24
  240,20000531,    0
  240,20000601,   23
  240,20000602,    0
  240,20000603,   38
  240,20000604,   -1
  240,20000605,   33
  240,20000606,   32
  240,20000607,   -1
  240,20000608,    0
  240,20000609,    0
  240,20000610,    2
  240,20000611,    0
  240,20000612,   -1
  240,20000613,    6
  240,20000614,   65
  240,20000615,   -1
  240,20000616,    0
  240,20000617,    0
  240,20000618,    0
  240,20000619,    0
  240,20000620,   22
  240,20000621,   -1
  240,20000622,    8
  240,20000623,   55
  240,20000624,   29
  240,20000625,   16
  240,20000626,   -1
  240,20000627,    0
  240,20000628,   -1
  240,20000629,    0
  240,20000630,    0
  240,20000701,   45
  240,20000702,  139
  240,20000703,   36
  240,20000704,    0
  240,20000705,   14
  240,20000706,    0
  240,20000707,   -1
  240,20000708,   23
  240,20000709,   83
  240,20000710,  155
  240,20000711,   24
  240,20000712,    6
  240,20000713,   51
  240,20000714,   90
  240,20000715,   72
  240,20000716,    6
  240,20000717,   11
  240,20000718,   -1
  240,20000719,    4
  240,20000720,    0
  240,20000721,   -1
  240,20000722,    0
  240,20000723,    0
  240,20000724,   17
  240,20000725,    0
  240,20000726,   -1
  240,20000727,   65
  240,20000728,    0
  240,20000729,    0
  240,20000730,    0
  240,20000731,    0
  240,20000801,    7
  240,20000802,   -1
  240,20000803,   14
  240,20000804,    0
  240,20000805,    0
  240,20000806,    0
  240,20000807,   -1
  240,20000808,    2
  240,20000809,    0
  240,20000810,    5
  240,20000811,    0
  240,20000812,    0
  240,20000813,   -1
  240,20000814,  149
  240,20000815,   -1
  240,20000816,   -1
  240,20000817,   -1
  240,20000818,   -1
  240,20000819,   -1
  240,20000820,  211
  240,20000821,   92
  240,20000822,    0
  240,20000823,    0
  240,20000824,    0
  240,20000825,    0
  240,20000826,    0
  240,20000827,   19
  240,20000828,   13
  240,20000829,    1
  240,20000830,    0
  240,20000831,    0
  240,20000901,  169
  240,20000902,   69
  240,20000903,    8
  240,20000904,    1
  240,20000905,   -1
  240,20000906,  166
  240,20000907,    1
  240,20000908,   92
  240,20000909,   35
  240,20000910,    0
  240,20000911,    0
  240,20000912,   -1
  240,20000913,    0
  240,20000914,    0
  240,20000915,   82
  240,20000916,   24
  240,20000917,    7
  240,20000918,    0
  240,20000919,   -1
  240,20000920,    7
  240,20000921,    0
  240,20000922,   -1
  240,20000923,    0
  240,20000924,   21
  240,20000925,    4
  240,20000926,  158
  240,20000927,    2
  240,20000928,   47
  240,20000929,    2
  240,20000930,    9
  240,20001001,   28
  240,20001002,   -1
  240,20001003,    5
  240,20001004,    6
  240,20001005,   72
  240,20001006,  129
  240,20001007,    6
  240,20001008,   90
  240,20001009,   28
  240,20001010,  152
  240,20001011,   93
  240,20001012,    4
  240,20001013,   -1
  240,20001014,    0
  240,20001015,    1
  240,20001016,  122
  240,20001017,   23
  240,20001018,   32
  240,20001019,  126
  240,20001020,   -1
  240,20001021,   -1
  240,20001022,    2
  240,20001023,   18
  240,20001024,    8
  240,20001025,   20
  240,20001026,   17
  240,20001027,   96
  240,20001028,   57
  240,20001029,   80
  240,20001030,  122
  240,20001031,   67
  240,20001101,   67
  240,20001102,   73
  240,20001103,   10
  240,20001104,   33
  240,20001105,   -1
  240,20001106,   67
  240,20001107,   51
  240,20001108,  261
  240,20001109,  355
  240,20001110,  332
  240,20001111,   17
  240,20001112,   90
  240,20001113,    1
  240,20001114,    2
  240,20001115,   14
  240,20001116,   49
  240,20001117,   71
  240,20001118,   36
  240,20001119,  106
  240,20001120,   59
  240,20001121,   42
  240,20001122,    5
  240,20001123,   23
  240,20001124,    9
  240,20001125,   82
  240,20001126,   56
  240,20001127,    7
  240,20001128,   44
  240,20001129,   -1
  240,20001130,    0
  240,20001201,   22
  240,20001202,   -1
  240,20001203,  144
  240,20001204,   13
  240,20001205,    2
  240,20001206,   27
  240,20001207,   13
  240,20001208,   11
  240,20001209,   -1
  240,20001210,   96
  240,20001211,  124
  240,20001212,   66
  240,20001213,   29
  240,20001214,   28
  240,20001215,   64
  240,20001216,  101
  240,20001217,   12
  240,20001218,    0
  240,20001219,    0
  240,20001220,    0
  240,20001221,    0
  240,20001222,    0
  240,20001223,    3
  240,20001224,   93
  240,20001225,   -1
  240,20001226,    0
  240,20001227,    7
  240,20001228,    8
  240,20001229,  101
  240,20001230,   84
  240,20001231,    0
  240,20010101,   78
  240,20010102,    1
  240,20010103,   51
  240,20010104,   32
  240,20010105,  144
  240,20010106,   20
  240,20010107,   -1
  240,20010108,   17
  240,20010109,    0
  240,20010110,    0
  240,20010111,    0
  240,20010112,    0
  240,20010113,    0
  240,20010114,    0
  240,20010115,    0
  240,20010116,    0
  240,20010117,    0
  240,20010118,   13
  240,20010119,    1
  240,20010120,   12
  240,20010121,   56
  240,20010122,   14
  240,20010123,   54
  240,20010124,   94
  240,20010125,   -1
  240,20010126,    6
  240,20010127,  118
  240,20010128,    5
  240,20010129,    0
  240,20010130,    0
  240,20010131,    0
  240,20010201,   12
  240,20010202,   56
  240,20010203,   89
  240,20010204,  266
  240,20010205,   74
  240,20010206,   49
  240,20010207,   42
  240,20010208,  158
  240,20010209,    0
  240,20010210,    8
  240,20010211,   -1
  240,20010212,   12
  240,20010213,    0
  240,20010214,    0
  240,20010215,    0
  240,20010216,   -1
  240,20010217,   -1
  240,20010218,    0
  240,20010219,   -1
  240,20010220,    0
  240,20010221,   15
  240,20010222,   30
  240,20010223,   17
  240,20010224,    8
  240,20010225,   24
  240,20010226,    7
  240,20010227,   -1
  240,20010228,   12
  240,20010301,   22
  240,20010302,   -1
  240,20010303,    0
  240,20010304,    0
  240,20010305,    0
  240,20010306,    0
  240,20010307,   36
  240,20010308,   39
  240,20010309,    2
  240,20010310,   31
  240,20010311,   48
  240,20010312,   33
  240,20010313,   38
  240,20010314,   -1
  240,20010315,   -1
  240,20010316,   -1
  240,20010317,   19
  240,20010318,   24
  240,20010319,   36
  240,20010320,    0
  240,20010321,   49
  240,20010322,    0
  240,20010323,  164
  240,20010324,   -1
  240,20010325,   -1
  240,20010326,    0
  240,20010327,    0
  240,20010328,   93
  240,20010329,    2
  240,20010330,    0
  240,20010331,   -1
  240,20010401,    1
  240,20010402,    0
  240,20010403,   -1
  240,20010404,   42
  240,20010405,  109
  240,20010406,   55
  240,20010407,   37
  240,20010408,   17
  240,20010409,   -1
  240,20010410,   28
  240,20010411,    9
  240,20010412,   -1
  240,20010413,   -1
  240,20010414,  114
  240,20010415,   39
  240,20010416,   33
  240,20010417,   14
  240,20010418,   75
  240,20010419,   46
  240,20010420,   22
  240,20010421,    0
  240,20010422,    0
  240,20010423,    0
  240,20010424,   10
  240,20010425,   62
  240,20010426,   11
  240,20010427,   30
  240,20010428,   27
  240,20010429,    4
  240,20010430,   11
  240,20010501,   -1
  240,20010502,    0
  240,20010503,   46
  240,20010504,   51
  240,20010505,    0
  240,20010506,    0
  240,20010507,    0
  240,20010508,    0
  240,20010509,    0
  240,20010510,    0
  240,20010511,    0
  240,20010512,    0
  240,20010513,    0
  240,20010514,   56
  240,20010515,   25
  240,20010516,   89
  240,20010517,   44
  240,20010518,    1
  240,20010519,    0
  240,20010520,    0
  240,20010521,    0
  240,20010522,    0
  240,20010523,    0
  240,20010524,    0
  240,20010525,    0
  240,20010526,    0
  240,20010527,    1
  240,20010528,    8
  240,20010529,    0
  240,20010530,    0
  240,20010531,    6
  240,20010601,   24
  240,20010602,  140
  240,20010603,   27
  240,20010604,   -1
  240,20010605,    0
  240,20010606,    6
  240,20010607,   18
  240,20010608,    0
  240,20010609,    0
  240,20010610,   -1
  240,20010611,   -1
  240,20010612,    0
  240,20010613,    0
  240,20010614,    0
  240,20010615,   56
  240,20010616,   83
  240,20010617,  252
  240,20010618,    0
  240,20010619,    0
  240,20010620,   -1
  240,20010621,    0
  240,20010622,   -1
  240,20010623,    0
  240,20010624,    0
  240,20010625,    0
  240,20010626,    0
  240,20010627,    9
  240,20010628,   -1
  240,20010629,    8
  240,20010630,   13
  240,20010701,   -1
  240,20010702,    0
  240,20010703,    0
  240,20010704,    0
  240,20010705,    6
  240,20010706,    0
  240,20010707,   53
  240,20010708,   25
  240,20010709,   -1
  240,20010710,   38
  240,20010711,   50
  240,20010712,    2
  240,20010713,    3
  240,20010714,   17
  240,20010715,   -1
  240,20010716,    0
  240,20010717,    2
  240,20010718,   94
  240,20010719,   25
  240,20010720,   29
  240,20010721,    9
  240,20010722,    0
  240,20010723,   -1
  240,20010724,    0
  240,20010725,    0
  240,20010726,    0
  242,19960726,     
  242,19960727,     
  242,19960728,     
  242,19960729,     
  242,19960730,     
  242,19960731,     
  242,19960801,     
  242,19960802,     
  242,19960803,     
  242,19960804,     
  242,19960805,     
  242,19960806,     
  242,19960807,     
  242,19960808,     
  242,19960809,     
  242,19960810,     
  242,19960811,     
  242,19960812,     
  242,19960813,     
  242,19960814,     
  242,19960815,     
  242,19960816,     
  242,19960817,     
  242,19960818,     
  242,19960819,     
  242,19960820,     
  242,19960821,     
  242,19960822,     
  242,19960823,     
  242,19960824,     
  242,19960825,     
  242,19960826,     
  242,19960827,     
  242,19960828,     
  242,19960829,     
  242,19960830,     
  242,19960831,     
  242,19960901,     
  242,19960902,     
  242,19960903,     
  242,19960904,     
  242,19960905,     
  242,19960906,     
  242,19960907,     
  242,19960908,     
  242,19960909,     
  242,19960910,     
  242,19960911,     
  242,19960912,     
  242,19960913,     
  242,19960914,     
  242,19960915,     
  242,19960916,     
  242,19960917,     
  242,19960918,     
  242,19960919,     
  242,19960920,     
  242,19960921,     
  242,19960922,     
  242,19960923,     
  242,19960924,     
  242,19960925,     
  242,19960926,     
  242,19960927,     
  242,19960928,     
  242,19960929,     
  242,19960930,     
  242,19961001,     
  242,19961002,     
  242,19961003,     
  242,19961004,     
  242,19961005,     
  242,19961006,     
  242,19961007,     
  242,19961008,     
  242,19961009,     
  242,19961010,     
  242,19961011,     
  242,19961012,     
  242,19961013,     
  242,19961014,     
  242,19961015,     
  242,19961016,     
  242,19961017,     
  242,19961018,     
  242,19961019,     
  242,19961020,     
  242,19961021,     
  242,19961022,     
  242,19961023,     
  242,19961024,     
  242,19961025,     
  242,19961026,     
  242,19961027,     
  242,19961028,     
  242,19961029,     
  242,19961030,     
  242,19961031,     
  242,19961101,     
  242,19961102,     
  242,19961103,     
  242,19961104,     
  242,19961105,     
  242,19961106,     
  242,19961107,     
  242,19961108,     
  242,19961109,     
  242,19961110,     
  242,19961111,     
  242,19961112,     
  242,19961113,     
  242,19961114,     
  242,19961115,     
  242,19961116,     
  242,19961117,     
  242,19961118,     
  242,19961119,     
  242,19961120,     
  242,19961121,     
  242,19961122,     
  242,19961123,     
  242,19961124,     
  242,19961125,     
  242,19961126,     
  242,19961127,     
  242,19961128,     
  242,19961129,     
  242,19961130,     
  242,19961201,     
  242,19961202,     
  242,19961203,     
  242,19961204,     
  242,19961205,     
  242,19961206,     
  242,19961207,     
  242,19961208,     
  242,19961209,     
  242,19961210,     
  242,19961211,     
  242,19961212,     
  242,19961213,     
  242,19961214,     
  242,19961215,     
  242,19961216,     
  242,19961217,     
  242,19961218,     
  242,19961219,     
  242,19961220,     
  242,19961221,     
  242,19961222,     
  242,19961223,     
  242,19961224,     
  242,19961225,     
  242,19961226,     
  242,19961227,     
  242,19961228,     
  242,19961229,     
  242,19961230,     
  242,19961231,     
  242,19970101,     
  242,19970102,     
  242,19970103,     
  242,19970104,     
  242,19970105,     
  242,19970106,     
  242,19970107,     
  242,19970108,     
  242,19970109,     
  242,19970110,     
  242,19970111,     
  242,19970112,     
  242,19970113,     
  242,19970114,     
  242,19970115,     
  242,19970116,     
  242,19970117,     
  242,19970118,     
  242,19970119,     
  242,19970120,     
  242,19970121,     
  242,19970122,     
  242,19970123,     
  242,19970124,     
  242,19970125,     
  242,19970126,     
  242,19970127,     
  242,19970128,     
  242,19970129,     
  242,19970130,     
  242,19970131,     
  242,19970201,     
  242,19970202,     
  242,19970203,     
  242,19970204,     
  242,19970205,     
  242,19970206,     
  242,19970207,     
  242,19970208,     
  242,19970209,     
  242,19970210,     
  242,19970211,     
  242,19970212,     
  242,19970213,     
  242,19970214,     
  242,19970215,     
  242,19970216,     
  242,19970217,     
  242,19970218,     
  242,19970219,     
  242,19970220,     
  242,19970221,     
  242,19970222,     
  242,19970223,     
  242,19970224,     
  242,19970225,     
  242,19970226,     
  242,19970227,     
  242,19970228,     
  242,19970301,     
  242,19970302,     
  242,19970303,     
  242,19970304,     
  242,19970305,     
  242,19970306,     
  242,19970307,     
  242,19970308,     
  242,19970309,     
  242,19970310,     
  242,19970311,     
  242,19970312,     
  242,19970313,     
  242,19970314,     
  242,19970315,     
  242,19970316,     
  242,19970317,     
  242,19970318,     
  242,19970319,     
  242,19970320,     
  242,19970321,     
  242,19970322,     
  242,19970323,     
  242,19970324,     
  242,19970325,     
  242,19970326,     
  242,19970327,     
  242,19970328,     
  242,19970329,     
  242,19970330,     
  242,19970331,     
  242,19970401,     
  242,19970402,     
  242,19970403,     
  242,19970404,     
  242,19970405,     
  242,19970406,     
  242,19970407,     
  242,19970408,     
  242,19970409,     
  242,19970410,     
  242,19970411,     
  242,19970412,     
  242,19970413,     
  242,19970414,     
  242,19970415,     
  242,19970416,     
  242,19970417,     
  242,19970418,     
  242,19970419,     
  242,19970420,     
  242,19970421,     
  242,19970422,     
  242,19970423,     
  242,19970424,     
  242,19970425,     
  242,19970426,     
  242,19970427,     
  242,19970428,     
  242,19970429,     
  242,19970430,     
  242,19970501,     
  242,19970502,     
  242,19970503,     
  242,19970504,     
  242,19970505,     
  242,19970506,     
  242,19970507,     
  242,19970508,     
  242,19970509,     
  242,19970510,     
  242,19970511,     
  242,19970512,     
  242,19970513,     
  242,19970514,     
  242,19970515,     
  242,19970516,     
  242,19970517,     
  242,19970518,     
  242,19970519,     
  242,19970520,     
  242,19970521,     
  242,19970522,     
  242,19970523,     
  242,19970524,     
  242,19970525,     
  242,19970526,     
  242,19970527,     
  242,19970528,     
  242,19970529,     
  242,19970530,     
  242,19970531,     
  242,19970601,     
  242,19970602,     
  242,19970603,     
  242,19970604,     
  242,19970605,     
  242,19970606,     
  242,19970607,     
  242,19970608,     
  242,19970609,     
  242,19970610,     
  242,19970611,     
  242,19970612,     
  242,19970613,     
  242,19970614,     
  242,19970615,     
  242,19970616,     
  242,19970617,     
  242,19970618,     
  242,19970619,     
  242,19970620,     
  242,19970621,     
  242,19970622,     
  242,19970623,     
  242,19970624,     
  242,19970625,     
  242,19970626,     
  242,19970627,     
  242,19970628,     
  242,19970629,     
  242,19970630,     
  242,19970701,     
  242,19970702,     
  242,19970703,     
  242,19970704,     
  242,19970705,     
  242,19970706,     
  242,19970707,     
  242,19970708,     
  242,19970709,     
  242,19970710,     
  242,19970711,     
  242,19970712,     
  242,19970713,     
  242,19970714,     
  242,19970715,     
  242,19970716,     
  242,19970717,     
  242,19970718,     
  242,19970719,     
  242,19970720,     
  242,19970721,     
  242,19970722,     
  242,19970723,     
  242,19970724,     
  242,19970725,     
  242,19970726,     
  242,19970727,     
  242,19970728,     
  242,19970729,     
  242,19970730,     
  242,19970731,     
  242,19970801,     
  242,19970802,     
  242,19970803,     
  242,19970804,     
  242,19970805,     
  242,19970806,     
  242,19970807,     
  242,19970808,     
  242,19970809,     
  242,19970810,     
  242,19970811,     
  242,19970812,     
  242,19970813,     
  242,19970814,     
  242,19970815,     
  242,19970816,     
  242,19970817,     
  242,19970818,     
  242,19970819,     
  242,19970820,     
  242,19970821,     
  242,19970822,     
  242,19970823,     
  242,19970824,     
  242,19970825,     
  242,19970826,     
  242,19970827,     
  242,19970828,     
  242,19970829,     
  242,19970830,     
  242,19970831,     
  242,19970901,     
  242,19970902,     
  242,19970903,     
  242,19970904,     
  242,19970905,     
  242,19970906,     
  242,19970907,     
  242,19970908,     
  242,19970909,     
  242,19970910,     
  242,19970911,     
  242,19970912,     
  242,19970913,     
  242,19970914,     
  242,19970915,     
  242,19970916,     
  242,19970917,     
  242,19970918,     
  242,19970919,     
  242,19970920,     
  242,19970921,     
  242,19970922,     
  242,19970923,     
  242,19970924,     
  242,19970925,     
  242,19970926,     
  242,19970927,     
  242,19970928,     
  242,19970929,     
  242,19970930,     
  242,19971001,     
  242,19971002,     
  242,19971003,     
  242,19971004,     
  242,19971005,     
  242,19971006,     
  242,19971007,     
  242,19971008,     
  242,19971009,     
  242,19971010,     
  242,19971011,     
  242,19971012,     
  242,19971013,     
  242,19971014,     
  242,19971015,     
  242,19971016,     
  242,19971017,     
  242,19971018,     
  242,19971019,     
  242,19971020,     
  242,19971021,     
  242,19971022,     
  242,19971023,     
  242,19971024,     
  242,19971025,     
  242,19971026,     
  242,19971027,     
  242,19971028,     
  242,19971029,     
  242,19971030,     
  242,19971031,     
  242,19971101,     
  242,19971102,     
  242,19971103,     
  242,19971104,     
  242,19971105,     
  242,19971106,     
  242,19971107,     
  242,19971108,     
  242,19971109,     
  242,19971110,     
  242,19971111,     
  242,19971112,     
  242,19971113,     
  242,19971114,     
  242,19971115,     
  242,19971116,     
  242,19971117,     
  242,19971118,     
  242,19971119,     
  242,19971120,     
  242,19971121,     
  242,19971122,     
  242,19971123,     
  242,19971124,     
  242,19971125,     
  242,19971126,     
  242,19971127,     
  242,19971128,     
  242,19971129,     
  242,19971130,     
  242,19971201,     
  242,19971202,     
  242,19971203,     
  242,19971204,     
  242,19971205,     
  242,19971206,     
  242,19971207,     
  242,19971208,     
  242,19971209,     
  242,19971210,     
  242,19971211,     
  242,19971212,     
  242,19971213,     
  242,19971214,     
  242,19971215,     
  242,19971216,     
  242,19971217,     
  242,19971218,     
  242,19971219,     
  242,19971220,     
  242,19971221,     
  242,19971222,     
  242,19971223,     
  242,19971224,     
  242,19971225,     
  242,19971226,     
  242,19971227,     
  242,19971228,     
  242,19971229,     
  242,19971230,     
  242,19971231,     
  242,19980101,     
  242,19980102,     
  242,19980103,     
  242,19980104,     
  242,19980105,     
  242,19980106,     
  242,19980107,     
  242,19980108,     
  242,19980109,     
  242,19980110,     
  242,19980111,     
  242,19980112,     
  242,19980113,     
  242,19980114,     
  242,19980115,     
  242,19980116,     
  242,19980117,     
  242,19980118,     
  242,19980119,     
  242,19980120,     
  242,19980121,     
  242,19980122,     
  242,19980123,     
  242,19980124,     
  242,19980125,     
  242,19980126,     
  242,19980127,     
  242,19980128,     
  242,19980129,     
  242,19980130,     
  242,19980131,     
  242,19980201,     
  242,19980202,     
  242,19980203,     
  242,19980204,     
  242,19980205,     
  242,19980206,     
  242,19980207,     
  242,19980208,     
  242,19980209,     
  242,19980210,     
  242,19980211,     
  242,19980212,     
  242,19980213,     
  242,19980214,     
  242,19980215,     
  242,19980216,     
  242,19980217,     
  242,19980218,     
  242,19980219,     
  242,19980220,     
  242,19980221,     
  242,19980222,     
  242,19980223,     
  242,19980224,     
  242,19980225,     
  242,19980226,     
  242,19980227,     
  242,19980228,     
  242,19980301,     
  242,19980302,     
  242,19980303,     
  242,19980304,     
  242,19980305,     
  242,19980306,     
  242,19980307,     
  242,19980308,     
  242,19980309,     
  242,19980310,     
  242,19980311,     
  242,19980312,     
  242,19980313,     
  242,19980314,     
  242,19980315,     
  242,19980316,     
  242,19980317,     
  242,19980318,     
  242,19980319,     
  242,19980320,     
  242,19980321,     
  242,19980322,     
  242,19980323,     
  242,19980324,     
  242,19980325,     
  242,19980326,     
  242,19980327,     
  242,19980328,     
  242,19980329,     
  242,19980330,     
  242,19980331,     
  242,19980401,     
  242,19980402,     
  242,19980403,     
  242,19980404,     
  242,19980405,     
  242,19980406,     
  242,19980407,     
  242,19980408,     
  242,19980409,     
  242,19980410,     
  242,19980411,     
  242,19980412,     
  242,19980413,     
  242,19980414,     
  242,19980415,     
  242,19980416,     
  242,19980417,     
  242,19980418,     
  242,19980419,     
  242,19980420,     
  242,19980421,     
  242,19980422,     
  242,19980423,     
  242,19980424,     
  242,19980425,     
  242,19980426,     
  242,19980427,     
  242,19980428,     
  242,19980429,     
  242,19980430,     
  242,19980501,     
  242,19980502,     
  242,19980503,     
  242,19980504,     
  242,19980505,     
  242,19980506,     
  242,19980507,     
  242,19980508,     
  242,19980509,     
  242,19980510,     
  242,19980511,     
  242,19980512,     
  242,19980513,     
  242,19980514,     
  242,19980515,     
  242,19980516,     
  242,19980517,     
  242,19980518,     
  242,19980519,     
  242,19980520,     
  242,19980521,     
  242,19980522,     
  242,19980523,     
  242,19980524,     
  242,19980525,     
  242,19980526,     
  242,19980527,     
  242,19980528,     
  242,19980529,     
  242,19980530,     
  242,19980531,     
  242,19980601,     
  242,19980602,     
  242,19980603,     
  242,19980604,     
  242,19980605,     
  242,19980606,     
  242,19980607,     
  242,19980608,     
  242,19980609,     
  242,19980610,     
  242,19980611,     
  242,19980612,     
  242,19980613,     
  242,19980614,     
  242,19980615,     
  242,19980616,     
  242,19980617,     
  242,19980618,     
  242,19980619,     
  242,19980620,     
  242,19980621,     
  242,19980622,     
  242,19980623,     
  242,19980624,     
  242,19980625,     
  242,19980626,     
  242,19980627,     
  242,19980628,     
  242,19980629,     
  242,19980630,     
  242,19980701,     
  242,19980702,     
  242,19980703,     
  242,19980704,     
  242,19980705,     
  242,19980706,     
  242,19980707,     
  242,19980708,     
  242,19980709,     
  242,19980710,     
  242,19980711,     
  242,19980712,     
  242,19980713,     
  242,19980714,     
  242,19980715,     
  242,19980716,     
  242,19980717,     
  242,19980718,     
  242,19980719,     
  242,19980720,     
  242,19980721,     
  242,19980722,     
  242,19980723,     
  242,19980724,     
  242,19980725,     
  242,19980726,     
  242,19980727,     
  242,19980728,     
  242,19980729,     
  242,19980730,     
  242,19980731,     
  242,19980801,     
  242,19980802,     
  242,19980803,     
  242,19980804,     
  242,19980805,     
  242,19980806,     
  242,19980807,     
  242,19980808,     
  242,19980809,     
  242,19980810,     
  242,19980811,     
  242,19980812,     
  242,19980813,     
  242,19980814,     
  242,19980815,     
  242,19980816,     
  242,19980817,     
  242,19980818,     
  242,19980819,     
  242,19980820,     
  242,19980821,     
  242,19980822,     
  242,19980823,     
  242,19980824,     
  242,19980825,     
  242,19980826,     
  242,19980827,     
  242,19980828,     
  242,19980829,     
  242,19980830,     
  242,19980831,     
  242,19980901,     
  242,19980902,     
  242,19980903,     
  242,19980904,     
  242,19980905,     
  242,19980906,     
  242,19980907,     
  242,19980908,     
  242,19980909,     
  242,19980910,     
  242,19980911,     
  242,19980912,     
  242,19980913,     
  242,19980914,     
  242,19980915,     
  242,19980916,     
  242,19980917,     
  242,19980918,     
  242,19980919,     
  242,19980920,     
  242,19980921,     
  242,19980922,     
  242,19980923,     
  242,19980924,     
  242,19980925,     
  242,19980926,     
  242,19980927,     
  242,19980928,     
  242,19980929,     
  242,19980930,     
  242,19981001,     
  242,19981002,     
  242,19981003,     
  242,19981004,     
  242,19981005,     
  242,19981006,     
  242,19981007,     
  242,19981008,     
  242,19981009,     
  242,19981010,     
  242,19981011,     
  242,19981012,     
  242,19981013,     
  242,19981014,     
  242,19981015,     
  242,19981016,     
  242,19981017,     
  242,19981018,     
  242,19981019,     
  242,19981020,     
  242,19981021,     
  242,19981022,     
  242,19981023,     
  242,19981024,     
  242,19981025,     
  242,19981026,     
  242,19981027,     
  242,19981028,     
  242,19981029,     
  242,19981030,     
  242,19981031,     
  242,19981101,     
  242,19981102,     
  242,19981103,     
  242,19981104,     
  242,19981105,     
  242,19981106,     
  242,19981107,     
  242,19981108,     
  242,19981109,     
  242,19981110,     
  242,19981111,     
  242,19981112,     
  242,19981113,     
  242,19981114,     
  242,19981115,     
  242,19981116,     
  242,19981117,     
  242,19981118,     
  242,19981119,     
  242,19981120,     
  242,19981121,     
  242,19981122,     
  242,19981123,     
  242,19981124,     
  242,19981125,     
  242,19981126,     
  242,19981127,     
  242,19981128,     
  242,19981129,     
  242,19981130,     
  242,19981201,     
  242,19981202,     
  242,19981203,     
  242,19981204,     
  242,19981205,     
  242,19981206,     
  242,19981207,     
  242,19981208,     
  242,19981209,     
  242,19981210,     
  242,19981211,     
  242,19981212,     
  242,19981213,     
  242,19981214,     
  242,19981215,     
  242,19981216,     
  242,19981217,     
  242,19981218,     
  242,19981219,     
  242,19981220,     
  242,19981221,     
  242,19981222,     
  242,19981223,     
  242,19981224,     
  242,19981225,     
  242,19981226,     
  242,19981227,     
  242,19981228,     
  242,19981229,     
  242,19981230,     
  242,19981231,     
  242,19990101,     
  242,19990102,     
  242,19990103,     
  242,19990104,     
  242,19990105,     
  242,19990106,     
  242,19990107,     
  242,19990108,     
  242,19990109,     
  242,19990110,     
  242,19990111,     
  242,19990112,     
  242,19990113,     
  242,19990114,     
  242,19990115,     
  242,19990116,     
  242,19990117,     
  242,19990118,     
  242,19990119,     
  242,19990120,     
  242,19990121,     
  242,19990122,     
  242,19990123,     
  242,19990124,     
  242,19990125,     
  242,19990126,     
  242,19990127,     
  242,19990128,     
  242,19990129,     
  242,19990130,     
  242,19990131,     
  242,19990201,     
  242,19990202,     
  242,19990203,     
  242,19990204,     
  242,19990205,     
  242,19990206,     
  242,19990207,     
  242,19990208,     
  242,19990209,     
  242,19990210,     
  242,19990211,     
  242,19990212,     
  242,19990213,     
  242,19990214,     
  242,19990215,     
  242,19990216,     
  242,19990217,     
  242,19990218,     
  242,19990219,     
  242,19990220,     
  242,19990221,     
  242,19990222,     
  242,19990223,     
  242,19990224,     
  242,19990225,     
  242,19990226,     
  242,19990227,     
  242,19990228,     
  242,19990301,     
  242,19990302,     
  242,19990303,     
  242,19990304,     
  242,19990305,     
  242,19990306,     
  242,19990307,     
  242,19990308,     
  242,19990309,     
  242,19990310,     
  242,19990311,     
  242,19990312,     
  242,19990313,     
  242,19990314,     
  242,19990315,     
  242,19990316,     
  242,19990317,     
  242,19990318,     
  242,19990319,     
  242,19990320,     
  242,19990321,     
  242,19990322,     
  242,19990323,     
  242,19990324,     
  242,19990325,     
  242,19990326,     
  242,19990327,     
  242,19990328,     
  242,19990329,     
  242,19990330,     
  242,19990331,     
  242,19990401,     
  242,19990402,     
  242,19990403,     
  242,19990404,     
  242,19990405,     
  242,19990406,     
  242,19990407,     
  242,19990408,     
  242,19990409,     
  242,19990410,     
  242,19990411,     
  242,19990412,     
  242,19990413,     
  242,19990414,     
  242,19990415,     
  242,19990416,     
  242,19990417,     
  242,19990418,     
  242,19990419,     
  242,19990420,     
  242,19990421,     
  242,19990422,     
  242,19990423,     
  242,19990424,     
  242,19990425,     
  242,19990426,     
  242,19990427,     
  242,19990428,     
  242,19990429,     
  242,19990430,     
  242,19990501,     
  242,19990502,     
  242,19990503,     
  242,19990504,     
  242,19990505,     
  242,19990506,     
  242,19990507,     
  242,19990508,     
  242,19990509,     
  242,19990510,     
  242,19990511,     
  242,19990512,     
  242,19990513,     
  242,19990514,     
  242,19990515,     
  242,19990516,     
  242,19990517,     
  242,19990518,     
  242,19990519,     
  242,19990520,     
  242,19990521,     
  242,19990522,     
  242,19990523,     
  242,19990524,     
  242,19990525,     
  242,19990526,     
  242,19990527,     
  242,19990528,     
  242,19990529,     
  242,19990530,     
  242,19990531,     
  242,19990601,     
  242,19990602,     
  242,19990603,     
  242,19990604,     
  242,19990605,     
  242,19990606,     
  242,19990607,     
  242,19990608,     
  242,19990609,     
  242,19990610,     
  242,19990611,     
  242,19990612,     
  242,19990613,     
  242,19990614,     
  242,19990615,     
  242,19990616,     
  242,19990617,     
  242,19990618,     
  242,19990619,     
  242,19990620,     
  242,19990621,     
  242,19990622,     
  242,19990623,     
  242,19990624,     
  242,19990625,     
  242,19990626,     
  242,19990627,     
  242,19990628,     
  242,19990629,     
  242,19990630,     
  242,19990701,     
  242,19990702,     
  242,19990703,     
  242,19990704,     
  242,19990705,     
  242,19990706,     
  242,19990707,     
  242,19990708,     
  242,19990709,     
  242,19990710,     
  242,19990711,     
  242,19990712,     
  242,19990713,     
  242,19990714,     
  242,19990715,     
  242,19990716,     
  242,19990717,     
  242,19990718,     
  242,19990719,     
  242,19990720,     
  242,19990721,     
  242,19990722,     
  242,19990723,     
  242,19990724,     
  242,19990725,     
  242,19990726,     
  242,19990727,     
  242,19990728,     
  242,19990729,     
  242,19990730,     
  242,19990731,     
  242,19990801,     
  242,19990802,     
  242,19990803,     
  242,19990804,     
  242,19990805,     
  242,19990806,     
  242,19990807,     
  242,19990808,     
  242,19990809,     
  242,19990810,     
  242,19990811,     
  242,19990812,     
  242,19990813,     
  242,19990814,     
  242,19990815,     
  242,19990816,     
  242,19990817,     
  242,19990818,     
  242,19990819,     
  242,19990820,     
  242,19990821,     
  242,19990822,     
  242,19990823,     
  242,19990824,     
  242,19990825,     
  242,19990826,     
  242,19990827,     
  242,19990828,     
  242,19990829,     
  242,19990830,     
  242,19990831,     
  242,19990901,     
  242,19990902,     
  242,19990903,     
  242,19990904,     
  242,19990905,     
  242,19990906,     
  242,19990907,     
  242,19990908,     
  242,19990909,     
  242,19990910,     
  242,19990911,     
  242,19990912,     
  242,19990913,     
  242,19990914,     
  242,19990915,     
  242,19990916,     
  242,19990917,     
  242,19990918,     
  242,19990919,     
  242,19990920,     
  242,19990921,     
  242,19990922,     
  242,19990923,     
  242,19990924,     
  242,19990925,     
  242,19990926,     
  242,19990927,     
  242,19990928,     
  242,19990929,     
  242,19990930,     
  242,19991001,     
  242,19991002,     
  242,19991003,     
  242,19991004,     
  242,19991005,     
  242,19991006,     
  242,19991007,     
  242,19991008,     
  242,19991009,     
  242,19991010,     
  242,19991011,     
  242,19991012,     
  242,19991013,     
  242,19991014,     
  242,19991015,     
  242,19991016,     
  242,19991017,     
  242,19991018,     
  242,19991019,     
  242,19991020,     
  242,19991021,     
  242,19991022,     
  242,19991023,     
  242,19991024,     
  242,19991025,     
  242,19991026,     
  242,19991027,     
  242,19991028,     
  242,19991029,     
  242,19991030,     
  242,19991031,     
  242,19991101,     
  242,19991102,     
  242,19991103,     
  242,19991104,     
  242,19991105,     
  242,19991106,     
  242,19991107,     
  242,19991108,     
  242,19991109,     
  242,19991110,     
  242,19991111,     
  242,19991112,     
  242,19991113,     
  242,19991114,     
  242,19991115,     
  242,19991116,     
  242,19991117,     
  242,19991118,     
  242,19991119,     
  242,19991120,     
  242,19991121,     
  242,19991122,     
  242,19991123,     
  242,19991124,     
  242,19991125,     
  242,19991126,     
  242,19991127,     
  242,19991128,     
  242,19991129,     
  242,19991130,     
  242,19991201,     
  242,19991202,     
  242,19991203,     
  242,19991204,     
  242,19991205,     
  242,19991206,     
  242,19991207,     
  242,19991208,     
  242,19991209,     
  242,19991210,     
  242,19991211,     
  242,19991212,     
  242,19991213,     
  242,19991214,     
  242,19991215,     
  242,19991216,     
  242,19991217,     
  242,19991218,     
  242,19991219,     
  242,19991220,     
  242,19991221,     
  242,19991222,     
  242,19991223,     
  242,19991224,     
  242,19991225,     
  242,19991226,     
  242,19991227,     
  242,19991228,     
  242,19991229,     
  242,19991230,     
  242,19991231,     
  242,20000101,     
  242,20000102,     
  242,20000103,     
  242,20000104,     
  242,20000105,     
  242,20000106,     
  242,20000107,     
  242,20000108,     
  242,20000109,     
  242,20000110,     
  242,20000111,     
  242,20000112,     
  242,20000113,     
  242,20000114,     
  242,20000115,     
  242,20000116,     
  242,20000117,     
  242,20000118,     
  242,20000119,     
  242,20000120,     
  242,20000121,     
  242,20000122,     
  242,20000123,     
  242,20000124,     
  242,20000125,     
  242,20000126,     
  242,20000127,     
  242,20000128,     
  242,20000129,     
  242,20000130,     
  242,20000131,     
  242,20000201,     
  242,20000202,     
  242,20000203,     
  242,20000204,     
  242,20000205,     
  242,20000206,     
  242,20000207,     
  242,20000208,     
  242,20000209,     
  242,20000210,     
  242,20000211,     
  242,20000212,     
  242,20000213,     
  242,20000214,     
  242,20000215,     
  242,20000216,     
  242,20000217,     
  242,20000218,     
  242,20000219,     
  242,20000220,     
  242,20000221,     
  242,20000222,     
  242,20000223,     
  242,20000224,     
  242,20000225,     
  242,20000226,     
  242,20000227,     
  242,20000228,     
  242,20000229,     
  242,20000301,     
  242,20000302,     
  242,20000303,     
  242,20000304,     
  242,20000305,     
  242,20000306,     
  242,20000307,     
  242,20000308,     
  242,20000309,     
  242,20000310,     
  242,20000311,     
  242,20000312,     
  242,20000313,     
  242,20000314,     
  242,20000315,     
  242,20000316,     
  242,20000317,     
  242,20000318,     
  242,20000319,     
  242,20000320,     
  242,20000321,     
  242,20000322,     
  242,20000323,     
  242,20000324,     
  242,20000325,     
  242,20000326,     
  242,20000327,     
  242,20000328,     
  242,20000329,     
  242,20000330,     
  242,20000331,     
  242,20000401,     
  242,20000402,     
  242,20000403,     
  242,20000404,     
  242,20000405,     
  242,20000406,     
  242,20000407,     
  242,20000408,     
  242,20000409,     
  242,20000410,     
  242,20000411,     
  242,20000412,     
  242,20000413,     
  242,20000414,     
  242,20000415,     
  242,20000416,     
  242,20000417,     
  242,20000418,     
  242,20000419,     
  242,20000420,     
  242,20000421,     
  242,20000422,     
  242,20000423,     
  242,20000424,     
  242,20000425,     
  242,20000426,     
  242,20000427,     
  242,20000428,     
  242,20000429,     
  242,20000430,     
  242,20000501,     
  242,20000502,     
  242,20000503,     
  242,20000504,     
  242,20000505,     
  242,20000506,     
  242,20000507,     
  242,20000508,     
  242,20000509,     
  242,20000510,     
  242,20000511,     
  242,20000512,     
  242,20000513,     
  242,20000514,     
  242,20000515,     
  242,20000516,     
  242,20000517,     
  242,20000518,     
  242,20000519,     
  242,20000520,     
  242,20000521,     
  242,20000522,     
  242,20000523,     
  242,20000524,     
  242,20000525,     
  242,20000526,     
  242,20000527,     
  242,20000528,     
  242,20000529,     
  242,20000530,     
  242,20000531,     
  242,20000601,     
  242,20000602,     
  242,20000603,     
  242,20000604,     
  242,20000605,     
  242,20000606,     
  242,20000607,     
  242,20000608,     
  242,20000609,     
  242,20000610,     
  242,20000611,     
  242,20000612,     
  242,20000613,     
  242,20000614,     
  242,20000615,     
  242,20000616,     
  242,20000617,     
  242,20000618,     
  242,20000619,     
  242,20000620,     
  242,20000621,     
  242,20000622,     
  242,20000623,     
  242,20000624,     
  242,20000625,     
  242,20000626,     
  242,20000627,     
  242,20000628,     
  242,20000629,     
  242,20000630,     
  242,20000701,     
  242,20000702,     
  242,20000703,     
  242,20000704,     
  242,20000705,     
  242,20000706,     
  242,20000707,     
  242,20000708,     
  242,20000709,     
  242,20000710,     
  242,20000711,     
  242,20000712,     
  242,20000713,     
  242,20000714,     
  242,20000715,     
  242,20000716,     
  242,20000717,     
  242,20000718,     
  242,20000719,     
  242,20000720,     
  242,20000721,     
  242,20000722,     
  242,20000723,     
  242,20000724,     
  242,20000725,     
  242,20000726,     
  242,20000727,     
  242,20000728,     
  242,20000729,     
  242,20000730,     
  242,20000731,     
  242,20000801,     
  242,20000802,     
  242,20000803,     
  242,20000804,     
  242,20000805,     
  242,20000806,     
  242,20000807,     
  242,20000808,     
  242,20000809,     
  242,20000810,     
  242,20000811,     
  242,20000812,     
  242,20000813,     
  242,20000814,     
  242,20000815,     
  242,20000816,     
  242,20000817,     
  242,20000818,     
  242,20000819,     
  242,20000820,     
  242,20000821,     
  242,20000822,     
  242,20000823,     
  242,20000824,     
  242,20000825,     
  242,20000826,     
  242,20000827,     
  242,20000828,     
  242,20000829,     
  242,20000830,     
  242,20000831,     
  242,20000901,     
  242,20000902,     
  242,20000903,     
  242,20000904,     
  242,20000905,     
  242,20000906,     
  242,20000907,     
  242,20000908,     
  242,20000909,     
  242,20000910,     
  242,20000911,     
  242,20000912,     
  242,20000913,     
  242,20000914,     
  242,20000915,     
  242,20000916,     
  242,20000917,     
  242,20000918,     
  242,20000919,     
  242,20000920,     
  242,20000921,     
  242,20000922,     
  242,20000923,     
  242,20000924,     
  242,20000925,     
  242,20000926,     
  242,20000927,     
  242,20000928,     
  242,20000929,     
  242,20000930,     
  242,20001001,     
  242,20001002,     
  242,20001003,     
  242,20001004,     
  242,20001005,     
  242,20001006,     
  242,20001007,     
  242,20001008,     
  242,20001009,     
  242,20001010,     
  242,20001011,     
  242,20001012,     
  242,20001013,     
  242,20001014,     
  242,20001015,     
  242,20001016,     
  242,20001017,     
  242,20001018,     
  242,20001019,     
  242,20001020,     
  242,20001021,     
  242,20001022,     
  242,20001023,     
  242,20001024,     
  242,20001025,     
  242,20001026,     
  242,20001027,     
  242,20001028,     
  242,20001029,     
  242,20001030,     
  242,20001031,     
  242,20001101,     
  242,20001102,     
  242,20001103,     
  242,20001104,     
  242,20001105,     
  242,20001106,     
  242,20001107,     
  242,20001108,     
  242,20001109,     
  242,20001110,     
  242,20001111,     
  242,20001112,     
  242,20001113,     
  242,20001114,     
  242,20001115,     
  242,20001116,     
  242,20001117,     
  242,20001118,     
  242,20001119,     
  242,20001120,     
  242,20001121,     
  242,20001122,     
  242,20001123,     
  242,20001124,     
  242,20001125,     
  242,20001126,     
  242,20001127,     
  242,20001128,     
  242,20001129,     
  242,20001130,     
  242,20001201,     
  242,20001202,     
  242,20001203,     
  242,20001204,     
  242,20001205,     
  242,20001206,     
  242,20001207,     
  242,20001208,     
  242,20001209,     
  242,20001210,     
  242,20001211,     
  242,20001212,     
  242,20001213,     
  242,20001214,     
  242,20001215,     
  242,20001216,     
  242,20001217,     
  242,20001218,     
  242,20001219,     
  242,20001220,     
  242,20001221,     
  242,20001222,     
  242,20001223,     
  242,20001224,     
  242,20001225,     
  242,20001226,     
  242,20001227,     
  242,20001228,     
  242,20001229,     
  242,20001230,     
  242,20001231,     
  242,20010101,     
  242,20010102,     
  242,20010103,     
  242,20010104,     
  242,20010105,     
  242,20010106,     
  242,20010107,     
  242,20010108,     
  242,20010109,     
  242,20010110,     
  242,20010111,     
  242,20010112,     
  242,20010113,     
  242,20010114,     
  242,20010115,     
  242,20010116,     
  242,20010117,     
  242,20010118,     
  242,20010119,     
  242,20010120,     
  242,20010121,     
  242,20010122,     
  242,20010123,     
  242,20010124,     
  242,20010125,     
  242,20010126,     
  242,20010127,     
  242,20010128,     
  242,20010129,     
  242,20010130,     
  242,20010131,     
  242,20010201,     
  242,20010202,     
  242,20010203,     
  242,20010204,     
  242,20010205,     
  242,20010206,     
  242,20010207,     
  242,20010208,     
  242,20010209,     
  242,20010210,     
  242,20010211,     
  242,20010212,     
  242,20010213,     
  242,20010214,     
  242,20010215,     
  242,20010216,     
  242,20010217,     
  242,20010218,     
  242,20010219,     
  242,20010220,     
  242,20010221,     
  242,20010222,     
  242,20010223,     
  242,20010224,     
  242,20010225,     
  242,20010226,     
  242,20010227,     
  242,20010228,     
  242,20010301,     
  242,20010302,     
  242,20010303,     
  242,20010304,     
  242,20010305,     
  242,20010306,     
  242,20010307,     
  242,20010308,     
  242,20010309,     
  242,20010310,     
  242,20010311,     
  242,20010312,     
  242,20010313,     
  242,20010314,     
  242,20010315,     
  242,20010316,     
  242,20010317,     
  242,20010318,     
  242,20010319,     
  242,20010320,     
  242,20010321,     
  242,20010322,     
  242,20010323,     
  242,20010324,     
  242,20010325,     
  242,20010326,     
  242,20010327,     
  242,20010328,     
  242,20010329,     
  242,20010330,     
  242,20010331,     
  242,20010401,     
  242,20010402,     
  242,20010403,     
  242,20010404,     
  242,20010405,     
  242,20010406,     
  242,20010407,     
  242,20010408,     
  242,20010409,     
  242,20010410,     
  242,20010411,     
  242,20010412,     
  242,20010413,     
  242,20010414,     
  242,20010415,     
  242,20010416,     
  242,20010417,     
  242,20010418,     
  242,20010419,     
  242,20010420,     
  242,20010421,     
  242,20010422,     
  242,20010423,     
  242,20010424,     
  242,20010425,     
  242,20010426,     
  242,20010427,     
  242,20010428,     
  242,20010429,     
  242,20010430,     
  242,20010501,     
  242,20010502,     
  242,20010503,     
  242,20010504,     
  242,20010505,     
  242,20010506,     
  242,20010507,     
  242,20010508,     
  242,20010509,     
  242,20010510,     
  242,20010511,     
  242,20010512,     
  242,20010513,     
  242,20010514,     
  242,20010515,     
  242,20010516,     
  242,20010517,     
  242,20010518,     
  242,20010519,     
  242,20010520,     
  242,20010521,     
  242,20010522,     
  242,20010523,     
  242,20010524,     
  242,20010525,     
  242,20010526,     
  242,20010527,     
  242,20010528,     
  242,20010529,     
  242,20010530,     
  242,20010531,     
  242,20010601,     
  242,20010602,     
  242,20010603,     
  242,20010604,     
  242,20010605,     
  242,20010606,     
  242,20010607,     
  242,20010608,     
  242,20010609,     
  242,20010610,     
  242,20010611,     
  242,20010612,     
  242,20010613,     
  242,20010614,     
  242,20010615,     
  242,20010616,     
  242,20010617,     
  242,20010618,     
  242,20010619,     
  242,20010620,     
  242,20010621,     
  242,20010622,     
  242,20010623,     
  242,20010624,     
  242,20010625,     
  242,20010626,     
  242,20010627,     
  242,20010628,     
  242,20010629,     
  242,20010630,     
  242,20010701,     
  242,20010702,     
  242,20010703,     
  242,20010704,     
  242,20010705,     
  242,20010706,     
  242,20010707,     
  242,20010708,     
  242,20010709,     
  242,20010710,     
  242,20010711,     
  242,20010712,     
  242,20010713,     
  242,20010714,     
  242,20010715,     
  242,20010716,     
  242,20010717,     
  242,20010718,     
  242,20010719,     
  242,20010720,     
  242,20010721,     
  242,20010722,     
  242,20010723,     
  242,20010724,     
  242,20010725,     
  242,20010726,     
  248,19960726,     
  248,19960727,     
  248,19960728,     
  248,19960729,     
  248,19960730,     
  248,19960731,     
  248,19960801,     
  248,19960802,     
  248,19960803,     
  248,19960804,     
  248,19960805,     
  248,19960806,     
  248,19960807,     
  248,19960808,     
  248,19960809,     
  248,19960810,     
  248,19960811,     
  248,19960812,     
  248,19960813,     
  248,19960814,     
  248,19960815,     
  248,19960816,     
  248,19960817,     
  248,19960818,     
  248,19960819,     
  248,19960820,     
  248,19960821,     
  248,19960822,     
  248,19960823,     
  248,19960824,     
  248,19960825,     
  248,19960826,     
  248,19960827,     
  248,19960828,     
  248,19960829,     
  248,19960830,     
  248,19960831,     
  248,19960901,     
  248,19960902,     
  248,19960903,     
  248,19960904,     
  248,19960905,     
  248,19960906,     
  248,19960907,     
  248,19960908,     
  248,19960909,     
  248,19960910,     
  248,19960911,     
  248,19960912,     
  248,19960913,     
  248,19960914,     
  248,19960915,     
  248,19960916,     
  248,19960917,     
  248,19960918,     
  248,19960919,     
  248,19960920,     
  248,19960921,     
  248,19960922,     
  248,19960923,     
  248,19960924,     
  248,19960925,     
  248,19960926,     
  248,19960927,     
  248,19960928,     
  248,19960929,     
  248,19960930,     
  248,19961001,     
  248,19961002,     
  248,19961003,     
  248,19961004,     
  248,19961005,     
  248,19961006,     
  248,19961007,     
  248,19961008,     
  248,19961009,     
  248,19961010,     
  248,19961011,     
  248,19961012,     
  248,19961013,     
  248,19961014,     
  248,19961015,     
  248,19961016,     
  248,19961017,     
  248,19961018,     
  248,19961019,     
  248,19961020,     
  248,19961021,     
  248,19961022,     
  248,19961023,     
  248,19961024,     
  248,19961025,     
  248,19961026,     
  248,19961027,     
  248,19961028,     
  248,19961029,     
  248,19961030,     
  248,19961031,     
  248,19961101,     
  248,19961102,     
  248,19961103,     
  248,19961104,     
  248,19961105,     
  248,19961106,     
  248,19961107,     
  248,19961108,     
  248,19961109,     
  248,19961110,     
  248,19961111,     
  248,19961112,     
  248,19961113,     
  248,19961114,     
  248,19961115,     
  248,19961116,     
  248,19961117,     
  248,19961118,     
  248,19961119,     
  248,19961120,     
  248,19961121,     
  248,19961122,     
  248,19961123,     
  248,19961124,     
  248,19961125,     
  248,19961126,     
  248,19961127,     
  248,19961128,     
  248,19961129,     
  248,19961130,     
  248,19961201,     
  248,19961202,     
  248,19961203,     
  248,19961204,     
  248,19961205,     
  248,19961206,     
  248,19961207,     
  248,19961208,     
  248,19961209,     
  248,19961210,     
  248,19961211,     
  248,19961212,     
  248,19961213,     
  248,19961214,     
  248,19961215,     
  248,19961216,     
  248,19961217,     
  248,19961218,     
  248,19961219,     
  248,19961220,     
  248,19961221,     
  248,19961222,     
  248,19961223,     
  248,19961224,     
  248,19961225,     
  248,19961226,     
  248,19961227,     
  248,19961228,     
  248,19961229,     
  248,19961230,     
  248,19961231,     
  248,19970101,     
  248,19970102,     
  248,19970103,     
  248,19970104,     
  248,19970105,     
  248,19970106,     
  248,19970107,     
  248,19970108,     
  248,19970109,     
  248,19970110,     
  248,19970111,     
  248,19970112,     
  248,19970113,     
  248,19970114,     
  248,19970115,     
  248,19970116,     
  248,19970117,     
  248,19970118,     
  248,19970119,     
  248,19970120,     
  248,19970121,     
  248,19970122,     
  248,19970123,     
  248,19970124,     
  248,19970125,     
  248,19970126,     
  248,19970127,     
  248,19970128,     
  248,19970129,     
  248,19970130,     
  248,19970131,     
  248,19970201,     
  248,19970202,     
  248,19970203,     
  248,19970204,     
  248,19970205,     
  248,19970206,     
  248,19970207,     
  248,19970208,     
  248,19970209,     
  248,19970210,     
  248,19970211,     
  248,19970212,     
  248,19970213,     
  248,19970214,     
  248,19970215,     
  248,19970216,     
  248,19970217,     
  248,19970218,     
  248,19970219,     
  248,19970220,     
  248,19970221,     
  248,19970222,     
  248,19970223,     
  248,19970224,     
  248,19970225,     
  248,19970226,     
  248,19970227,     
  248,19970228,     
  248,19970301,     
  248,19970302,     
  248,19970303,     
  248,19970304,     
  248,19970305,     
  248,19970306,     
  248,19970307,     
  248,19970308,     
  248,19970309,     
  248,19970310,     
  248,19970311,     
  248,19970312,     
  248,19970313,     
  248,19970314,     
  248,19970315,     
  248,19970316,     
  248,19970317,     
  248,19970318,     
  248,19970319,     
  248,19970320,     
  248,19970321,     
  248,19970322,     
  248,19970323,     
  248,19970324,     
  248,19970325,     
  248,19970326,     
  248,19970327,     
  248,19970328,     
  248,19970329,     
  248,19970330,     
  248,19970331,     
  248,19970401,     
  248,19970402,     
  248,19970403,     
  248,19970404,     
  248,19970405,     
  248,19970406,     
  248,19970407,     
  248,19970408,     
  248,19970409,     
  248,19970410,     
  248,19970411,     
  248,19970412,     
  248,19970413,     
  248,19970414,     
  248,19970415,     
  248,19970416,     
  248,19970417,     
  248,19970418,     
  248,19970419,     
  248,19970420,     
  248,19970421,     
  248,19970422,     
  248,19970423,     
  248,19970424,     
  248,19970425,     
  248,19970426,     
  248,19970427,     
  248,19970428,     
  248,19970429,     
  248,19970430,     
  248,19970501,     
  248,19970502,     
  248,19970503,     
  248,19970504,     
  248,19970505,     
  248,19970506,     
  248,19970507,     
  248,19970508,     
  248,19970509,     
  248,19970510,     
  248,19970511,     
  248,19970512,     
  248,19970513,     
  248,19970514,     
  248,19970515,     
  248,19970516,     
  248,19970517,     
  248,19970518,     
  248,19970519,     
  248,19970520,     
  248,19970521,     
  248,19970522,     
  248,19970523,     
  248,19970524,     
  248,19970525,     
  248,19970526,     
  248,19970527,     
  248,19970528,     
  248,19970529,     
  248,19970530,     
  248,19970531,     
  248,19970601,     
  248,19970602,     
  248,19970603,     
  248,19970604,     
  248,19970605,     
  248,19970606,     
  248,19970607,     
  248,19970608,     
  248,19970609,     
  248,19970610,     
  248,19970611,     
  248,19970612,     
  248,19970613,     
  248,19970614,     
  248,19970615,     
  248,19970616,     
  248,19970617,     
  248,19970618,     
  248,19970619,     
  248,19970620,     
  248,19970621,     
  248,19970622,     
  248,19970623,     
  248,19970624,     
  248,19970625,     
  248,19970626,     
  248,19970627,     
  248,19970628,     
  248,19970629,     
  248,19970630,     
  248,19970701,     
  248,19970702,     
  248,19970703,     
  248,19970704,     
  248,19970705,     
  248,19970706,     
  248,19970707,     
  248,19970708,     
  248,19970709,     
  248,19970710,     
  248,19970711,     
  248,19970712,     
  248,19970713,     
  248,19970714,     
  248,19970715,     
  248,19970716,     
  248,19970717,     
  248,19970718,     
  248,19970719,     
  248,19970720,     
  248,19970721,     
  248,19970722,     
  248,19970723,     
  248,19970724,     
  248,19970725,     
  248,19970726,     
  248,19970727,     
  248,19970728,     
  248,19970729,     
  248,19970730,     
  248,19970731,     
  248,19970801,     
  248,19970802,     
  248,19970803,     
  248,19970804,     
  248,19970805,     
  248,19970806,     
  248,19970807,     
  248,19970808,     
  248,19970809,     
  248,19970810,     
  248,19970811,     
  248,19970812,     
  248,19970813,     
  248,19970814,     
  248,19970815,     
  248,19970816,     
  248,19970817,     
  248,19970818,     
  248,19970819,     
  248,19970820,     
  248,19970821,     
  248,19970822,     
  248,19970823,     
  248,19970824,     
  248,19970825,     
  248,19970826,     
  248,19970827,     
  248,19970828,     
  248,19970829,     
  248,19970830,     
  248,19970831,     
  248,19970901,     
  248,19970902,     
  248,19970903,     
  248,19970904,     
  248,19970905,     
  248,19970906,     
  248,19970907,     
  248,19970908,     
  248,19970909,     
  248,19970910,     
  248,19970911,     
  248,19970912,     
  248,19970913,     
  248,19970914,     
  248,19970915,     
  248,19970916,     
  248,19970917,     
  248,19970918,     
  248,19970919,     
  248,19970920,     
  248,19970921,     
  248,19970922,     
  248,19970923,     
  248,19970924,     
  248,19970925,     
  248,19970926,     
  248,19970927,     
  248,19970928,     
  248,19970929,     
  248,19970930,     
  248,19971001,     
  248,19971002,     
  248,19971003,     
  248,19971004,     
  248,19971005,     
  248,19971006,     
  248,19971007,     
  248,19971008,     
  248,19971009,     
  248,19971010,     
  248,19971011,     
  248,19971012,     
  248,19971013,     
  248,19971014,     
  248,19971015,     
  248,19971016,     
  248,19971017,     
  248,19971018,     
  248,19971019,     
  248,19971020,     
  248,19971021,     
  248,19971022,     
  248,19971023,     
  248,19971024,     
  248,19971025,     
  248,19971026,     
  248,19971027,     
  248,19971028,     
  248,19971029,     
  248,19971030,     
  248,19971031,     
  248,19971101,     
  248,19971102,     
  248,19971103,     
  248,19971104,     
  248,19971105,     
  248,19971106,     
  248,19971107,     
  248,19971108,     
  248,19971109,     
  248,19971110,     
  248,19971111,     
  248,19971112,     
  248,19971113,     
  248,19971114,     
  248,19971115,     
  248,19971116,     
  248,19971117,     
  248,19971118,     
  248,19971119,     
  248,19971120,     
  248,19971121,     
  248,19971122,     
  248,19971123,     
  248,19971124,     
  248,19971125,     
  248,19971126,     
  248,19971127,     
  248,19971128,     
  248,19971129,     
  248,19971130,     
  248,19971201,     
  248,19971202,     
  248,19971203,     
  248,19971204,     
  248,19971205,     
  248,19971206,     
  248,19971207,     
  248,19971208,     
  248,19971209,     
  248,19971210,     
  248,19971211,     
  248,19971212,     
  248,19971213,     
  248,19971214,     
  248,19971215,     
  248,19971216,     
  248,19971217,     
  248,19971218,     
  248,19971219,     
  248,19971220,     
  248,19971221,     
  248,19971222,     
  248,19971223,     
  248,19971224,     
  248,19971225,     
  248,19971226,     
  248,19971227,     
  248,19971228,     
  248,19971229,     
  248,19971230,     
  248,19971231,     
  248,19980101,     
  248,19980102,     
  248,19980103,     
  248,19980104,     
  248,19980105,     
  248,19980106,     
  248,19980107,     
  248,19980108,     
  248,19980109,     
  248,19980110,     
  248,19980111,     
  248,19980112,     
  248,19980113,     
  248,19980114,     
  248,19980115,     
  248,19980116,     
  248,19980117,     
  248,19980118,     
  248,19980119,     
  248,19980120,     
  248,19980121,     
  248,19980122,     
  248,19980123,     
  248,19980124,     
  248,19980125,     
  248,19980126,     
  248,19980127,     
  248,19980128,     
  248,19980129,     
  248,19980130,     
  248,19980131,     
  248,19980201,     
  248,19980202,     
  248,19980203,     
  248,19980204,     
  248,19980205,     
  248,19980206,     
  248,19980207,     
  248,19980208,     
  248,19980209,     
  248,19980210,     
  248,19980211,     
  248,19980212,     
  248,19980213,     
  248,19980214,     
  248,19980215,     
  248,19980216,     
  248,19980217,     
  248,19980218,     
  248,19980219,     
  248,19980220,     
  248,19980221,     
  248,19980222,     
  248,19980223,     
  248,19980224,     
  248,19980225,     
  248,19980226,     
  248,19980227,     
  248,19980228,     
  248,19980301,     
  248,19980302,     
  248,19980303,     
  248,19980304,     
  248,19980305,     
  248,19980306,     
  248,19980307,     
  248,19980308,     
  248,19980309,     
  248,19980310,     
  248,19980311,     
  248,19980312,     
  248,19980313,     
  248,19980314,     
  248,19980315,     
  248,19980316,     
  248,19980317,     
  248,19980318,     
  248,19980319,     
  248,19980320,     
  248,19980321,     
  248,19980322,     
  248,19980323,     
  248,19980324,     
  248,19980325,     
  248,19980326,     
  248,19980327,     
  248,19980328,     
  248,19980329,     
  248,19980330,     
  248,19980331,     
  248,19980401,     
  248,19980402,     
  248,19980403,     
  248,19980404,     
  248,19980405,     
  248,19980406,     
  248,19980407,     
  248,19980408,     
  248,19980409,     
  248,19980410,     
  248,19980411,     
  248,19980412,     
  248,19980413,     
  248,19980414,     
  248,19980415,     
  248,19980416,     
  248,19980417,     
  248,19980418,     
  248,19980419,     
  248,19980420,     
  248,19980421,     
  248,19980422,     
  248,19980423,     
  248,19980424,     
  248,19980425,     
  248,19980426,     
  248,19980427,     
  248,19980428,     
  248,19980429,     
  248,19980430,     
  248,19980501,     
  248,19980502,     
  248,19980503,     
  248,19980504,     
  248,19980505,     
  248,19980506,     
  248,19980507,     
  248,19980508,     
  248,19980509,     
  248,19980510,     
  248,19980511,     
  248,19980512,     
  248,19980513,     
  248,19980514,     
  248,19980515,     
  248,19980516,     
  248,19980517,     
  248,19980518,     
  248,19980519,     
  248,19980520,     
  248,19980521,     
  248,19980522,     
  248,19980523,     
  248,19980524,     
  248,19980525,     
  248,19980526,     
  248,19980527,     
  248,19980528,     
  248,19980529,     
  248,19980530,     
  248,19980531,     
  248,19980601,     
  248,19980602,     
  248,19980603,     
  248,19980604,     
  248,19980605,     
  248,19980606,     
  248,19980607,     
  248,19980608,     
  248,19980609,     
  248,19980610,     
  248,19980611,     
  248,19980612,     
  248,19980613,     
  248,19980614,     
  248,19980615,     
  248,19980616,     
  248,19980617,     
  248,19980618,     
  248,19980619,     
  248,19980620,     
  248,19980621,     
  248,19980622,     
  248,19980623,     
  248,19980624,     
  248,19980625,     
  248,19980626,     
  248,19980627,     
  248,19980628,     
  248,19980629,     
  248,19980630,     
  248,19980701,     
  248,19980702,     
  248,19980703,     
  248,19980704,     
  248,19980705,     
  248,19980706,     
  248,19980707,     
  248,19980708,     
  248,19980709,     
  248,19980710,     
  248,19980711,     
  248,19980712,     
  248,19980713,     
  248,19980714,     
  248,19980715,     
  248,19980716,     
  248,19980717,     
  248,19980718,     
  248,19980719,     
  248,19980720,     
  248,19980721,     
  248,19980722,     
  248,19980723,     
  248,19980724,     
  248,19980725,     
  248,19980726,     
  248,19980727,     
  248,19980728,     
  248,19980729,     
  248,19980730,     
  248,19980731,     
  248,19980801,     
  248,19980802,     
  248,19980803,     
  248,19980804,     
  248,19980805,     
  248,19980806,     
  248,19980807,     
  248,19980808,     
  248,19980809,     
  248,19980810,     
  248,19980811,     
  248,19980812,     
  248,19980813,     
  248,19980814,     
  248,19980815,     
  248,19980816,     
  248,19980817,     
  248,19980818,     
  248,19980819,     
  248,19980820,     
  248,19980821,     
  248,19980822,     
  248,19980823,     
  248,19980824,     
  248,19980825,     
  248,19980826,     
  248,19980827,     
  248,19980828,     
  248,19980829,     
  248,19980830,     
  248,19980831,     
  248,19980901,     
  248,19980902,     
  248,19980903,     
  248,19980904,     
  248,19980905,     
  248,19980906,     
  248,19980907,     
  248,19980908,     
  248,19980909,     
  248,19980910,     
  248,19980911,     
  248,19980912,     
  248,19980913,     
  248,19980914,     
  248,19980915,     
  248,19980916,     
  248,19980917,     
  248,19980918,     
  248,19980919,     
  248,19980920,     
  248,19980921,     
  248,19980922,     
  248,19980923,     
  248,19980924,     
  248,19980925,     
  248,19980926,     
  248,19980927,     
  248,19980928,     
  248,19980929,     
  248,19980930,     
  248,19981001,     
  248,19981002,     
  248,19981003,     
  248,19981004,     
  248,19981005,     
  248,19981006,     
  248,19981007,     
  248,19981008,     
  248,19981009,     
  248,19981010,     
  248,19981011,     
  248,19981012,     
  248,19981013,     
  248,19981014,     
  248,19981015,     
  248,19981016,     
  248,19981017,     
  248,19981018,     
  248,19981019,     
  248,19981020,     
  248,19981021,     
  248,19981022,     
  248,19981023,     
  248,19981024,     
  248,19981025,     
  248,19981026,     
  248,19981027,     
  248,19981028,     
  248,19981029,     
  248,19981030,     
  248,19981031,     
  248,19981101,     
  248,19981102,     
  248,19981103,     
  248,19981104,     
  248,19981105,     
  248,19981106,     
  248,19981107,     
  248,19981108,     
  248,19981109,     
  248,19981110,     
  248,19981111,     
  248,19981112,     
  248,19981113,     
  248,19981114,     
  248,19981115,     
  248,19981116,     
  248,19981117,     
  248,19981118,     
  248,19981119,     
  248,19981120,     
  248,19981121,     
  248,19981122,     
  248,19981123,     
  248,19981124,     
  248,19981125,     
  248,19981126,     
  248,19981127,     
  248,19981128,     
  248,19981129,     
  248,19981130,     
  248,19981201,     
  248,19981202,     
  248,19981203,     
  248,19981204,     
  248,19981205,     
  248,19981206,     
  248,19981207,     
  248,19981208,     
  248,19981209,     
  248,19981210,     
  248,19981211,     
  248,19981212,     
  248,19981213,     
  248,19981214,     
  248,19981215,     
  248,19981216,     
  248,19981217,     
  248,19981218,     
  248,19981219,     
  248,19981220,     
  248,19981221,     
  248,19981222,     
  248,19981223,     
  248,19981224,     
  248,19981225,     
  248,19981226,     
  248,19981227,     
  248,19981228,     
  248,19981229,     
  248,19981230,     
  248,19981231,     
  248,19990101,     
  248,19990102,     
  248,19990103,     
  248,19990104,     
  248,19990105,     
  248,19990106,     
  248,19990107,     
  248,19990108,     
  248,19990109,     
  248,19990110,     
  248,19990111,     
  248,19990112,     
  248,19990113,     
  248,19990114,     
  248,19990115,     
  248,19990116,     
  248,19990117,     
  248,19990118,     
  248,19990119,     
  248,19990120,     
  248,19990121,     
  248,19990122,     
  248,19990123,     
  248,19990124,     
  248,19990125,     
  248,19990126,     
  248,19990127,     
  248,19990128,     
  248,19990129,     
  248,19990130,     
  248,19990131,     
  248,19990201,     
  248,19990202,     
  248,19990203,     
  248,19990204,     
  248,19990205,     
  248,19990206,     
  248,19990207,     
  248,19990208,     
  248,19990209,     
  248,19990210,     
  248,19990211,     
  248,19990212,     
  248,19990213,     
  248,19990214,     
  248,19990215,     
  248,19990216,     
  248,19990217,     
  248,19990218,     
  248,19990219,     
  248,19990220,     
  248,19990221,     
  248,19990222,     
  248,19990223,     
  248,19990224,     
  248,19990225,     
  248,19990226,     
  248,19990227,     
  248,19990228,     
  248,19990301,     
  248,19990302,     
  248,19990303,     
  248,19990304,     
  248,19990305,     
  248,19990306,     
  248,19990307,     
  248,19990308,     
  248,19990309,     
  248,19990310,     
  248,19990311,     
  248,19990312,     
  248,19990313,     
  248,19990314,     
  248,19990315,     
  248,19990316,     
  248,19990317,     
  248,19990318,     
  248,19990319,     
  248,19990320,     
  248,19990321,     
  248,19990322,     
  248,19990323,     
  248,19990324,     
  248,19990325,     
  248,19990326,     
  248,19990327,     
  248,19990328,     
  248,19990329,     
  248,19990330,     
  248,19990331,     
  248,19990401,     
  248,19990402,     
  248,19990403,     
  248,19990404,     
  248,19990405,     
  248,19990406,     
  248,19990407,     
  248,19990408,     
  248,19990409,     
  248,19990410,     
  248,19990411,     
  248,19990412,     
  248,19990413,     
  248,19990414,     
  248,19990415,     
  248,19990416,     
  248,19990417,     
  248,19990418,     
  248,19990419,     
  248,19990420,     
  248,19990421,     
  248,19990422,     
  248,19990423,     
  248,19990424,     
  248,19990425,     
  248,19990426,     
  248,19990427,     
  248,19990428,     
  248,19990429,     
  248,19990430,     
  248,19990501,     
  248,19990502,     
  248,19990503,     
  248,19990504,     
  248,19990505,     
  248,19990506,     
  248,19990507,     
  248,19990508,     
  248,19990509,     
  248,19990510,     
  248,19990511,     
  248,19990512,     
  248,19990513,     
  248,19990514,     
  248,19990515,     
  248,19990516,     
  248,19990517,     
  248,19990518,     
  248,19990519,     
  248,19990520,     
  248,19990521,     
  248,19990522,     
  248,19990523,     
  248,19990524,     
  248,19990525,     
  248,19990526,     
  248,19990527,     
  248,19990528,     
  248,19990529,     
  248,19990530,     
  248,19990531,     
  248,19990601,     
  248,19990602,     
  248,19990603,     
  248,19990604,     
  248,19990605,     
  248,19990606,     
  248,19990607,     
  248,19990608,     
  248,19990609,     
  248,19990610,     
  248,19990611,     
  248,19990612,     
  248,19990613,     
  248,19990614,     
  248,19990615,     
  248,19990616,     
  248,19990617,     
  248,19990618,     
  248,19990619,     
  248,19990620,     
  248,19990621,     
  248,19990622,     
  248,19990623,     
  248,19990624,     
  248,19990625,     
  248,19990626,     
  248,19990627,     
  248,19990628,     
  248,19990629,     
  248,19990630,     
  248,19990701,     
  248,19990702,     
  248,19990703,     
  248,19990704,     
  248,19990705,     
  248,19990706,     
  248,19990707,     
  248,19990708,     
  248,19990709,     
  248,19990710,     
  248,19990711,     
  248,19990712,     
  248,19990713,     
  248,19990714,     
  248,19990715,     
  248,19990716,     
  248,19990717,     
  248,19990718,     
  248,19990719,     
  248,19990720,     
  248,19990721,     
  248,19990722,     
  248,19990723,     
  248,19990724,     
  248,19990725,     
  248,19990726,     
  248,19990727,     
  248,19990728,     
  248,19990729,     
  248,19990730,     
  248,19990731,     
  248,19990801,     
  248,19990802,     
  248,19990803,     
  248,19990804,     
  248,19990805,     
  248,19990806,     
  248,19990807,     
  248,19990808,     
  248,19990809,     
  248,19990810,     
  248,19990811,     
  248,19990812,     
  248,19990813,     
  248,19990814,     
  248,19990815,     
  248,19990816,     
  248,19990817,     
  248,19990818,     
  248,19990819,     
  248,19990820,     
  248,19990821,     
  248,19990822,     
  248,19990823,     
  248,19990824,     
  248,19990825,     
  248,19990826,     
  248,19990827,     
  248,19990828,     
  248,19990829,     
  248,19990830,     
  248,19990831,     
  248,19990901,     
  248,19990902,     
  248,19990903,     
  248,19990904,     
  248,19990905,     
  248,19990906,     
  248,19990907,     
  248,19990908,     
  248,19990909,     
  248,19990910,     
  248,19990911,     
  248,19990912,     
  248,19990913,     
  248,19990914,     
  248,19990915,     
  248,19990916,     
  248,19990917,     
  248,19990918,     
  248,19990919,     
  248,19990920,     
  248,19990921,     
  248,19990922,     
  248,19990923,     
  248,19990924,     
  248,19990925,     
  248,19990926,     
  248,19990927,     
  248,19990928,     
  248,19990929,     
  248,19990930,     
  248,19991001,     
  248,19991002,     
  248,19991003,     
  248,19991004,     
  248,19991005,     
  248,19991006,     
  248,19991007,     
  248,19991008,     
  248,19991009,     
  248,19991010,     
  248,19991011,     
  248,19991012,     
  248,19991013,     
  248,19991014,     
  248,19991015,     
  248,19991016,     
  248,19991017,     
  248,19991018,     
  248,19991019,     
  248,19991020,     
  248,19991021,     
  248,19991022,     
  248,19991023,     
  248,19991024,     
  248,19991025,     
  248,19991026,     
  248,19991027,     
  248,19991028,     
  248,19991029,     
  248,19991030,     
  248,19991031,     
  248,19991101,     
  248,19991102,     
  248,19991103,     
  248,19991104,     
  248,19991105,     
  248,19991106,     
  248,19991107,     
  248,19991108,     
  248,19991109,     
  248,19991110,     
  248,19991111,     
  248,19991112,     
  248,19991113,     
  248,19991114,     
  248,19991115,     
  248,19991116,     
  248,19991117,     
  248,19991118,     
  248,19991119,     
  248,19991120,     
  248,19991121,     
  248,19991122,     
  248,19991123,     
  248,19991124,     
  248,19991125,     
  248,19991126,     
  248,19991127,     
  248,19991128,     
  248,19991129,     
  248,19991130,     
  248,19991201,     
  248,19991202,     
  248,19991203,     
  248,19991204,     
  248,19991205,     
  248,19991206,     
  248,19991207,     
  248,19991208,     
  248,19991209,     
  248,19991210,     
  248,19991211,     
  248,19991212,     
  248,19991213,     
  248,19991214,     
  248,19991215,     
  248,19991216,     
  248,19991217,     
  248,19991218,     
  248,19991219,     
  248,19991220,     
  248,19991221,     
  248,19991222,     
  248,19991223,     
  248,19991224,     
  248,19991225,     
  248,19991226,     
  248,19991227,     
  248,19991228,     
  248,19991229,     
  248,19991230,     
  248,19991231,     
  248,20000101,     
  248,20000102,     
  248,20000103,     
  248,20000104,     
  248,20000105,     
  248,20000106,     
  248,20000107,     
  248,20000108,     
  248,20000109,     
  248,20000110,     
  248,20000111,     
  248,20000112,     
  248,20000113,     
  248,20000114,     
  248,20000115,     
  248,20000116,     
  248,20000117,     
  248,20000118,     
  248,20000119,     
  248,20000120,     
  248,20000121,     
  248,20000122,     
  248,20000123,     
  248,20000124,     
  248,20000125,     
  248,20000126,     
  248,20000127,     
  248,20000128,     
  248,20000129,     
  248,20000130,     
  248,20000131,     
  248,20000201,     
  248,20000202,     
  248,20000203,     
  248,20000204,     
  248,20000205,     
  248,20000206,     
  248,20000207,     
  248,20000208,     
  248,20000209,     
  248,20000210,     
  248,20000211,     
  248,20000212,     
  248,20000213,     
  248,20000214,     
  248,20000215,     
  248,20000216,     
  248,20000217,     
  248,20000218,     
  248,20000219,     
  248,20000220,     
  248,20000221,     
  248,20000222,     
  248,20000223,     
  248,20000224,     
  248,20000225,     
  248,20000226,     
  248,20000227,     
  248,20000228,     
  248,20000229,     
  248,20000301,     
  248,20000302,     
  248,20000303,     
  248,20000304,     
  248,20000305,     
  248,20000306,     
  248,20000307,     
  248,20000308,     
  248,20000309,     
  248,20000310,     
  248,20000311,     
  248,20000312,     
  248,20000313,     
  248,20000314,     
  248,20000315,     
  248,20000316,     
  248,20000317,     
  248,20000318,     
  248,20000319,     
  248,20000320,     
  248,20000321,     
  248,20000322,     
  248,20000323,     
  248,20000324,     
  248,20000325,     
  248,20000326,     
  248,20000327,     
  248,20000328,     
  248,20000329,     
  248,20000330,     
  248,20000331,     
  248,20000401,     
  248,20000402,     
  248,20000403,     
  248,20000404,     
  248,20000405,     
  248,20000406,     
  248,20000407,     
  248,20000408,     
  248,20000409,     
  248,20000410,     
  248,20000411,     
  248,20000412,     
  248,20000413,     
  248,20000414,     
  248,20000415,     
  248,20000416,     
  248,20000417,     
  248,20000418,     
  248,20000419,     
  248,20000420,     
  248,20000421,     
  248,20000422,     
  248,20000423,     
  248,20000424,     
  248,20000425,     
  248,20000426,     
  248,20000427,     
  248,20000428,     
  248,20000429,     
  248,20000430,     
  248,20000501,     
  248,20000502,     
  248,20000503,     
  248,20000504,     
  248,20000505,     
  248,20000506,     
  248,20000507,     
  248,20000508,     
  248,20000509,     
  248,20000510,     
  248,20000511,     
  248,20000512,     
  248,20000513,     
  248,20000514,     
  248,20000515,     
  248,20000516,     
  248,20000517,     
  248,20000518,     
  248,20000519,     
  248,20000520,     
  248,20000521,     
  248,20000522,     
  248,20000523,     
  248,20000524,     
  248,20000525,     
  248,20000526,     
  248,20000527,     
  248,20000528,     
  248,20000529,     
  248,20000530,     
  248,20000531,     
  248,20000601,     
  248,20000602,     
  248,20000603,     
  248,20000604,     
  248,20000605,     
  248,20000606,     
  248,20000607,     
  248,20000608,     
  248,20000609,     
  248,20000610,     
  248,20000611,     
  248,20000612,     
  248,20000613,     
  248,20000614,     
  248,20000615,     
  248,20000616,     
  248,20000617,     
  248,20000618,     
  248,20000619,     
  248,20000620,     
  248,20000621,     
  248,20000622,     
  248,20000623,     
  248,20000624,     
  248,20000625,     
  248,20000626,     
  248,20000627,     
  248,20000628,     
  248,20000629,     
  248,20000630,     
  248,20000701,     
  248,20000702,     
  248,20000703,     
  248,20000704,     
  248,20000705,     
  248,20000706,     
  248,20000707,     
  248,20000708,     
  248,20000709,     
  248,20000710,     
  248,20000711,     
  248,20000712,     
  248,20000713,     
  248,20000714,     
  248,20000715,     
  248,20000716,     
  248,20000717,     
  248,20000718,     
  248,20000719,     
  248,20000720,     
  248,20000721,     
  248,20000722,     
  248,20000723,     
  248,20000724,     
  248,20000725,     
  248,20000726,     
  248,20000727,     
  248,20000728,     
  248,20000729,     
  248,20000730,     
  248,20000731,     
  248,20000801,     
  248,20000802,     
  248,20000803,     
  248,20000804,     
  248,20000805,     
  248,20000806,     
  248,20000807,     
  248,20000808,     
  248,20000809,     
  248,20000810,     
  248,20000811,     
  248,20000812,     
  248,20000813,     
  248,20000814,     
  248,20000815,     
  248,20000816,     
  248,20000817,     
  248,20000818,     
  248,20000819,     
  248,20000820,     
  248,20000821,     
  248,20000822,     
  248,20000823,     
  248,20000824,     
  248,20000825,     
  248,20000826,     
  248,20000827,     
  248,20000828,     
  248,20000829,     
  248,20000830,     
  248,20000831,     
  248,20000901,     
  248,20000902,     
  248,20000903,     
  248,20000904,     
  248,20000905,     
  248,20000906,     
  248,20000907,     
  248,20000908,     
  248,20000909,     
  248,20000910,     
  248,20000911,     
  248,20000912,     
  248,20000913,     
  248,20000914,     
  248,20000915,     
  248,20000916,     
  248,20000917,     
  248,20000918,     
  248,20000919,     
  248,20000920,     
  248,20000921,     
  248,20000922,     
  248,20000923,     
  248,20000924,     
  248,20000925,     
  248,20000926,     
  248,20000927,     
  248,20000928,     
  248,20000929,     
  248,20000930,     
  248,20001001,     
  248,20001002,     
  248,20001003,     
  248,20001004,     
  248,20001005,     
  248,20001006,     
  248,20001007,     
  248,20001008,     
  248,20001009,     
  248,20001010,     
  248,20001011,     
  248,20001012,     
  248,20001013,     
  248,20001014,     
  248,20001015,     
  248,20001016,     
  248,20001017,     
  248,20001018,     
  248,20001019,     
  248,20001020,     
  248,20001021,     
  248,20001022,     
  248,20001023,     
  248,20001024,     
  248,20001025,     
  248,20001026,     
  248,20001027,     
  248,20001028,     
  248,20001029,     
  248,20001030,     
  248,20001031,     
  248,20001101,     
  248,20001102,     
  248,20001103,     
  248,20001104,     
  248,20001105,     
  248,20001106,     
  248,20001107,     
  248,20001108,     
  248,20001109,     
  248,20001110,     
  248,20001111,     
  248,20001112,     
  248,20001113,     
  248,20001114,     
  248,20001115,     
  248,20001116,     
  248,20001117,     
  248,20001118,     
  248,20001119,     
  248,20001120,     
  248,20001121,     
  248,20001122,     
  248,20001123,     
  248,20001124,     
  248,20001125,     
  248,20001126,     
  248,20001127,     
  248,20001128,     
  248,20001129,     
  248,20001130,     
  248,20001201,     
  248,20001202,     
  248,20001203,     
  248,20001204,     
  248,20001205,     
  248,20001206,     
  248,20001207,     
  248,20001208,     
  248,20001209,     
  248,20001210,     
  248,20001211,     
  248,20001212,     
  248,20001213,     
  248,20001214,     
  248,20001215,     
  248,20001216,     
  248,20001217,     
  248,20001218,     
  248,20001219,     
  248,20001220,     
  248,20001221,     
  248,20001222,     
  248,20001223,     
  248,20001224,     
  248,20001225,     
  248,20001226,     
  248,20001227,     
  248,20001228,     
  248,20001229,     
  248,20001230,     
  248,20001231,     
  248,20010101,     
  248,20010102,     
  248,20010103,     
  248,20010104,     
  248,20010105,     
  248,20010106,     
  248,20010107,     
  248,20010108,     
  248,20010109,     
  248,20010110,     
  248,20010111,     
  248,20010112,     
  248,20010113,     
  248,20010114,     
  248,20010115,     
  248,20010116,     
  248,20010117,     
  248,20010118,     
  248,20010119,     
  248,20010120,     
  248,20010121,     
  248,20010122,     
  248,20010123,     
  248,20010124,     
  248,20010125,     
  248,20010126,     
  248,20010127,     
  248,20010128,     
  248,20010129,     
  248,20010130,     
  248,20010131,     
  248,20010201,     
  248,20010202,     
  248,20010203,     
  248,20010204,     
  248,20010205,     
  248,20010206,     
  248,20010207,     
  248,20010208,     
  248,20010209,     
  248,20010210,     
  248,20010211,     
  248,20010212,     
  248,20010213,     
  248,20010214,     
  248,20010215,     
  248,20010216,     
  248,20010217,     
  248,20010218,     
  248,20010219,     
  248,20010220,     
  248,20010221,     
  248,20010222,     
  248,20010223,     
  248,20010224,     
  248,20010225,     
  248,20010226,     
  248,20010227,     
  248,20010228,     
  248,20010301,     
  248,20010302,     
  248,20010303,     
  248,20010304,     
  248,20010305,     
  248,20010306,     
  248,20010307,     
  248,20010308,     
  248,20010309,     
  248,20010310,     
  248,20010311,     
  248,20010312,     
  248,20010313,     
  248,20010314,     
  248,20010315,     
  248,20010316,     
  248,20010317,     
  248,20010318,     
  248,20010319,     
  248,20010320,     
  248,20010321,     
  248,20010322,     
  248,20010323,     
  248,20010324,     
  248,20010325,     
  248,20010326,     
  248,20010327,     
  248,20010328,     
  248,20010329,     
  248,20010330,     
  248,20010331,     
  248,20010401,     
  248,20010402,     
  248,20010403,     
  248,20010404,     
  248,20010405,     
  248,20010406,     
  248,20010407,     
  248,20010408,     
  248,20010409,     
  248,20010410,     
  248,20010411,     
  248,20010412,     
  248,20010413,     
  248,20010414,     
  248,20010415,     
  248,20010416,     
  248,20010417,     
  248,20010418,     
  248,20010419,     
  248,20010420,     
  248,20010421,     
  248,20010422,     
  248,20010423,     
  248,20010424,     
  248,20010425,     
  248,20010426,     
  248,20010427,     
  248,20010428,     
  248,20010429,     
  248,20010430,     
  248,20010501,     
  248,20010502,     
  248,20010503,     
  248,20010504,     
  248,20010505,     
  248,20010506,     
  248,20010507,     
  248,20010508,     
  248,20010509,     
  248,20010510,     
  248,20010511,     
  248,20010512,     
  248,20010513,     
  248,20010514,     
  248,20010515,     
  248,20010516,     
  248,20010517,     
  248,20010518,     
  248,20010519,     
  248,20010520,     
  248,20010521,     
  248,20010522,     
  248,20010523,     
  248,20010524,     
  248,20010525,     
  248,20010526,     
  248,20010527,     
  248,20010528,     
  248,20010529,     
  248,20010530,     
  248,20010531,     
  248,20010601,     
  248,20010602,     
  248,20010603,     
  248,20010604,     
  248,20010605,     
  248,20010606,     
  248,20010607,     
  248,20010608,     
  248,20010609,     
  248,20010610,     
  248,20010611,     
  248,20010612,     
  248,20010613,     
  248,20010614,     
  248,20010615,     
  248,20010616,     
  248,20010617,     
  248,20010618,     
  248,20010619,     
  248,20010620,     
  248,20010621,     
  248,20010622,     
  248,20010623,     
  248,20010624,     
  248,20010625,     
  248,20010626,     
  248,20010627,     
  248,20010628,     
  248,20010629,     
  248,20010630,     
  248,20010701,     
  248,20010702,     
  248,20010703,     
  248,20010704,     
  248,20010705,     
  248,20010706,     
  248,20010707,     
  248,20010708,     
  248,20010709,     
  248,20010710,     
  248,20010711,     
  248,20010712,     
  248,20010713,     
  248,20010714,     
  248,20010715,     
  248,20010716,     
  248,20010717,     
  248,20010718,     
  248,20010719,     
  248,20010720,     
  248,20010721,     
  248,20010722,     
  248,20010723,     
  248,20010724,     
  248,20010725,     
  248,20010726,     
  249,19990323,   77
  249,19990324,    0
  249,19990325,   -1
  249,19990326,   75
  249,19990327,    0
  249,19990328,    0
  249,19990329,    0
  249,19990330,   46
  249,19990331,    0
  249,19990401,    0
  249,19990402,    0
  249,19990403,  123
  249,19990404,   -1
  249,19990405,   -1
  249,19990406,   23
  249,19990407,    8
  249,19990408,    0
  249,19990409,    1
  249,19990410,   37
  249,19990411,    0
  249,19990412,   87
  249,19990413,   75
  249,19990414,   75
  249,19990415,    4
  249,19990416,   -1
  249,19990417,    2
  249,19990418,    0
  249,19990419,    0
  249,19990420,    5
  249,19990421,   54
  249,19990422,   42
  249,19990423,   -1
  249,19990424,   -1
  249,19990425,    0
  249,19990426,    0
  249,19990427,    0
  249,19990428,    0
  249,19990429,    0
  249,19990430,    0
  249,19990501,    0
  249,19990502,    0
  249,19990503,    0
  249,19990504,    0
  249,19990505,   55
  249,19990506,   85
  249,19990507,   38
  249,19990508,   14
  249,19990509,    0
  249,19990510,   26
  249,19990511,    6
  249,19990512,   -1
  249,19990513,   -1
  249,19990514,   21
  249,19990515,    4
  249,19990516,   21
  249,19990517,    0
  249,19990518,    0
  249,19990519,    0
  249,19990520,   12
  249,19990521,   17
  249,19990522,    2
  249,19990523,    0
  249,19990524,   -1
  249,19990525,   -1
  249,19990526,    0
  249,19990527,    0
  249,19990528,   -1
  249,19990529,   -1
  249,19990530,   10
  249,19990531,    0
  249,19990601,    0
  249,19990602,   42
  249,19990603,   38
  249,19990604,   64
  249,19990605,   53
  249,19990606,   26
  249,19990607,   59
  249,19990608,   52
  249,19990609,    2
  249,19990610,    1
  249,19990611,   17
  249,19990612,    0
  249,19990613,    0
  249,19990614,    0
  249,19990615,    0
  249,19990616,    0
  249,19990617,    2
  249,19990618,   -1
  249,19990619,    0
  249,19990620,   50
  249,19990621,   -1
  249,19990622,   16
  249,19990623,    6
  249,19990624,    1
  249,19990625,    6
  249,19990626,    0
  249,19990627,   49
  249,19990628,   92
  249,19990629,   65
  249,19990630,    3
  249,19990701,   24
  249,19990702,   -1
  249,19990703,   51
  249,19990704,   47
  249,19990705,   39
  249,19990706,    0
  249,19990707,    0
  249,19990708,    0
  249,19990709,    0
  249,19990710,    0
  249,19990711,    0
  249,19990712,    0
  249,19990713,    0
  249,19990714,   24
  249,19990715,    2
  249,19990716,    0
  249,19990717,    0
  249,19990718,    0
  249,19990719,   -1
  249,19990720,    4
  249,19990721,    3
  249,19990722,   54
  249,19990723,   -1
  249,19990724,    0
  249,19990725,    0
  249,19990726,    0
  249,19990727,    0
  249,19990728,    0
  249,19990729,    0
  249,19990730,    0
  249,19990731,    0
  249,19990801,    0
  249,19990802,    0
  249,19990803,   -1
  249,19990804,    0
  249,19990805,    2
  249,19990806,    0
  249,19990807,   77
  249,19990808,   24
  249,19990809,   17
  249,19990810,  122
  249,19990811,   -1
  249,19990812,    0
  249,19990813,   14
  249,19990814,  114
  249,19990815,   -1
  249,19990816,    0
  249,19990817,    5
  249,19990818,  240
  249,19990819,  161
  249,19990820,  104
  249,19990821,    2
  249,19990822,    0
  249,19990823,    0
  249,19990824,   -1
  249,19990825,   -1
  249,19990826,  103
  249,19990827,    0
  249,19990828,    0
  249,19990829,    0
  249,19990830,   -1
  249,19990831,   -1
  249,19990901,    1
  249,19990902,    0
  249,19990903,    0
  249,19990904,    0
  249,19990905,    0
  249,19990906,    0
  249,19990907,    0
  249,19990908,    0
  249,19990909,    0
  249,19990910,    0
  249,19990911,    0
  249,19990912,    0
  249,19990913,   -1
  249,19990914,    0
  249,19990915,  187
  249,19990916,    6
  249,19990917,  101
  249,19990918,    0
  249,19990919,   -1
  249,19990920,    8
  249,19990921,    0
  249,19990922,   47
  249,19990923,   20
  249,19990924,   79
  249,19990925,   46
  249,19990926,  121
  249,19990927,   63
  249,19990928,   91
  249,19990929,  117
  249,19990930,  150
  249,19991001,  144
  249,19991002,   52
  249,19991003,  363
  249,19991004,  162
  249,19991005,   19
  249,19991006,    3
  249,19991007,   54
  249,19991008,   37
  249,19991009,    6
  249,19991010,   11
  249,19991011,    8
  249,19991012,    0
  249,19991013,    0
  249,19991014,    0
  249,19991015,    0
  249,19991016,    0
  249,19991017,    0
  249,19991018,    0
  249,19991019,    0
  249,19991020,    0
  249,19991021,   21
  249,19991022,  113
  249,19991023,    2
  249,19991024,   12
  249,19991025,    5
  249,19991026,    0
  249,19991027,    0
  249,19991028,   -1
  249,19991029,    0
  249,19991030,   28
  249,19991031,    0
  249,19991101,    4
  249,19991102,   -1
  249,19991103,    0
  249,19991104,    0
  249,19991105,    7
  249,19991106,  233
  249,19991107,   11
  249,19991108,   11
  249,19991109,    2
  249,19991110,   -1
  249,19991111,    0
  249,19991112,    0
  249,19991113,    5
  249,19991114,    4
  249,19991115,    0
  249,19991116,   46
  249,19991117,   79
  249,19991118,   63
  249,19991119,   56
  249,19991120,    4
  249,19991121,   13
  249,19991122,   36
  249,19991123,    2
  249,19991124,   -1
  249,19991125,   66
  249,19991126,    0
  249,19991127,   32
  249,19991128,    0
  249,19991129,   14
  249,19991130,    0
  249,19991201,    1
  249,19991202,    9
  249,19991203,   64
  249,19991204,   77
  249,19991205,    4
  249,19991206,   80
  249,19991207,   75
  249,19991208,   25
  249,19991209,   16
  249,19991210,   14
  249,19991211,  188
  249,19991212,   54
  249,19991213,  118
  249,19991214,   95
  249,19991215,   29
  249,19991216,   13
  249,19991217,  130
  249,19991218,    8
  249,19991219,   36
  249,19991220,    5
  249,19991221,    0
  249,19991222,   22
  249,19991223,   42
  249,19991224,  156
  249,19991225,   74
  249,19991226,  163
  249,19991227,   38
  249,19991228,   -1
  249,19991229,  151
  249,19991230,   17
  249,19991231,    0
  249,20000101,   13
  249,20000102,    1
  249,20000103,  113
  249,20000104,   27
  249,20000105,    0
  249,20000106,   20
  249,20000107,    0
  249,20000108,   25
  249,20000109,    0
  249,20000110,    0
  249,20000111,    0
  249,20000112,    0
  249,20000113,    2
  249,20000114,    4
  249,20000115,    0
  249,20000116,   -1
  249,20000117,   -1
  249,20000118,    1
  249,20000119,    6
  249,20000120,    3
  249,20000121,    3
  249,20000122,   44
  249,20000123,   -1
  249,20000124,   -1
  249,20000125,    9
  249,20000126,    2
  249,20000127,   -1
  249,20000128,   47
  249,20000129,  137
  249,20000130,   12
  249,20000131,   -1
  249,20000201,   29
  249,20000202,   47
  249,20000203,    0
  249,20000204,   43
  249,20000205,    0
  249,20000206,    6
  249,20000207,   61
  249,20000208,   63
  249,20000209,   11
  249,20000210,   93
  249,20000211,    0
  249,20000212,   34
  249,20000213,    0
  249,20000214,   18
  249,20000215,   16
  249,20000216,  119
  249,20000217,   42
  249,20000218,   96
  249,20000219,   35
  249,20000220,    0
  249,20000221,    1
  249,20000222,   -1
  249,20000223,   -1
  249,20000224,   89
  249,20000225,   47
  249,20000226,    0
  249,20000227,    0
  249,20000228,   36
  249,20000229,   61
  249,20000301,    7
  249,20000302,  146
  249,20000303,   61
  249,20000304,   41
  249,20000305,    2
  249,20000306,    0
  249,20000307,   13
  249,20000308,   76
  249,20000309,    8
  249,20000310,   16
  249,20000311,   -1
  249,20000312,    0
  249,20000313,   -1
  249,20000314,   22
  249,20000315,   23
  249,20000316,   -1
  249,20000317,   -1
  249,20000318,   10
  249,20000319,    0
  249,20000320,    0
  249,20000321,    0
  249,20000322,    0
  249,20000323,    0
  249,20000324,   86
  249,20000325,    2
  249,20000326,   10
  249,20000327,   -1
  249,20000328,   -1
  249,20000329,    0
  249,20000330,    0
  249,20000331,    0
  249,20000401,    3
  249,20000402,    6
  249,20000403,    2
  249,20000404,   60
  249,20000405,    3
  249,20000406,    0
  249,20000407,    0
  249,20000408,    0
  249,20000409,    0
  249,20000410,    0
  249,20000411,   10
  249,20000412,   65
  249,20000413,   35
  249,20000414,    0
  249,20000415,   58
  249,20000416,   19
  249,20000417,   54
  249,20000418,    0
  249,20000419,    0
  249,20000420,    1
  249,20000421,   15
  249,20000422,   46
  249,20000423,   34
  249,20000424,    0
  249,20000425,    0
  249,20000426,   18
  249,20000427,    0
  249,20000428,    0
  249,20000429,    8
  249,20000430,   24
  249,20000501,    0
  249,20000502,    0
  249,20000503,    0
  249,20000504,    0
  249,20000505,    0
  249,20000506,    0
  249,20000507,   76
  249,20000508,   -1
  249,20000509,    0
  249,20000510,    0
  249,20000511,    0
  249,20000512,    0
  249,20000513,    0
  249,20000514,    0
  249,20000515,    0
  249,20000516,  100
  249,20000517,   27
  249,20000518,   53
  249,20000519,   32
  249,20000520,   29
  249,20000521,   90
  249,20000522,    1
  249,20000523,   45
  249,20000524,   67
  249,20000525,   63
  249,20000526,   58
  249,20000527,   19
  249,20000528,  187
  249,20000529,    2
  249,20000530,    5
  249,20000531,    0
  249,20000601,   22
  249,20000602,    0
  249,20000603,   14
  249,20000604,    5
  249,20000605,   12
  249,20000606,    0
  249,20000607,    1
  249,20000608,    0
  249,20000609,    0
  249,20000610,   11
  249,20000611,    0
  249,20000612,    0
  249,20000613,    1
  249,20000614,   43
  249,20000615,    0
  249,20000616,    0
  249,20000617,    0
  249,20000618,    0
  249,20000619,    0
  249,20000620,    0
  249,20000621,   10
  249,20000622,    2
  249,20000623,   86
  249,20000624,   19
  249,20000625,    6
  249,20000626,   -1
  249,20000627,    0
  249,20000628,   -1
  249,20000629,    0
  249,20000630,    0
  249,20000701,   80
  249,20000702,    7
  249,20000703,   10
  249,20000704,    0
  249,20000705,   33
  249,20000706,    0
  249,20000707,    0
  249,20000708,    2
  249,20000709,  160
  249,20000710,   76
  249,20000711,   33
  249,20000712,   -1
  249,20000713,    4
  249,20000714,   50
  249,20000715,   13
  249,20000716,    7
  249,20000717,    3
  249,20000718,    7
  249,20000719,   -1
  249,20000720,    0
  249,20000721,    0
  249,20000722,    0
  249,20000723,    0
  249,20000724,   28
  249,20000725,    0
  249,20000726,    0
  249,20000727,   23
  249,20000728,    4
  249,20000729,    0
  249,20000730,    0
  249,20000731,    0
  249,20000801,    1
  249,20000802,    0
  249,20000803,    8
  249,20000804,   -1
  249,20000805,    0
  249,20000806,    0
  249,20000807,   -1
  249,20000808,   43
  249,20000809,    0
  249,20000810,    6
  249,20000811,    0
  249,20000812,    0
  249,20000813,    0
  249,20000814,  202
  249,20000815,    0
  249,20000816,    3
  249,20000817,    2
  249,20000818,    1
  249,20000819,   -1
  249,20000820,   55
  249,20000821,   38
  249,20000822,   23
  249,20000823,    0
  249,20000824,    0
  249,20000825,    0
  249,20000826,    0
  249,20000827,   68
  249,20000828,   -1
  249,20000829,   23
  249,20000830,   -1
  249,20000831,    0
  249,20000901,   78
  249,20000902,   81
  249,20000903,   12
  249,20000904,    9
  249,20000905,    1
  249,20000906,  155
  249,20000907,   23
  249,20000908,   48
  249,20000909,   15
  249,20000910,   -1
  249,20000911,    0
  249,20000912,    0
  249,20000913,   -1
  249,20000914,   -1
  249,20000915,   83
  249,20000916,  110
  249,20000917,   10
  249,20000918,    0
  249,20000919,    0
  249,20000920,   51
  249,20000921,    7
  249,20000922,   -1
  249,20000923,    0
  249,20000924,   17
  249,20000925,   15
  249,20000926,  122
  249,20000927,   10
  249,20000928,   34
  249,20000929,    1
  249,20000930,    3
  249,20001001,   57
  249,20001002,   -1
  249,20001003,   -1
  249,20001004,   12
  249,20001005,   55
  249,20001006,  142
  249,20001007,    1
  249,20001008,   64
  249,20001009,   64
  249,20001010,  157
  249,20001011,  125
  249,20001012,    5
  249,20001013,   -1
  249,20001014,    0
  249,20001015,    1
  249,20001016,   64
  249,20001017,   21
  249,20001018,   31
  249,20001019,  123
  249,20001020,   -1
  249,20001021,   -1
  249,20001022,    9
  249,20001023,   25
  249,20001024,    4
  249,20001025,   40
  249,20001026,   43
  249,20001027,  154
  249,20001028,   25
  249,20001029,   51
  249,20001030,  134
  249,20001031,   83
  249,20001101,   60
  249,20001102,   66
  249,20001103,   15
  249,20001104,   78
  249,20001105,    0
  249,20001106,   41
  249,20001107,   29
  249,20001108,  205
  249,20001109,  191
  249,20001110,  170
  249,20001111,   14
  249,20001112,   82
  249,20001113,    1
  249,20001114,    5
  249,20001115,   15
  249,20001116,   53
  249,20001117,   89
  249,20001118,   62
  249,20001119,   61
  249,20001120,   41
  249,20001121,   30
  249,20001122,    3
  249,20001123,   37
  249,20001124,   17
  249,20001125,   59
  249,20001126,   38
  249,20001127,    9
  249,20001128,   39
  249,20001129,   -1
  249,20001130,    0
  249,20001201,   21
  249,20001202,   18
  249,20001203,  165
  249,20001204,    7
  249,20001205,    1
  249,20001206,   20
  249,20001207,   13
  249,20001208,    7
  249,20001209,    6
  249,20001210,  103
  249,20001211,  127
  249,20001212,   65
  249,20001213,   22
  249,20001214,    2
  249,20001215,   82
  249,20001216,   29
  249,20001217,    4
  249,20001218,    0
  249,20001219,    0
  249,20001220,    0
  249,20001221,    0
  249,20001222,    0
  249,20001223,    0
  249,20001224,  151
  249,20001225,   -1
  249,20001226,    0
  249,20001227,    6
  249,20001228,   57
  249,20001229,  120
  249,20001230,   35
  249,20001231,    0
  249,20010101,   75
  249,20010102,   29
  249,20010103,   37
  249,20010104,   45
  249,20010105,  158
  249,20010106,   18
  249,20010107,    5
  249,20010108,   15
  249,20010109,    0
  249,20010110,    0
  249,20010111,    0
  249,20010112,    0
  249,20010113,    0
  249,20010114,    0
  249,20010115,    0
  249,20010116,    0
  249,20010117,    0
  249,20010118,    3
  249,20010119,    0
  249,20010120,    1
  249,20010121,   17
  249,20010122,    5
  249,20010123,   44
  249,20010124,   77
  249,20010125,    1
  249,20010126,    5
  249,20010127,   77
  249,20010128,   71
  249,20010129,   -1
  249,20010130,    0
  249,20010131,    0
  249,20010201,    5
  249,20010202,   36
  249,20010203,  163
  249,20010204,  148
  249,20010205,  124
  249,20010206,   48
  249,20010207,   23
  249,20010208,  142
  249,20010209,    0
  249,20010210,    4
  249,20010211,   -1
  249,20010212,   31
  249,20010213,    0
  249,20010214,    0
  249,20010215,    0
  249,20010216,    0
  249,20010217,    0
  249,20010218,    0
  249,20010219,    2
  249,20010220,    0
  249,20010221,    7
  249,20010222,   39
  249,20010223,   71
  249,20010224,   70
  249,20010225,   52
  249,20010226,    2
  249,20010227,   -1
  249,20010228,    6
  249,20010301,    4
  249,20010302,    6
  249,20010303,    0
  249,20010304,    0
  249,20010305,    0
  249,20010306,    0
  249,20010307,   37
  249,20010308,   51
  249,20010309,    6
  249,20010310,   34
  249,20010311,   79
  249,20010312,   38
  249,20010313,   42
  249,20010314,   -1
  249,20010315,   -1
  249,20010316,   -1
  249,20010317,   23
  249,20010318,   15
  249,20010319,   58
  249,20010320,   -1
  249,20010321,   71
  249,20010322,   -1
  249,20010323,  187
  249,20010324,    0
  249,20010325,    0
  249,20010326,    0
  249,20010327,    0
  249,20010328,   62
  249,20010329,    0
  249,20010330,    0
  249,20010331,    2
  249,20010401,    1
  249,20010402,    2
  249,20010403,   -1
  249,20010404,   42
  249,20010405,   74
  249,20010406,   52
  249,20010407,   10
  249,20010408,   -1
  249,20010409,    0
  249,20010410,   30
  249,20010411,    2
  249,20010412,    4
  249,20010413,   -1
  249,20010414,  116
  249,20010415,   24
  249,20010416,   51
  249,20010417,   20
  249,20010418,  104
  249,20010419,   88
  249,20010420,   35
  249,20010421,    0
  249,20010422,    0
  249,20010423,    0
  249,20010424,    6
  249,20010425,   82
  249,20010426,   36
  249,20010427,   -1
  249,20010428,   42
  249,20010429,    1
  249,20010430,    1
  249,20010501,    1
  249,20010502,    0
  249,20010503,   86
  249,20010504,   56
  249,20010505,    0
  249,20010506,    0
  249,20010507,    0
  249,20010508,    0
  249,20010509,    0
  249,20010510,    0
  249,20010511,    0
  249,20010512,    0
  249,20010513,    0
  249,20010514,   54
  249,20010515,   53
  249,20010516,  158
  249,20010517,  115
  249,20010518,   -1
  249,20010519,    0
  249,20010520,    0
  249,20010521,    0
  249,20010522,    0
  249,20010523,    0
  249,20010524,    0
  249,20010525,    0
  249,20010526,    0
  249,20010527,    3
  249,20010528,    1
  249,20010529,    0
  249,20010530,    0
  249,20010531,   21
  249,20010601,   10
  249,20010602,  109
  249,20010603,   24
  249,20010604,    0
  249,20010605,   -1
  249,20010606,   -1
  249,20010607,   28
  249,20010608,    0
  249,20010609,    0
  249,20010610,    0
  249,20010611,   -1
  249,20010612,    0
  249,20010613,   -1
  249,20010614,    0
  249,20010615,   65
  249,20010616,   31
  249,20010617,   17
  249,20010618,   -1
  249,20010619,    0
  249,20010620,   -1
  249,20010621,    0
  249,20010622,    8
  249,20010623,    0
  249,20010624,    0
  249,20010625,    0
  249,20010626,    0
  249,20010627,   -1
  249,20010628,   -1
  249,20010629,   -1
  249,20010630,   -1
  249,20010701,    0
  249,20010702,    0
  249,20010703,    0
  249,20010704,    0
  249,20010705,    0
  249,20010706,    0
  249,20010707,   -1
  249,20010708,   34
  249,20010709,    0
  249,20010710,   17
  249,20010711,   87
  249,20010712,   10
  249,20010713,   -1
  249,20010714,   29
  249,20010715,    0
  249,20010716,    0
  249,20010717,    2
  249,20010718,  182
  249,20010719,   77
  249,20010720,   56
  249,20010721,   -1
  249,20010722,    0
  249,20010723,   -1
  249,20010724,    0
  249,20010725,    0
  249,20010726,    0
  251,19960726,    0
  251,19960727,   66
  251,19960728,    0
  251,19960729,   -1
  251,19960730,   -1
  251,19960731,   -1
  251,19960801,    2
  251,19960802,   -1
  251,19960803,    0
  251,19960804,    0
  251,19960805,    0
  251,19960806,  109
  251,19960807,    6
  251,19960808,    0
  251,19960809,    0
  251,19960810,   50
  251,19960811,  104
  251,19960812,    7
  251,19960813,    2
  251,19960814,    0
  251,19960815,    0
  251,19960816,    0
  251,19960817,    0
  251,19960818,    0
  251,19960819,    0
  251,19960820,    0
  251,19960821,   62
  251,19960822,    0
  251,19960823,    4
  251,19960824,  188
  251,19960825,   92
  251,19960826,   91
  251,19960827,   13
  251,19960828,   86
  251,19960829,    4
  251,19960830,   32
  251,19960831,    2
  251,19960901,   21
  251,19960902,    0
  251,19960903,    5
  251,19960904,    0
  251,19960905,    0
  251,19960906,   -1
  251,19960907,    0
  251,19960908,   -1
  251,19960909,   -1
  251,19960910,   11
  251,19960911,   65
  251,19960912,   52
  251,19960913,   34
  251,19960914,   98
  251,19960915,    0
  251,19960916,    0
  251,19960917,    0
  251,19960918,    0
  251,19960919,    0
  251,19960920,    0
  251,19960921,    0
  251,19960922,   -1
  251,19960923,   -1
  251,19960924,    0
  251,19960925,    0
  251,19960926,   38
  251,19960927,   77
  251,19960928,    0
  251,19960929,  162
  251,19960930,   72
  251,19961001,   36
  251,19961002,    5
  251,19961003,   32
  251,19961004,   81
  251,19961005,  121
  251,19961006,   -1
  251,19961007,    0
  251,19961008,   -1
  251,19961009,   22
  251,19961010,    0
  251,19961011,   -1
  251,19961012,    0
  251,19961013,    0
  251,19961014,   -1
  251,19961015,    2
  251,19961016,    0
  251,19961017,    0
  251,19961018,   23
  251,19961019,   10
  251,19961020,   97
  251,19961021,   35
  251,19961022,    0
  251,19961023,    0
  251,19961024,    0
  251,19961025,   11
  251,19961026,    2
  251,19961027,  100
  251,19961028,   16
  251,19961029,  159
  251,19961030,    1
  251,19961031,   18
  251,19961101,   15
  251,19961102,    8
  251,19961103,   -1
  251,19961104,  254
  251,19961105,  127
  251,19961106,  132
  251,19961107,    9
  251,19961108,   -1
  251,19961109,   61
  251,19961110,  161
  251,19961111,   81
  251,19961112,   90
  251,19961113,   20
  251,19961114,    8
  251,19961115,    0
  251,19961116,    0
  251,19961117,    8
  251,19961118,   24
  251,19961119,   26
  251,19961120,   54
  251,19961121,   51
  251,19961122,    4
  251,19961123,   51
  251,19961124,    5
  251,19961125,   82
  251,19961126,   20
  251,19961127,    9
  251,19961128,   14
  251,19961129,   99
  251,19961130,   94
  251,19961201,   12
  251,19961202,   59
  251,19961203,   61
  251,19961204,   -1
  251,19961205,    0
  251,19961206,    0
  251,19961207,   -1
  251,19961208,    0
  251,19961209,   -1
  251,19961210,   -1
  251,19961211,   -1
  251,19961212,    6
  251,19961213,   19
  251,19961214,   -1
  251,19961215,    0
  251,19961216,   -1
  251,19961217,    0
  251,19961218,   28
  251,19961219,  161
  251,19961220,   21
  251,19961221,    0
  251,19961222,    0
  251,19961223,    0
  251,19961224,    1
  251,19961225,    4
  251,19961226,    0
  251,19961227,    0
  251,19961228,    0
  251,19961229,   22
  251,19961230,   14
  251,19961231,    0
  251,19970101,    0
  251,19970102,    0
  251,19970103,    0
  251,19970104,    0
  251,19970105,   -1
  251,19970106,   -1
  251,19970107,    0
  251,19970108,   -1
  251,19970109,    0
  251,19970110,    0
  251,19970111,    0
  251,19970112,   -1
  251,19970113,   -1
  251,19970114,    0
  251,19970115,    0
  251,19970116,    0
  251,19970117,    1
  251,19970118,   -1
  251,19970119,    1
  251,19970120,   -1
  251,19970121,    0
  251,19970122,   -1
  251,19970123,   14
  251,19970124,   -1
  251,19970125,    0
  251,19970126,    0
  251,19970127,    3
  251,19970128,   -1
  251,19970129,   -1
  251,19970130,   -1
  251,19970131,    1
  251,19970201,    0
  251,19970202,    4
  251,19970203,   -1
  251,19970204,   60
  251,19970205,   -1
  251,19970206,   -1
  251,19970207,    7
  251,19970208,    0
  251,19970209,    5
  251,19970210,   25
  251,19970211,    1
  251,19970212,   90
  251,19970213,   16
  251,19970214,    0
  251,19970215,    0
  251,19970216,    1
  251,19970217,   38
  251,19970218,  107
  251,19970219,   65
  251,19970220,    4
  251,19970221,   -1
  251,19970222,    0
  251,19970223,    0
  251,19970224,  121
  251,19970225,   44
  251,19970226,   33
  251,19970227,    0
  251,19970228,   25
  251,19970301,    0
  251,19970302,    6
  251,19970303,    0
  251,19970304,    0
  251,19970305,    0
  251,19970306,   23
  251,19970307,    0
  251,19970308,    0
  251,19970309,    0
  251,19970310,    0
  251,19970311,    0
  251,19970312,    0
  251,19970313,    0
  251,19970314,   18
  251,19970315,    2
  251,19970316,   34
  251,19970317,    0
  251,19970318,   35
  251,19970319,    1
  251,19970320,   24
  251,19970321,   12
  251,19970322,   -1
  251,19970323,   35
  251,19970324,   14
  251,19970325,    1
  251,19970326,   12
  251,19970327,    2
  251,19970328,    5
  251,19970329,   -1
  251,19970330,    0
  251,19970331,    0
  251,19970401,    0
  251,19970402,    0
  251,19970403,    8
  251,19970404,   11
  251,19970405,   56
  251,19970406,   -1
  251,19970407,    0
  251,19970408,    0
  251,19970409,    0
  251,19970410,    0
  251,19970411,    1
  251,19970412,    4
  251,19970413,   -1
  251,19970414,   -1
  251,19970415,    1
  251,19970416,    3
  251,19970417,    0
  251,19970418,   -1
  251,19970419,   -1
  251,19970420,    0
  251,19970421,    2
  251,19970422,    4
  251,19970423,    0
  251,19970424,   -1
  251,19970425,   -1
  251,19970426,    0
  251,19970427,   -1
  251,19970428,  111
  251,19970429,   27
  251,19970430,    0
  251,19970501,    0
  251,19970502,    0
  251,19970503,    0
  251,19970504,   25
  251,19970505,    0
  251,19970506,   63
  251,19970507,    1
  251,19970508,   63
  251,19970509,   40
  251,19970510,   47
  251,19970511,    7
  251,19970512,    0
  251,19970513,   -1
  251,19970514,   41
  251,19970515,    0
  251,19970516,    0
  251,19970517,   86
  251,19970518,   17
  251,19970519,    9
  251,19970520,   91
  251,19970521,   12
  251,19970522,   17
  251,19970523,   -1
  251,19970524,   -1
  251,19970525,    0
  251,19970526,    1
  251,19970527,   -1
  251,19970528,    0
  251,19970529,    0
  251,19970530,    0
  251,19970531,    0
  251,19970601,    0
  251,19970602,    0
  251,19970603,    0
  251,19970604,    0
  251,19970605,    0
  251,19970606,    0
  251,19970607,   48
  251,19970608,  312
  251,19970609,    0
  251,19970610,   -1
  251,19970611,   20
  251,19970612,    1
  251,19970613,    3
  251,19970614,   -1
  251,19970615,    4
  251,19970616,    0
  251,19970617,    0
  251,19970618,    0
  251,19970619,    0
  251,19970620,  135
  251,19970621,   39
  251,19970622,  142
  251,19970623,   67
  251,19970624,    3
  251,19970625,   11
  251,19970626,   84
  251,19970627,  391
  251,19970628,    2
  251,19970629,  207
  251,19970630,   -1
  251,19970701,    8
  251,19970702,   13
  251,19970703,    1
  251,19970704,    0
  251,19970705,   19
  251,19970706,   -1
  251,19970707,   -1
  251,19970708,    0
  251,19970709,   -1
  251,19970710,    0
  251,19970711,    0
  251,19970712,    0
  251,19970713,    0
  251,19970714,    0
  251,19970715,   -1
  251,19970716,   52
  251,19970717,   18
  251,19970718,   84
  251,19970719,    0
  251,19970720,   -1
  251,19970721,   58
  251,19970722,    4
  251,19970723,    0
  251,19970724,   50
  251,19970725,  130
  251,19970726,   88
  251,19970727,    1
  251,19970728,   -1
  251,19970729,    0
  251,19970730,   17
  251,19970731,   91
  251,19970801,   15
  251,19970802,    8
  251,19970803,    0
  251,19970804,    0
  251,19970805,    0
  251,19970806,    0
  251,19970807,    0
  251,19970808,    0
  251,19970809,    0
  251,19970810,    0
  251,19970811,    0
  251,19970812,    0
  251,19970813,    0
  251,19970814,    0
  251,19970815,   -1
  251,19970816,    0
  251,19970817,    0
  251,19970818,    0
  251,19970819,   -1
  251,19970820,   -1
  251,19970821,   -1
  251,19970822,    3
  251,19970823,    2
  251,19970824,    0
  251,19970825,  161
  251,19970826,    1
  251,19970827,    4
  251,19970828,   65
  251,19970829,   13
  251,19970830,   16
  251,19970831,    0
  251,19970901,   36
  251,19970902,   56
  251,19970903,    1
  251,19970904,   27
  251,19970905,    0
  251,19970906,   50
  251,19970907,   79
  251,19970908,    0
  251,19970909,   -1
  251,19970910,   -1
  251,19970911,    0
  251,19970912,   75
  251,19970913,   38
  251,19970914,    1
  251,19970915,   -1
  251,19970916,    0
  251,19970917,   -1
  251,19970918,    0
  251,19970919,   -1
  251,19970920,    0
  251,19970921,    0
  251,19970922,    0
  251,19970923,   -1
  251,19970924,    0
  251,19970925,    0
  251,19970926,    0
  251,19970927,    0
  251,19970928,    0
  251,19970929,   28
  251,19970930,   15
  251,19971001,    9
  251,19971002,   -1
  251,19971003,   24
  251,19971004,   -1
  251,19971005,   -1
  251,19971006,    0
  251,19971007,  209
  251,19971008,  284
  251,19971009,   24
  251,19971010,  115
  251,19971011,   28
  251,19971012,    9
  251,19971013,   61
  251,19971014,   27
  251,19971015,    3
  251,19971016,   11
  251,19971017,    1
  251,19971018,    0
  251,19971019,    0
  251,19971020,    0
  251,19971021,    0
  251,19971022,    3
  251,19971023,    7
  251,19971024,   15
  251,19971025,    7
  251,19971026,   39
  251,19971027,   -1
  251,19971028,    0
  251,19971029,    0
  251,19971030,    0
  251,19971031,    0
  251,19971101,    0
  251,19971102,   24
  251,19971103,    8
  251,19971104,    0
  251,19971105,   17
  251,19971106,    7
  251,19971107,  127
  251,19971108,   10
  251,19971109,   11
  251,19971110,   17
  251,19971111,    0
  251,19971112,    0
  251,19971113,    2
  251,19971114,   -1
  251,19971115,   21
  251,19971116,   -1
  251,19971117,    0
  251,19971118,    0
  251,19971119,    0
  251,19971120,    3
  251,19971121,    6
  251,19971122,    0
  251,19971123,    0
  251,19971124,    0
  251,19971125,    0
  251,19971126,    0
  251,19971127,   95
  251,19971128,   32
  251,19971129,    5
  251,19971130,    6
  251,19971201,   18
  251,19971202,   -1
  251,19971203,   20
  251,19971204,   32
  251,19971205,   10
  251,19971206,  148
  251,19971207,    0
  251,19971208,   11
  251,19971209,   45
  251,19971210,   88
  251,19971211,  115
  251,19971212,   20
  251,19971213,   18
  251,19971214,   16
  251,19971215,    3
  251,19971216,    0
  251,19971217,    0
  251,19971218,    3
  251,19971219,   36
  251,19971220,    0
  251,19971221,   -1
  251,19971222,    0
  251,19971223,    1
  251,19971224,  108
  251,19971225,   55
  251,19971226,   45
  251,19971227,   29
  251,19971228,   57
  251,19971229,   18
  251,19971230,   -1
  251,19971231,   15
  251,19980101,    3
  251,19980102,   50
  251,19980103,  104
  251,19980104,   58
  251,19980105,   53
  251,19980106,   14
  251,19980107,   14
  251,19980108,   67
  251,19980109,    1
  251,19980110,    0
  251,19980111,    0
  251,19980112,   -1
  251,19980113,   -1
  251,19980114,   13
  251,19980115,    6
  251,19980116,   21
  251,19980117,    4
  251,19980118,  127
  251,19980119,  150
  251,19980120,   14
  251,19980121,    0
  251,19980122,    0
  251,19980123,    3
  251,19980124,   -1
  251,19980125,    0
  251,19980126,   11
  251,19980127,    5
  251,19980128,    4
  251,19980129,    7
  251,19980130,   13
  251,19980131,    0
  251,19980201,    0
  251,19980202,   22
  251,19980203,    6
  251,19980204,    3
  251,19980205,    0
  251,19980206,   -1
  251,19980207,   21
  251,19980208,    0
  251,19980209,    0
  251,19980210,    0
  251,19980211,   -1
  251,19980212,   -1
  251,19980213,    0
  251,19980214,   -1
  251,19980215,   -1
  251,19980216,    3
  251,19980217,   -1
  251,19980218,    0
  251,19980219,   -1
  251,19980220,    0
  251,19980221,   56
  251,19980222,    0
  251,19980223,   -1
  251,19980224,    0
  251,19980225,    0
  251,19980226,    0
  251,19980227,   47
  251,19980228,   19
  251,19980301,    9
  251,19980302,   23
  251,19980303,   67
  251,19980304,   25
  251,19980305,  104
  251,19980306,   69
  251,19980307,  102
  251,19980308,   17
  251,19980309,    1
  251,19980310,    5
  251,19980311,  106
  251,19980312,    1
  251,19980313,    4
  251,19980314,    5
  251,19980315,    3
  251,19980316,   -1
  251,19980317,   -1
  251,19980318,    0
  251,19980319,   -1
  251,19980320,   -1
  251,19980321,    0
  251,19980322,   16
  251,19980323,    0
  251,19980324,    0
  251,19980325,    0
  251,19980326,   51
  251,19980327,    0
  251,19980328,   -1
  251,19980329,   -1
  251,19980330,    0
  251,19980331,    0
  251,19980401,    0
  251,19980402,   29
  251,19980403,  119
  251,19980404,   49
  251,19980405,   -1
  251,19980406,   66
  251,19980407,    0
  251,19980408,   12
  251,19980409,   66
  251,19980410,   86
  251,19980411,   26
  251,19980412,    1
  251,19980413,   27
  251,19980414,  106
  251,19980415,   59
  251,19980416,   34
  251,19980417,    2
  251,19980418,   -1
  251,19980419,   -1
  251,19980420,   60
  251,19980421,    0
  251,19980422,    0
  251,19980423,    2
  251,19980424,   35
  251,19980425,   28
  251,19980426,    0
  251,19980427,    9
  251,19980428,    0
  251,19980429,    0
  251,19980430,    0
  251,19980501,   -1
  251,19980502,   46
  251,19980503,    0
  251,19980504,    0
  251,19980505,    3
  251,19980506,   27
  251,19980507,   -1
  251,19980508,    0
  251,19980509,    0
  251,19980510,    0
  251,19980511,    0
  251,19980512,    0
  251,19980513,    0
  251,19980514,    0
  251,19980515,    0
  251,19980516,    0
  251,19980517,    0
  251,19980518,    0
  251,19980519,    0
  251,19980520,   -1
  251,19980521,    1
  251,19980522,   -1
  251,19980523,   12
  251,19980524,   31
  251,19980525,   11
  251,19980526,    0
  251,19980527,   -1
  251,19980528,    5
  251,19980529,   38
  251,19980530,    2
  251,19980531,   -1
  251,19980601,    0
  251,19980602,   61
  251,19980603,   -1
  251,19980604,   -1
  251,19980605,   12
  251,19980606,   43
  251,19980607,   -1
  251,19980608,   27
  251,19980609,   84
  251,19980610,    3
  251,19980611,   39
  251,19980612,   35
  251,19980613,    0
  251,19980614,    9
  251,19980615,   37
  251,19980616,   -1
  251,19980617,    0
  251,19980618,   29
  251,19980619,    7
  251,19980620,    0
  251,19980621,    7
  251,19980622,   13
  251,19980623,    6
  251,19980624,   -1
  251,19980625,  250
  251,19980626,    0
  251,19980627,  127
  251,19980628,   -1
  251,19980629,   40
  251,19980630,  100
  251,19980701,   -1
  251,19980702,   -1
  251,19980703,   -1
  251,19980704,   -1
  251,19980705,   29
  251,19980706,   -1
  251,19980707,   39
  251,19980708,    7
  251,19980709,    7
  251,19980710,   -1
  251,19980711,   34
  251,19980712,    6
  251,19980713,    3
  251,19980714,   12
  251,19980715,    3
  251,19980716,   16
  251,19980717,   23
  251,19980718,   -1
  251,19980719,    0
  251,19980720,   68
  251,19980721,    5
  251,19980722,    0
  251,19980723,    3
  251,19980724,   -1
  251,19980725,   27
  251,19980726,   -1
  251,19980727,    7
  251,19980728,    1
  251,19980729,  135
  251,19980730,   71
  251,19980731,   30
  251,19980801,    2
  251,19980802,   -1
  251,19980803,   29
  251,19980804,   11
  251,19980805,   -1
  251,19980806,    0
  251,19980807,    0
  251,19980808,    0
  251,19980809,    0
  251,19980810,    0
  251,19980811,    0
  251,19980812,    0
  251,19980813,    1
  251,19980814,    1
  251,19980815,   -1
  251,19980816,    0
  251,19980817,   -1
  251,19980818,    0
  251,19980819,    0
  251,19980820,   -1
  251,19980821,  144
  251,19980822,   13
  251,19980823,  235
  251,19980824,   35
  251,19980825,    1
  251,19980826,   88
  251,19980827,   35
  251,19980828,   21
  251,19980829,    2
  251,19980830,   13
  251,19980831,    0
  251,19980901,   33
  251,19980902,    9
  251,19980903,  274
  251,19980904,    1
  251,19980905,   11
  251,19980906,    0
  251,19980907,    7
  251,19980908,    7
  251,19980909,   29
  251,19980910,  113
  251,19980911,   67
  251,19980912,   64
  251,19980913,   59
  251,19980914,  336
  251,19980915,   48
  251,19980916,   97
  251,19980917,   81
  251,19980918,    5
  251,19980919,    0
  251,19980920,    0
  251,19980921,    0
  251,19980922,    0
  251,19980923,    0
  251,19980924,    0
  251,19980925,   -1
  251,19980926,    0
  251,19980927,    5
  251,19980928,    0
  251,19980929,    4
  251,19980930,   51
  251,19981001,   99
  251,19981002,   -1
  251,19981003,    4
  251,19981004,    2
  251,19981005,   -1
  251,19981006,   -1
  251,19981007,   28
  251,19981008,  177
  251,19981009,   61
  251,19981010,   48
  251,19981011,   70
  251,19981012,   47
  251,19981013,   19
  251,19981014,   49
  251,19981015,   -1
  251,19981016,   -1
  251,19981017,  121
  251,19981018,    5
  251,19981019,   80
  251,19981020,   65
  251,19981021,   19
  251,19981022,    4
  251,19981023,   51
  251,19981024,  187
  251,19981025,  135
  251,19981026,   63
  251,19981027,  112
  251,19981028,   38
  251,19981029,   33
  251,19981030,  105
  251,19981031,   18
  251,19981101,   18
  251,19981102,   30
  251,19981103,  100
  251,19981104,   21
  251,19981105,   25
  251,19981106,   30
  251,19981107,    0
  251,19981108,   43
  251,19981109,  152
  251,19981110,   27
  251,19981111,    2
  251,19981112,   -1
  251,19981113,   67
  251,19981114,   -1
  251,19981115,   16
  251,19981116,   11
  251,19981117,    2
  251,19981118,   12
  251,19981119,    2
  251,19981120,    0
  251,19981121,    0
  251,19981122,    0
  251,19981123,    0
  251,19981124,   -1
  251,19981125,    6
  251,19981126,   55
  251,19981127,    4
  251,19981128,    8
  251,19981129,   12
  251,19981130,   -1
  251,19981201,    0
  251,19981202,    0
  251,19981203,   -1
  251,19981204,   42
  251,19981205,   39
  251,19981206,    1
  251,19981207,   -1
  251,19981208,    7
  251,19981209,   32
  251,19981210,    0
  251,19981211,   -1
  251,19981212,   45
  251,19981213,   32
  251,19981214,    9
  251,19981215,  106
  251,19981216,    0
  251,19981217,    0
  251,19981218,    3
  251,19981219,   39
  251,19981220,    6
  251,19981221,   15
  251,19981222,    5
  251,19981223,   26
  251,19981224,   44
  251,19981225,  116
  251,19981226,   78
  251,19981227,    6
  251,19981228,   -1
  251,19981229,    0
  251,19981230,    0
  251,19981231,    0
  251,19990101,   -1
  251,19990102,   15
  251,19990103,   46
  251,19990104,   36
  251,19990105,    9
  251,19990106,   33
  251,19990107,   50
  251,19990108,   86
  251,19990109,    0
  251,19990110,    4
  251,19990111,   11
  251,19990112,   21
  251,19990113,   31
  251,19990114,   31
  251,19990115,   57
  251,19990116,   26
  251,19990117,    0
  251,19990118,   -1
  251,19990119,   50
  251,19990120,   30
  251,19990121,    2
  251,19990122,    0
  251,19990123,   -1
  251,19990124,   51
  251,19990125,   21
  251,19990126,   21
  251,19990127,   10
  251,19990128,   72
  251,19990129,    0
  251,19990130,    0
  251,19990131,    0
  251,19990201,   -1
  251,19990202,   -1
  251,19990203,   -1
  251,19990204,   -1
  251,19990205,   32
  251,19990206,   42
  251,19990207,  119
  251,19990208,    2
  251,19990209,   30
  251,19990210,   54
  251,19990211,    0
  251,19990212,    0
  251,19990213,    0
  251,19990214,   17
  251,19990215,   10
  251,19990216,   80
  251,19990217,   12
  251,19990218,    1
  251,19990219,   41
  251,19990220,    0
  251,19990221,   30
  251,19990222,   44
  251,19990223,    7
  251,19990224,    9
  251,19990225,    1
  251,19990226,   27
  251,19990227,   24
  251,19990228,   45
  251,19990301,  115
  251,19990302,   65
  251,19990303,   -1
  251,19990304,    7
  251,19990305,   77
  251,19990306,  146
  251,19990307,   35
  251,19990308,   18
  251,19990309,   -1
  251,19990310,   -1
  251,19990311,    0
  251,19990312,   -1
  251,19990313,    0
  251,19990314,    0
  251,19990315,    0
  251,19990316,   43
  251,19990317,   38
  251,19990318,   79
  251,19990319,    5
  251,19990320,   10
  251,19990321,   36
  251,19990322,   17
  251,19990323,   29
  251,19990324,    0
  251,19990325,    6
  251,19990326,   69
  251,19990327,    0
  251,19990328,    0
  251,19990329,    0
  251,19990330,   72
  251,19990331,    9
  251,19990401,    0
  251,19990402,    0
  251,19990403,   69
  251,19990404,   13
  251,19990405,    2
  251,19990406,   32
  251,19990407,    4
  251,19990408,    0
  251,19990409,   -1
  251,19990410,    4
  251,19990411,    0
  251,19990412,  106
  251,19990413,   10
  251,19990414,   24
  251,19990415,   -1
  251,19990416,   25
  251,19990417,    0
  251,19990418,    0
  251,19990419,    0
  251,19990420,   12
  251,19990421,   65
  251,19990422,   -1
  251,19990423,   -1
  251,19990424,   -1
  251,19990425,    0
  251,19990426,    0
  251,19990427,    0
  251,19990428,    0
  251,19990429,   -1
  251,19990430,    0
  251,19990501,    0
  251,19990502,    0
  251,19990503,    0
  251,19990504,    0
  251,19990505,    0
  251,19990506,   60
  251,19990507,   -1
  251,19990508,   93
  251,19990509,   -1
  251,19990510,    4
  251,19990511,   -1
  251,19990512,   14
  251,19990513,   16
  251,19990514,   -1
  251,19990515,    0
  251,19990516,    1
  251,19990517,   12
  251,19990518,    0
  251,19990519,   -1
  251,19990520,   -1
  251,19990521,   17
  251,19990522,    1
  251,19990523,   -1
  251,19990524,   19
  251,19990525,    0
  251,19990526,    0
  251,19990527,    0
  251,19990528,    4
  251,19990529,    4
  251,19990530,   -1
  251,19990531,    1
  251,19990601,    0
  251,19990602,   30
  251,19990603,   23
  251,19990604,  125
  251,19990605,  171
  251,19990606,  130
  251,19990607,   33
  251,19990608,   26
  251,19990609,   15
  251,19990610,    6
  251,19990611,   28
  251,19990612,    3
  251,19990613,    0
  251,19990614,    0
  251,19990615,    0
  251,19990616,    0
  251,19990617,   -1
  251,19990618,    0
  251,19990619,    0
  251,19990620,   67
  251,19990621,   12
  251,19990622,    4
  251,19990623,    3
  251,19990624,    0
  251,19990625,    0
  251,19990626,    0
  251,19990627,  106
  251,19990628,   81
  251,19990629,  166
  251,19990630,   23
  251,19990701,   -1
  251,19990702,    9
  251,19990703,  149
  251,19990704,   18
  251,19990705,  102
  251,19990706,    0
  251,19990707,    0
  251,19990708,    0
  251,19990709,    0
  251,19990710,    0
  251,19990711,    0
  251,19990712,    0
  251,19990713,   -1
  251,19990714,    2
  251,19990715,    1
  251,19990716,    0
  251,19990717,    0
  251,19990718,    0
  251,19990719,   -1
  251,19990720,   -1
  251,19990721,   26
  251,19990722,   64
  251,19990723,   -1
  251,19990724,    0
  251,19990725,    0
  251,19990726,    0
  251,19990727,    0
  251,19990728,    0
  251,19990729,    0
  251,19990730,    0
  251,19990731,    0
  251,19990801,    0
  251,19990802,    0
  251,19990803,    0
  251,19990804,    0
  251,19990805,    1
  251,19990806,    0
  251,19990807,   25
  251,19990808,   25
  251,19990809,   -1
  251,19990810,   72
  251,19990811,   -1
  251,19990812,    4
  251,19990813,   10
  251,19990814,  270
  251,19990815,   24
  251,19990816,    0
  251,19990817,    1
  251,19990818,  103
  251,19990819,   51
  251,19990820,   48
  251,19990821,   39
  251,19990822,    0
  251,19990823,    0
  251,19990824,    0
  251,19990825,   -1
  251,19990826,   40
  251,19990827,    0
  251,19990828,    0
  251,19990829,    0
  251,19990830,    2
  251,19990831,    0
  251,19990901,    2
  251,19990902,    0
  251,19990903,    0
  251,19990904,    0
  251,19990905,    0
  251,19990906,    0
  251,19990907,   -1
  251,19990908,    0
  251,19990909,   -1
  251,19990910,    0
  251,19990911,    0
  251,19990912,   -1
  251,19990913,    0
  251,19990914,   -1
  251,19990915,  125
  251,19990916,   11
  251,19990917,   -1
  251,19990918,    0
  251,19990919,    0
  251,19990920,    4
  251,19990921,    7
  251,19990922,    3
  251,19990923,   27
  251,19990924,   -1
  251,19990925,   41
  251,19990926,  146
  251,19990927,  272
  251,19990928,   25
  251,19990929,  114
  251,19990930,   46
  251,19991001,  195
  251,19991002,  164
  251,19991003,  134
  251,19991004,   43
  251,19991005,   61
  251,19991006,   34
  251,19991007,   51
  251,19991008,   21
  251,19991009,   18
  251,19991010,    2
  251,19991011,    1
  251,19991012,   -1
  251,19991013,    0
  251,19991014,   -1
  251,19991015,    1
  251,19991016,    0
  251,19991017,    0
  251,19991018,    0
  251,19991019,    0
  251,19991020,    0
  251,19991021,   32
  251,19991022,   87
  251,19991023,    1
  251,19991024,    6
  251,19991025,    4
  251,19991026,   -1
  251,19991027,    0
  251,19991028,   -1
  251,19991029,    0
  251,19991030,   11
  251,19991031,   -1
  251,19991101,   12
  251,19991102,    2
  251,19991103,    1
  251,19991104,    0
  251,19991105,   18
  251,19991106,   67
  251,19991107,    3
  251,19991108,   78
  251,19991109,   12
  251,19991110,    2
  251,19991111,    0
  251,19991112,    0
  251,19991113,    9
  251,19991114,   -1
  251,19991115,    0
  251,19991116,   77
  251,19991117,   72
  251,19991118,  168
  251,19991119,   45
  251,19991120,   19
  251,19991121,   27
  251,19991122,   59
  251,19991123,    0
  251,19991124,   -1
  251,19991125,   64
  251,19991126,    0
  251,19991127,   38
  251,19991128,    0
  251,19991129,   21
  251,19991130,   -1
  251,19991201,   23
  251,19991202,   51
  251,19991203,  155
  251,19991204,   15
  251,19991205,   12
  251,19991206,  222
  251,19991207,   61
  251,19991208,   26
  251,19991209,   87
  251,19991210,   52
  251,19991211,  164
  251,19991212,    7
  251,19991213,  143
  251,19991214,  144
  251,19991215,   38
  251,19991216,    6
  251,19991217,   75
  251,19991218,    7
  251,19991219,   28
  251,19991220,   11
  251,19991221,    0
  251,19991222,    5
  251,19991223,   54
  251,19991224,  147
  251,19991225,  107
  251,19991226,   20
  251,19991227,    2
  251,19991228,    2
  251,19991229,   10
  251,19991230,    7
  251,19991231,    0
  251,20000101,   13
  251,20000102,   -1
  251,20000103,  163
  251,20000104,    5
  251,20000105,    0
  251,20000106,    9
  251,20000107,    0
  251,20000108,   15
  251,20000109,    0
  251,20000110,    0
  251,20000111,   -1
  251,20000112,    0
  251,20000113,    1
  251,20000114,    2
  251,20000115,    2
  251,20000116,    5
  251,20000117,    1
  251,20000118,   -1
  251,20000119,    3
  251,20000120,    8
  251,20000121,    1
  251,20000122,   53
  251,20000123,   19
  251,20000124,   25
  251,20000125,   -1
  251,20000126,    7
  251,20000127,    1
  251,20000128,   20
  251,20000129,  103
  251,20000130,   34
  251,20000131,    2
  251,20000201,   43
  251,20000202,   11
  251,20000203,    0
  251,20000204,   13
  251,20000205,    0
  251,20000206,    3
  251,20000207,   31
  251,20000208,   67
  251,20000209,    4
  251,20000210,   70
  251,20000211,    0
  251,20000212,   28
  251,20000213,   -1
  251,20000214,   19
  251,20000215,   -1
  251,20000216,  130
  251,20000217,   53
  251,20000218,   43
  251,20000219,    8
  251,20000220,    2
  251,20000221,    6
  251,20000222,   -1
  251,20000223,   -1
  251,20000224,   28
  251,20000225,   23
  251,20000226,    0
  251,20000227,    0
  251,20000228,   15
  251,20000229,   42
  251,20000301,   12
  251,20000302,   95
  251,20000303,   45
  251,20000304,   36
  251,20000305,   -1
  251,20000306,    1
  251,20000307,   26
  251,20000308,   12
  251,20000309,   57
  251,20000310,   14
  251,20000311,   10
  251,20000312,    0
  251,20000313,   -1
  251,20000314,   32
  251,20000315,   25
  251,20000316,    2
  251,20000317,    1
  251,20000318,    1
  251,20000319,    0
  251,20000320,   -1
  251,20000321,    0
  251,20000322,    0
  251,20000323,    0
  251,20000324,   52
  251,20000325,    0
  251,20000326,    5
  251,20000327,   -1
  251,20000328,   -1
  251,20000329,    0
  251,20000330,    0
  251,20000331,    0
  251,20000401,   -1
  251,20000402,   27
  251,20000403,   34
  251,20000404,  115
  251,20000405,   -1
  251,20000406,    0
  251,20000407,    0
  251,20000408,   -1
  251,20000409,    0
  251,20000410,    0
  251,20000411,   -1
  251,20000412,   44
  251,20000413,   17
  251,20000414,    0
  251,20000415,   40
  251,20000416,   11
  251,20000417,   24
  251,20000418,    0
  251,20000419,    0
  251,20000420,    7
  251,20000421,   32
  251,20000422,   22
  251,20000423,   59
  251,20000424,    4
  251,20000425,    0
  251,20000426,   -1
  251,20000427,    0
  251,20000428,    0
  251,20000429,    4
  251,20000430,   16
  251,20000501,    0
  251,20000502,    0
  251,20000503,   -1
  251,20000504,    0
  251,20000505,    0
  251,20000506,    0
  251,20000507,   17
  251,20000508,   32
  251,20000509,    0
  251,20000510,    0
  251,20000511,    0
  251,20000512,    0
  251,20000513,    0
  251,20000514,    0
  251,20000515,    0
  251,20000516,  100
  251,20000517,   24
  251,20000518,   75
  251,20000519,   29
  251,20000520,   -1
  251,20000521,   11
  251,20000522,   -1
  251,20000523,   57
  251,20000524,   25
  251,20000525,   92
  251,20000526,   83
  251,20000527,    7
  251,20000528,  120
  251,20000529,    8
  251,20000530,   21
  251,20000531,    0
  251,20000601,   13
  251,20000602,    0
  251,20000603,   -1
  251,20000604,   63
  251,20000605,    2
  251,20000606,   -1
  251,20000607,   -1
  251,20000608,    0
  251,20000609,    0
  251,20000610,   -1
  251,20000611,    0
  251,20000612,    0
  251,20000613,    0
  251,20000614,   37
  251,20000615,    0
  251,20000616,    0
  251,20000617,    0
  251,20000618,    0
  251,20000619,    0
  251,20000620,    0
  251,20000621,   17
  251,20000622,   -1
  251,20000623,   29
  251,20000624,   51
  251,20000625,    1
  251,20000626,   -1
  251,20000627,    0
  251,20000628,   -1
  251,20000629,   -1
  251,20000630,   -1
  251,20000701,   96
  251,20000702,    8
  251,20000703,    0
  251,20000704,    0
  251,20000705,  177
  251,20000706,   -1
  251,20000707,    0
  251,20000708,    2
  251,20000709,   45
  251,20000710,  194
  251,20000711,   64
  251,20000712,    2
  251,20000713,   16
  251,20000714,   53
  251,20000715,   59
  251,20000716,    2
  251,20000717,   -1
  251,20000718,    5
  251,20000719,   -1
  251,20000720,    0
  251,20000721,    0
  251,20000722,    0
  251,20000723,    0
  251,20000724,   -1
  251,20000725,    3
  251,20000726,   -1
  251,20000727,    0
  251,20000728,    2
  251,20000729,    0
  251,20000730,    0
  251,20000731,   -1
  251,20000801,   -1
  251,20000802,   12
  251,20000803,   33
  251,20000804,    0
  251,20000805,    0
  251,20000806,   -1
  251,20000807,   -1
  251,20000808,   21
  251,20000809,    9
  251,20000810,    3
  251,20000811,   -1
  251,20000812,    0
  251,20000813,    0
  251,20000814,  133
  251,20000815,    0
  251,20000816,    5
  251,20000817,   13
  251,20000818,    2
  251,20000819,   -1
  251,20000820,   32
  251,20000821,   18
  251,20000822,   18
  251,20000823,    0
  251,20000824,    0
  251,20000825,   -1
  251,20000826,    0
  251,20000827,   51
  251,20000828,    1
  251,20000829,   53
  251,20000830,  118
  251,20000831,    0
  251,20000901,   15
  251,20000902,   35
  251,20000903,   20
  251,20000904,   -1
  251,20000905,   -1
  251,20000906,   80
  251,20000907,   45
  251,20000908,   63
  251,20000909,    0
  251,20000910,    0
  251,20000911,    0
  251,20000912,    0
  251,20000913,   12
  251,20000914,    1
  251,20000915,   11
  251,20000916,  120
  251,20000917,    9
  251,20000918,   -1
  251,20000919,    0
  251,20000920,  117
  251,20000921,   95
  251,20000922,    4
  251,20000923,    0
  251,20000924,    0
  251,20000925,   90
  251,20000926,  142
  251,20000927,    6
  251,20000928,   70
  251,20000929,   -1
  251,20000930,   -1
  251,20001001,   80
  251,20001002,   -1
  251,20001003,   -1
  251,20001004,   11
  251,20001005,   51
  251,20001006,   41
  251,20001007,   10
  251,20001008,   57
  251,20001009,   18
  251,20001010,  182
  251,20001011,   96
  251,20001012,   -1
  251,20001013,    2
  251,20001014,    0
  251,20001015,    1
  251,20001016,   26
  251,20001017,   20
  251,20001018,   62
  251,20001019,  160
  251,20001020,   -1
  251,20001021,    0
  251,20001022,   28
  251,20001023,    7
  251,20001024,   27
  251,20001025,   53
  251,20001026,   47
  251,20001027,   98
  251,20001028,   23
  251,20001029,  182
  251,20001030,  633
  251,20001031,   96
  251,20001101,   29
  251,20001102,   81
  251,20001103,   64
  251,20001104,  164
  251,20001105,   10
  251,20001106,   26
  251,20001107,   17
  251,20001108,  197
  251,20001109,  194
  251,20001110,  123
  251,20001111,   24
  251,20001112,   67
  251,20001113,    3
  251,20001114,    2
  251,20001115,   13
  251,20001116,   44
  251,20001117,   31
  251,20001118,   11
  251,20001119,   85
  251,20001120,   33
  251,20001121,    7
  251,20001122,   18
  251,20001123,   29
  251,20001124,   24
  251,20001125,   67
  251,20001126,   52
  251,20001127,    2
  251,20001128,   25
  251,20001129,   -1
  251,20001130,    1
  251,20001201,   11
  251,20001202,    0
  251,20001203,  176
  251,20001204,    4
  251,20001205,    0
  251,20001206,   44
  251,20001207,   14
  251,20001208,   16
  251,20001209,    2
  251,20001210,   72
  251,20001211,  184
  251,20001212,   51
  251,20001213,    6
  251,20001214,    5
  251,20001215,   55
  251,20001216,   33
  251,20001217,    5
  251,20001218,   -1
  251,20001219,   -1
  251,20001220,    0
  251,20001221,    0
  251,20001222,    0
  251,20001223,    0
  251,20001224,   38
  251,20001225,    0
  251,20001226,    0
  251,20001227,    0
  251,20001228,   21
  251,20001229,   72
  251,20001230,   45
  251,20001231,   -1
  251,20010101,   62
  251,20010102,   14
  251,20010103,    8
  251,20010104,  103
  251,20010105,  102
  251,20010106,    0
  251,20010107,   31
  251,20010108,    3
  251,20010109,    0
  251,20010110,    0
  251,20010111,   -1
  251,20010112,    0
  251,20010113,    0
  251,20010114,    0
  251,20010115,    0
  251,20010116,    0
  251,20010117,    0
  251,20010118,   -1
  251,20010119,   -1
  251,20010120,   18
  251,20010121,    1
  251,20010122,    6
  251,20010123,   71
  251,20010124,   33
  251,20010125,    2
  251,20010126,   11
  251,20010127,   61
  251,20010128,    3
  251,20010129,    0
  251,20010130,    0
  251,20010131,    0
  251,20010201,   12
  251,20010202,   11
  251,20010203,   74
  251,20010204,  120
  251,20010205,   70
  251,20010206,   67
  251,20010207,    1
  251,20010208,  196
  251,20010209,   -1
  251,20010210,    7
  251,20010211,    4
  251,20010212,   11
  251,20010213,    0
  251,20010214,   -1
  251,20010215,    0
  251,20010216,    0
  251,20010217,    0
  251,20010218,    0
  251,20010219,    1
  251,20010220,    0
  251,20010221,    1
  251,20010222,   22
  251,20010223,  101
  251,20010224,   57
  251,20010225,   53
  251,20010226,    2
  251,20010227,    0
  251,20010228,   18
  251,20010301,    9
  251,20010302,    2
  251,20010303,   -1
  251,20010304,    0
  251,20010305,    0
  251,20010306,    0
  251,20010307,   17
  251,20010308,   78
  251,20010309,   -1
  251,20010310,   12
  251,20010311,   78
  251,20010312,   17
  251,20010313,   59
  251,20010314,    5
  251,20010315,    0
  251,20010316,   -1
  251,20010317,   18
  251,20010318,   50
  251,20010319,   36
  251,20010320,    7
  251,20010321,    0
  251,20010322,   -1
  251,20010323,   24
  251,20010324,   25
  251,20010325,    0
  251,20010326,    0
  251,20010327,    0
  251,20010328,   25
  251,20010329,    7
  251,20010330,    0
  251,20010331,    4
  251,20010401,   -1
  251,20010402,    0
  251,20010403,    2
  251,20010404,   63
  251,20010405,   77
  251,20010406,   17
  251,20010407,    1
  251,20010408,    2
  251,20010409,    0
  251,20010410,   27
  251,20010411,   17
  251,20010412,    1
  251,20010413,   -1
  251,20010414,  120
  251,20010415,   30
  251,20010416,    8
  251,20010417,   48
  251,20010418,   61
  251,20010419,   32
  251,20010420,   12
  251,20010421,   -1
  251,20010422,    0
  251,20010423,    0
  251,20010424,    6
  251,20010425,   21
  251,20010426,    1
  251,20010427,    0
  251,20010428,   38
  251,20010429,   -1
  251,20010430,   -1
  251,20010501,    2
  251,20010502,    0
  251,20010503,  134
  251,20010504,   23
  251,20010505,   -1
  251,20010506,    0
  251,20010507,    0
  251,20010508,    0
  251,20010509,    0
  251,20010510,    0
  251,20010511,    0
  251,20010512,    0
  251,20010513,    0
  251,20010514,    6
  251,20010515,   40
  251,20010516,  115
  251,20010517,  179
  251,20010518,   12
  251,20010519,    0
  251,20010520,    0
  251,20010521,    0
  251,20010522,    0
  251,20010523,    0
  251,20010524,    0
  251,20010525,    0
  251,20010526,    0
  251,20010527,   30
  251,20010528,    9
  251,20010529,    0
  251,20010530,    0
  251,20010531,   98
  251,20010601,    1
  251,20010602,   79
  251,20010603,    7
  251,20010604,   -1
  251,20010605,    0
  251,20010606,   38
  251,20010607,    9
  251,20010608,    3
  251,20010609,    3
  251,20010610,    0
  251,20010611,    0
  251,20010612,    3
  251,20010613,    0
  251,20010614,    0
  251,20010615,   63
  251,20010616,   36
  251,20010617,   -1
  251,20010618,   -1
  251,20010619,    0
  251,20010620,   -1
  251,20010621,   -1
  251,20010622,    9
  251,20010623,    0
  251,20010624,    0
  251,20010625,    0
  251,20010626,    0
  251,20010627,    1
  251,20010628,    0
  251,20010629,    0
  251,20010630,   -1
  251,20010701,    0
  251,20010702,    0
  251,20010703,    0
  251,20010704,    0
  251,20010705,    0
  251,20010706,    0
  251,20010707,    0
  251,20010708,    0
  251,20010709,    0
  251,20010710,   11
  251,20010711,    1
  251,20010712,   23
  251,20010713,    3
  251,20010714,   71
  251,20010715,    0
  251,20010716,    0
  251,20010717,    0
  251,20010718,  358
  251,20010719,   10
  251,20010720,  182
  251,20010721,    5
  251,20010722,   -1
  251,20010723,   -1
  251,20010724,    0
  251,20010725,    0
  251,20010726,    0
  257,20010501,    0
  257,20010502,    0
  257,20010503,   65
  257,20010504,   64
  257,20010505,    0
  257,20010506,    0
  257,20010507,    0
  257,20010508,    0
  257,20010509,    0
  257,20010510,    0
  257,20010511,    0
  257,20010512,    0
  257,20010513,    0
  257,20010514,   45
  257,20010515,   49
  257,20010516,   84
  257,20010517,  115
  257,20010518,   -1
  257,20010519,    0
  257,20010520,    0
  257,20010521,    0
  257,20010522,    0
  257,20010523,    0
  257,20010524,    0
  257,20010525,    0
  257,20010526,    0
  257,20010527,    2
  257,20010528,   -1
  257,20010529,    0
  257,20010530,    0
  257,20010531,   25
  257,20010601,   18
  257,20010602,  131
  257,20010603,    5
  257,20010604,    0
  257,20010605,    0
  257,20010606,    0
  257,20010607,   17
  257,20010608,    0
  257,20010609,    0
  257,20010610,    0
  257,20010611,    0
  257,20010612,    0
  257,20010613,    0
  257,20010614,    0
  257,20010615,  224
  257,20010616,    2
  257,20010617,    1
  257,20010618,    0
  257,20010619,    0
  257,20010620,    0
  257,20010621,   -1
  257,20010622,    0
  257,20010623,    0
  257,20010624,    0
  257,20010625,    0
  257,20010626,    0
  257,20010627,    5
  257,20010628,   -1
  257,20010629,    0
  257,20010630,    0
  257,20010701,    0
  257,20010702,    0
  257,20010703,    0
  257,20010704,    0
  257,20010705,    0
  257,20010706,    0
  257,20010707,   11
  257,20010708,    7
  257,20010709,    0
  257,20010710,   15
  257,20010711,   13
  257,20010712,    1
  257,20010713,    1
  257,20010714,   47
  257,20010715,    0
  257,20010716,    0
  257,20010717,   -1
  257,20010718,  154
  257,20010719,    2
  257,20010720,   25
  257,20010721,    9
  257,20010722,    0
  257,20010723,    0
  257,20010724,    0
  257,20010725,    0
  257,20010726,    0
  260,19960726,    0
  260,19960727,   -1
  260,19960728,    0
  260,19960729,    1
  260,19960730,   -1
  260,19960731,   -1
  260,19960801,    0
  260,19960802,    0
  260,19960803,    0
  260,19960804,    0
  260,19960805,    0
  260,19960806,  136
  260,19960807,   -1
  260,19960808,    0
  260,19960809,    0
  260,19960810,   -1
  260,19960811,   29
  260,19960812,   88
  260,19960813,   -1
  260,19960814,    0
  260,19960815,   -1
  260,19960816,    0
  260,19960817,    0
  260,19960818,    0
  260,19960819,    0
  260,19960820,    0
  260,19960821,   18
  260,19960822,    0
  260,19960823,   57
  260,19960824,   -1
  260,19960825,  101
  260,19960826,    0
  260,19960827,   22
  260,19960828,  115
  260,19960829,   22
  260,19960830,   34
  260,19960831,   10
  260,19960901,   27
  260,19960902,   -1
  260,19960903,    0
  260,19960904,   -1
  260,19960905,    0
  260,19960906,    0
  260,19960907,    0
  260,19960908,   -1
  260,19960909,   -1
  260,19960910,    4
  260,19960911,   19
  260,19960912,   65
  260,19960913,    2
  260,19960914,    2
  260,19960915,   -1
  260,19960916,    0
  260,19960917,    0
  260,19960918,    0
  260,19960919,    0
  260,19960920,    0
  260,19960921,    0
  260,19960922,   21
  260,19960923,   24
  260,19960924,    0
  260,19960925,    0
  260,19960926,   13
  260,19960927,   70
  260,19960928,    1
  260,19960929,  140
  260,19960930,  106
  260,19961001,   58
  260,19961002,    8
  260,19961003,   -1
  260,19961004,   62
  260,19961005,    9
  260,19961006,    0
  260,19961007,    0
  260,19961008,    0
  260,19961009,   11
  260,19961010,   18
  260,19961011,    0
  260,19961012,    0
  260,19961013,    0
  260,19961014,    0
  260,19961015,   -1
  260,19961016,    0
  260,19961017,   -1
  260,19961018,    7
  260,19961019,    2
  260,19961020,  134
  260,19961021,   90
  260,19961022,    0
  260,19961023,    0
  260,19961024,    0
  260,19961025,   -1
  260,19961026,    4
  260,19961027,  108
  260,19961028,   13
  260,19961029,   89
  260,19961030,    1
  260,19961031,  131
  260,19961101,   11
  260,19961102,   31
  260,19961103,  106
  260,19961104,   83
  260,19961105,   84
  260,19961106,   36
  260,19961107,  164
  260,19961108,    3
  260,19961109,   11
  260,19961110,  111
  260,19961111,   57
  260,19961112,   47
  260,19961113,   17
  260,19961114,    1
  260,19961115,    0
  260,19961116,    0
  260,19961117,    0
  260,19961118,   43
  260,19961119,   57
  260,19961120,   68
  260,19961121,   74
  260,19961122,    4
  260,19961123,   51
  260,19961124,    8
  260,19961125,  140
  260,19961126,   12
  260,19961127,    0
  260,19961128,   -1
  260,19961129,   87
  260,19961130,   58
  260,19961201,   16
  260,19961202,    8
  260,19961203,   85
  260,19961204,    4
  260,19961205,   -1
  260,19961206,   -1
  260,19961207,    9
  260,19961208,    0
  260,19961209,    0
  260,19961210,    0
  260,19961211,   -1
  260,19961212,   -1
  260,19961213,   -1
  260,19961214,   -1
  260,19961215,   -1
  260,19961216,    0
  260,19961217,    0
  260,19961218,    4
  260,19961219,  231
  260,19961220,    0
  260,19961221,    0
  260,19961222,    0
  260,19961223,    0
  260,19961224,    0
  260,19961225,   -1
  260,19961226,    0
  260,19961227,    0
  260,19961228,    0
  260,19961229,   13
  260,19961230,   -1
  260,19961231,    0
  260,19970101,    0
  260,19970102,    0
  260,19970103,    0
  260,19970104,   -1
  260,19970105,   -1
  260,19970106,   -1
  260,19970107,   -1
  260,19970108,   -1
  260,19970109,   -1
  260,19970110,   -1
  260,19970111,   -1
  260,19970112,   -1
  260,19970113,   -1
  260,19970114,    0
  260,19970115,    0
  260,19970116,    0
  260,19970117,   -1
  260,19970118,   -1
  260,19970119,   19
  260,19970120,   -1
  260,19970121,    0
  260,19970122,   -1
  260,19970123,   -1
  260,19970124,   14
  260,19970125,    0
  260,19970126,   -1
  260,19970127,   -1
  260,19970128,    1
  260,19970129,   -1
  260,19970130,   -1
  260,19970131,    2
  260,19970201,    0
  260,19970202,   -1
  260,19970203,    0
  260,19970204,   76
  260,19970205,   53
  260,19970206,    0
  260,19970207,   27
  260,19970208,    0
  260,19970209,   -1
  260,19970210,   36
  260,19970211,   20
  260,19970212,  170
  260,19970213,  133
  260,19970214,    0
  260,19970215,    0
  260,19970216,    5
  260,19970217,   17
  260,19970218,   98
  260,19970219,   32
  260,19970220,   -1
  260,19970221,    7
  260,19970222,    0
  260,19970223,    0
  260,19970224,  104
  260,19970225,   26
  260,19970226,   33
  260,19970227,   -1
  260,19970228,    3
  260,19970301,    0
  260,19970302,   11
  260,19970303,    0
  260,19970304,   -1
  260,19970305,    0
  260,19970306,    9
  260,19970307,    0
  260,19970308,    0
  260,19970309,    0
  260,19970310,    0
  260,19970311,    0
  260,19970312,    0
  260,19970313,    0
  260,19970314,   11
  260,19970315,   11
  260,19970316,   13
  260,19970317,   -1
  260,19970318,   89
  260,19970319,   59
  260,19970320,    2
  260,19970321,    1
  260,19970322,   -1
  260,19970323,   23
  260,19970324,    5
  260,19970325,   19
  260,19970326,   21
  260,19970327,    0
  260,19970328,   10
  260,19970329,    5
  260,19970330,    0
  260,19970331,    0
  260,19970401,    0
  260,19970402,    0
  260,19970403,    0
  260,19970404,    1
  260,19970405,   92
  260,19970406,    0
  260,19970407,    0
  260,19970408,    0
  260,19970409,    0
  260,19970410,    0
  260,19970411,   -1
  260,19970412,   -1
  260,19970413,   -1
  260,19970414,   -1
  260,19970415,   -1
  260,19970416,    7
  260,19970417,    0
  260,19970418,   -1
  260,19970419,   -1
  260,19970420,    0
  260,19970421,    4
  260,19970422,    3
  260,19970423,    0
  260,19970424,    0
  260,19970425,   24
  260,19970426,    7
  260,19970427,   16
  260,19970428,  126
  260,19970429,   29
  260,19970430,   -1
  260,19970501,    0
  260,19970502,    0
  260,19970503,    0
  260,19970504,   51
  260,19970505,  131
  260,19970506,  170
  260,19970507,   -1
  260,19970508,   61
  260,19970509,   64
  260,19970510,   10
  260,19970511,   39
  260,19970512,    5
  260,19970513,    2
  260,19970514,   94
  260,19970515,    0
  260,19970516,   99
  260,19970517,    1
  260,19970518,   46
  260,19970519,    7
  260,19970520,   36
  260,19970521,  189
  260,19970522,  102
  260,19970523,    0
  260,19970524,    2
  260,19970525,    0
  260,19970526,   -1
  260,19970527,   -1
  260,19970528,    0
  260,19970529,    0
  260,19970530,    0
  260,19970531,    0
  260,19970601,    2
  260,19970602,    0
  260,19970603,    0
  260,19970604,    0
  260,19970605,    0
  260,19970606,    0
  260,19970607,   27
  260,19970608,  108
  260,19970609,    0
  260,19970610,    0
  260,19970611,   59
  260,19970612,   -1
  260,19970613,   15
  260,19970614,   14
  260,19970615,    0
  260,19970616,    0
  260,19970617,    0
  260,19970618,    0
  260,19970619,   47
  260,19970620,   52
  260,19970621,   39
  260,19970622,   49
  260,19970623,   32
  260,19970624,    2
  260,19970625,   20
  260,19970626,   58
  260,19970627,   40
  260,19970628,    3
  260,19970629,  131
  260,19970630,    2
  260,19970701,   36
  260,19970702,   22
  260,19970703,   16
  260,19970704,    9
  260,19970705,    5
  260,19970706,   11
  260,19970707,   -1
  260,19970708,    0
  260,19970709,   -1
  260,19970710,   -1
  260,19970711,    0
  260,19970712,    1
  260,19970713,   -1
  260,19970714,    0
  260,19970715,   13
  260,19970716,   22
  260,19970717,   28
  260,19970718,  203
  260,19970719,    0
  260,19970720,    3
  260,19970721,  180
  260,19970722,    0
  260,19970723,   -1
  260,19970724,   11
  260,19970725,   71
  260,19970726,    2
  260,19970727,   12
  260,19970728,    0
  260,19970729,    0
  260,19970730,   -1
  260,19970731,    9
  260,19970801,   41
  260,19970802,    8
  260,19970803,    0
  260,19970804,    0
  260,19970805,    0
  260,19970806,    0
  260,19970807,    0
  260,19970808,    0
  260,19970809,    0
  260,19970810,    0
  260,19970811,    0
  260,19970812,    0
  260,19970813,    0
  260,19970814,   -1
  260,19970815,    0
  260,19970816,    0
  260,19970817,    0
  260,19970818,    0
  260,19970819,    0
  260,19970820,    0
  260,19970821,    0
  260,19970822,  125
  260,19970823,   23
  260,19970824,  310
  260,19970825,  101
  260,19970826,   16
  260,19970827,  101
  260,19970828,   99
  260,19970829,   58
  260,19970830,   28
  260,19970831,   -1
  260,19970901,   93
  260,19970902,   41
  260,19970903,   -1
  260,19970904,    2
  260,19970905,    0
  260,19970906,   60
  260,19970907,   65
  260,19970908,   -1
  260,19970909,    0
  260,19970910,    0
  260,19970911,    0
  260,19970912,  181
  260,19970913,   17
  260,19970914,   -1
  260,19970915,    0
  260,19970916,    0
  260,19970917,    0
  260,19970918,    0
  260,19970919,   -1
  260,19970920,    0
  260,19970921,    0
  260,19970922,    0
  260,19970923,    0
  260,19970924,    0
  260,19970925,    0
  260,19970926,    0
  260,19970927,    0
  260,19970928,    0
  260,19970929,   -1
  260,19970930,   69
  260,19971001,   56
  260,19971002,   -1
  260,19971003,   -1
  260,19971004,   -1
  260,19971005,   -1
  260,19971006,   -1
  260,19971007,  193
  260,19971008,  122
  260,19971009,   79
  260,19971010,  263
  260,19971011,   50
  260,19971012,    3
  260,19971013,   56
  260,19971014,   75
  260,19971015,   30
  260,19971016,    2
  260,19971017,    2
  260,19971018,    0
  260,19971019,    0
  260,19971020,    0
  260,19971021,    0
  260,19971022,    0
  260,19971023,   -1
  260,19971024,   -1
  260,19971025,    4
  260,19971026,   21
  260,19971027,    0
  260,19971028,    0
  260,19971029,    0
  260,19971030,    0
  260,19971031,    0
  260,19971101,    0
  260,19971102,    0
  260,19971103,    0
  260,19971104,   21
  260,19971105,    4
  260,19971106,   20
  260,19971107,   47
  260,19971108,    2
  260,19971109,    2
  260,19971110,   13
  260,19971111,    6
  260,19971112,    0
  260,19971113,    0
  260,19971114,    0
  260,19971115,   18
  260,19971116,    0
  260,19971117,    0
  260,19971118,    0
  260,19971119,    0
  260,19971120,   38
  260,19971121,    3
  260,19971122,   -1
  260,19971123,   -1
  260,19971124,   -1
  260,19971125,    0
  260,19971126,   -1
  260,19971127,   68
  260,19971128,   57
  260,19971129,   13
  260,19971130,    1
  260,19971201,    0
  260,19971202,    2
  260,19971203,    0
  260,19971204,    0
  260,19971205,    8
  260,19971206,    9
  260,19971207,    0
  260,19971208,   -1
  260,19971209,  101
  260,19971210,  184
  260,19971211,   20
  260,19971212,   44
  260,19971213,   -1
  260,19971214,    3
  260,19971215,    0
  260,19971216,    0
  260,19971217,   -1
  260,19971218,   -1
  260,19971219,   11
  260,19971220,    0
  260,19971221,   18
  260,19971222,    0
  260,19971223,    7
  260,19971224,   78
  260,19971225,   49
  260,19971226,   97
  260,19971227,   55
  260,19971228,   61
  260,19971229,   16
  260,19971230,   -1
  260,19971231,   28
  260,19980101,   15
  260,19980102,  113
  260,19980103,  152
  260,19980104,   20
  260,19980105,  120
  260,19980106,   13
  260,19980107,   65
  260,19980108,   37
  260,19980109,    0
  260,19980110,    0
  260,19980111,    0
  260,19980112,    0
  260,19980113,    0
  260,19980114,   66
  260,19980115,   28
  260,19980116,    6
  260,19980117,    8
  260,19980118,   83
  260,19980119,   34
  260,19980120,   17
  260,19980121,    0
  260,19980122,    0
  260,19980123,   -1
  260,19980124,    2
  260,19980125,    0
  260,19980126,    0
  260,19980127,    0
  260,19980128,    4
  260,19980129,    7
  260,19980130,    8
  260,19980131,    4
  260,19980201,    0
  260,19980202,   37
  260,19980203,   -1
  260,19980204,    0
  260,19980205,    0
  260,19980206,    0
  260,19980207,   29
  260,19980208,    0
  260,19980209,    0
  260,19980210,    0
  260,19980211,    0
  260,19980212,    0
  260,19980213,    0
  260,19980214,    0
  260,19980215,    0
  260,19980216,    6
  260,19980217,    2
  260,19980218,    0
  260,19980219,   -1
  260,19980220,    0
  260,19980221,   19
  260,19980222,   46
  260,19980223,   15
  260,19980224,    0
  260,19980225,    0
  260,19980226,   -1
  260,19980227,   -1
  260,19980228,   73
  260,19980301,    6
  260,19980302,   34
  260,19980303,  166
  260,19980304,   66
  260,19980305,  159
  260,19980306,  353
  260,19980307,  176
  260,19980308,   29
  260,19980309,    1
  260,19980310,   -1
  260,19980311,   94
  260,19980312,    2
  260,19980313,    6
  260,19980314,    6
  260,19980315,   -1
  260,19980316,    0
  260,19980317,   -1
  260,19980318,    0
  260,19980319,   -1
  260,19980320,    8
  260,19980321,    0
  260,19980322,   13
  260,19980323,    2
  260,19980324,    0
  260,19980325,    0
  260,19980326,   37
  260,19980327,    7
  260,19980328,   -1
  260,19980329,    0
  260,19980330,    0
  260,19980331,    0
  260,19980401,   13
  260,19980402,   57
  260,19980403,  115
  260,19980404,   29
  260,19980405,   15
  260,19980406,    7
  260,19980407,   90
  260,19980408,   19
  260,19980409,   34
  260,19980410,   30
  260,19980411,    5
  260,19980412,    2
  260,19980413,  127
  260,19980414,    2
  260,19980415,  115
  260,19980416,   26
  260,19980417,    6
  260,19980418,    1
  260,19980419,    1
  260,19980420,   52
  260,19980421,   -1
  260,19980422,    0
  260,19980423,    7
  260,19980424,   21
  260,19980425,  128
  260,19980426,    1
  260,19980427,   61
  260,19980428,   11
  260,19980429,    0
  260,19980430,   -1
  260,19980501,   -1
  260,19980502,   -1
  260,19980503,    0
  260,19980504,    0
  260,19980505,    3
  260,19980506,   59
  260,19980507,   -1
  260,19980508,    0
  260,19980509,    0
  260,19980510,    0
  260,19980511,    0
  260,19980512,    0
  260,19980513,    0
  260,19980514,    0
  260,19980515,    0
  260,19980516,    0
  260,19980517,    0
  260,19980518,    0
  260,19980519,    0
  260,19980520,    0
  260,19980521,   -1
  260,19980522,    0
  260,19980523,    1
  260,19980524,   24
  260,19980525,    1
  260,19980526,  146
  260,19980527,   32
  260,19980528,   34
  260,19980529,  147
  260,19980530,   -1
  260,19980531,   -1
  260,19980601,    0
  260,19980602,   24
  260,19980603,   31
  260,19980604,   -1
  260,19980605,   55
  260,19980606,  483
  260,19980607,  107
  260,19980608,    2
  260,19980609,  116
  260,19980610,   83
  260,19980611,  266
  260,19980612,  117
  260,19980613,   -1
  260,19980614,   60
  260,19980615,   75
  260,19980616,    5
  260,19980617,    8
  260,19980618,  112
  260,19980619,    2
  260,19980620,    0
  260,19980621,    2
  260,19980622,    0
  260,19980623,   20
  260,19980624,   -1
  260,19980625,   32
  260,19980626,   -1
  260,19980627,  142
  260,19980628,   36
  260,19980629,    1
  260,19980630,   35
  260,19980701,   -1
  260,19980702,    8
  260,19980703,    0
  260,19980704,   -1
  260,19980705,    9
  260,19980706,    1
  260,19980707,   27
  260,19980708,   12
  260,19980709,   13
  260,19980710,   -1
  260,19980711,    6
  260,19980712,  127
  260,19980713,   11
  260,19980714,   22
  260,19980715,   82
  260,19980716,    6
  260,19980717,   17
  260,19980718,   -1
  260,19980719,    0
  260,19980720,    1
  260,19980721,   27
  260,19980722,    0
  260,19980723,   29
  260,19980724,    0
  260,19980725,    0
  260,19980726,    0
  260,19980727,   -1
  260,19980728,   27
  260,19980729,   81
  260,19980730,  188
  260,19980731,  100
  260,19980801,   -1
  260,19980802,    0
  260,19980803,    1
  260,19980804,   41
  260,19980805,    0
  260,19980806,    0
  260,19980807,    0
  260,19980808,    0
  260,19980809,    0
  260,19980810,    0
  260,19980811,    0
  260,19980812,   -1
  260,19980813,    0
  260,19980814,   -1
  260,19980815,   -1
  260,19980816,    0
  260,19980817,    0
  260,19980818,    8
  260,19980819,    0
  260,19980820,   -1
  260,19980821,  129
  260,19980822,   91
  260,19980823,  150
  260,19980824,  107
  260,19980825,    0
  260,19980826,  145
  260,19980827,   30
  260,19980828,   -1
  260,19980829,   -1
  260,19980830,   14
  260,19980831,    0
  260,19980901,   63
  260,19980902,   63
  260,19980903,  192
  260,19980904,   24
  260,19980905,   48
  260,19980906,   -1
  260,19980907,   25
  260,19980908,   34
  260,19980909,  106
  260,19980910,    1
  260,19980911,   31
  260,19980912,   54
  260,19980913,  118
  260,19980914,  439
  260,19980915,   25
  260,19980916,   95
  260,19980917,   39
  260,19980918,   -1
  260,19980919,   32
  260,19980920,    0
  260,19980921,    0
  260,19980922,    0
  260,19980923,    0
  260,19980924,    0
  260,19980925,   -1
  260,19980926,    3
  260,19980927,    3
  260,19980928,    0
  260,19980929,   57
  260,19980930,   37
  260,19981001,   -1
  260,19981002,   -1
  260,19981003,    1
  260,19981004,   37
  260,19981005,   15
  260,19981006,   19
  260,19981007,   62
  260,19981008,  144
  260,19981009,   23
  260,19981010,   58
  260,19981011,   67
  260,19981012,   45
  260,19981013,   17
  260,19981014,   51
  260,19981015,   -1
  260,19981016,   -1
  260,19981017,   97
  260,19981018,   16
  260,19981019,   15
  260,19981020,   33
  260,19981021,   30
  260,19981022,    2
  260,19981023,   82
  260,19981024,  226
  260,19981025,   99
  260,19981026,   50
  260,19981027,  158
  260,19981028,  144
  260,19981029,   35
  260,19981030,  133
  260,19981031,  134
  260,19981101,  183
  260,19981102,  100
  260,19981103,  345
  260,19981104,  125
  260,19981105,  105
  260,19981106,    6
  260,19981107,    0
  260,19981108,   91
  260,19981109,   85
  260,19981110,   28
  260,19981111,   12
  260,19981112,    0
  260,19981113,   67
  260,19981114,   38
  260,19981115,   34
  260,19981116,   -1
  260,19981117,    0
  260,19981118,   40
  260,19981119,    0
  260,19981120,    0
  260,19981121,    0
  260,19981122,    0
  260,19981123,    0
  260,19981124,   -1
  260,19981125,    1
  260,19981126,   68
  260,19981127,    6
  260,19981128,   17
  260,19981129,   49
  260,19981130,   -1
  260,19981201,    0
  260,19981202,    0
  260,19981203,   -1
  260,19981204,   33
  260,19981205,   18
  260,19981206,    8
  260,19981207,    7
  260,19981208,   12
  260,19981209,   49
  260,19981210,    0
  260,19981211,   10
  260,19981212,  121
  260,19981213,   -1
  260,19981214,   33
  260,19981215,  127
  260,19981216,    0
  260,19981217,    0
  260,19981218,   16
  260,19981219,  101
  260,19981220,    2
  260,19981221,   -1
  260,19981222,    3
  260,19981223,   -1
  260,19981224,   30
  260,19981225,   74
  260,19981226,   51
  260,19981227,   43
  260,19981228,   36
  260,19981229,    0
  260,19981230,    0
  260,19981231,   -1
  260,19990101,   -1
  260,19990102,   78
  260,19990103,  113
  260,19990104,   50
  260,19990105,   11
  260,19990106,    0
  260,19990107,   42
  260,19990108,   51
  260,19990109,   -1
  260,19990110,    0
  260,19990111,   -1
  260,19990112,   71
  260,19990113,   76
  260,19990114,   26
  260,19990115,   24
  260,19990116,  113
  260,19990117,    0
  260,19990118,    0
  260,19990119,   14
  260,19990120,   13
  260,19990121,    8
  260,19990122,    0
  260,19990123,   -1
  260,19990124,   14
  260,19990125,   41
  260,19990126,  108
  260,19990127,   69
  260,19990128,   38
  260,19990129,    0
  260,19990130,    0
  260,19990131,   -1
  260,19990201,    6
  260,19990202,   -1
  260,19990203,    2
  260,19990204,    5
  260,19990205,   34
  260,19990206,   65
  260,19990207,   61
  260,19990208,   66
  260,19990209,   14
  260,19990210,   26
  260,19990211,   -1
  260,19990212,    0
  260,19990213,    0
  260,19990214,   26
  260,19990215,    2
  260,19990216,   34
  260,19990217,   37
  260,19990218,    6
  260,19990219,   62
  260,19990220,    0
  260,19990221,   63
  260,19990222,   96
  260,19990223,   55
  260,19990224,    1
  260,19990225,   -1
  260,19990226,   16
  260,19990227,   19
  260,19990228,    8
  260,19990301,  299
  260,19990302,  183
  260,19990303,   24
  260,19990304,    2
  260,19990305,    4
  260,19990306,   40
  260,19990307,   15
  260,19990308,   26
  260,19990309,   15
  260,19990310,    6
  260,19990311,    0
  260,19990312,    0
  260,19990313,    0
  260,19990314,    0
  260,19990315,    0
  260,19990316,   -1
  260,19990317,   13
  260,19990318,   52
  260,19990319,    6
  260,19990320,    2
  260,19990321,   49
  260,19990322,   28
  260,19990323,   36
  260,19990324,    0
  260,19990325,    3
  260,19990326,   40
  260,19990327,    0
  260,19990328,    0
  260,19990329,    0
  260,19990330,   17
  260,19990331,    0
  260,19990401,    0
  260,19990402,    0
  260,19990403,   91
  260,19990404,    0
  260,19990405,   11
  260,19990406,    8
  260,19990407,   35
  260,19990408,    0
  260,19990409,    1
  260,19990410,   12
  260,19990411,   -1
  260,19990412,   96
  260,19990413,  103
  260,19990414,   49
  260,19990415,    6
  260,19990416,   -1
  260,19990417,   41
  260,19990418,    4
  260,19990419,   -1
  260,19990420,   19
  260,19990421,  105
  260,19990422,   39
  260,19990423,    0
  260,19990424,   -1
  260,19990425,    0
  260,19990426,    0
  260,19990427,    0
  260,19990428,    0
  260,19990429,   -1
  260,19990430,    0
  260,19990501,    0
  260,19990502,    0
  260,19990503,    0
  260,19990504,    0
  260,19990505,   93
  260,19990506,   70
  260,19990507,   46
  260,19990508,   -1
  260,19990509,    0
  260,19990510,   62
  260,19990511,   26
  260,19990512,   13
  260,19990513,   27
  260,19990514,   33
  260,19990515,    8
  260,19990516,    0
  260,19990517,    0
  260,19990518,    0
  260,19990519,   -1
  260,19990520,   31
  260,19990521,   10
  260,19990522,   12
  260,19990523,    0
  260,19990524,   -1
  260,19990525,    0
  260,19990526,    0
  260,19990527,    0
  260,19990528,   -1
  260,19990529,   32
  260,19990530,   37
  260,19990531,   18
  260,19990601,    0
  260,19990602,   71
  260,19990603,   16
  260,19990604,   67
  260,19990605,  161
  260,19990606,   61
  260,19990607,  159
  260,19990608,    5
  260,19990609,    4
  260,19990610,   -1
  260,19990611,    7
  260,19990612,    0
  260,19990613,   -1
  260,19990614,    0
  260,19990615,    0
  260,19990616,    0
  260,19990617,   -1
  260,19990618,    0
  260,19990619,    0
  260,19990620,   40
  260,19990621,    6
  260,19990622,   17
  260,19990623,    1
  260,19990624,    8
  260,19990625,    0
  260,19990626,    0
  260,19990627,  101
  260,19990628,   16
  260,19990629,  150
  260,19990630,    2
  260,19990701,   12
  260,19990702,   -1
  260,19990703,   11
  260,19990704,   97
  260,19990705,  153
  260,19990706,    0
  260,19990707,    5
  260,19990708,    0
  260,19990709,    0
  260,19990710,    0
  260,19990711,    0
  260,19990712,    0
  260,19990713,    0
  260,19990714,   11
  260,19990715,   -1
  260,19990716,    0
  260,19990717,    0
  260,19990718,    0
  260,19990719,   -1
  260,19990720,    5
  260,19990721,   16
  260,19990722,   55
  260,19990723,   -1
  260,19990724,    0
  260,19990725,    0
  260,19990726,    0
  260,19990727,    0
  260,19990728,    0
  260,19990729,    0
  260,19990730,    0
  260,19990731,   -1
  260,19990801,    0
  260,19990802,    0
  260,19990803,    0
  260,19990804,    0
  260,19990805,   37
  260,19990806,    0
  260,19990807,  279
  260,19990808,   19
  260,19990809,    1
  260,19990810,  172
  260,19990811,   -1
  260,19990812,    0
  260,19990813,    0
  260,19990814,  112
  260,19990815,   -1
  260,19990816,   44
  260,19990817,    7
  260,19990818,   32
  260,19990819,  167
  260,19990820,   27
  260,19990821,    3
  260,19990822,    0
  260,19990823,    0
  260,19990824,   -1
  260,19990825,    0
  260,19990826,   39
  260,19990827,    0
  260,19990828,    0
  260,19990829,    0
  260,19990830,    0
  260,19990831,   -1
  260,19990901,   -1
  260,19990902,    0
  260,19990903,    0
  260,19990904,    0
  260,19990905,    0
  260,19990906,    9
  260,19990907,    0
  260,19990908,    0
  260,19990909,    0
  260,19990910,    0
  260,19990911,    0
  260,19990912,    0
  260,19990913,    0
  260,19990914,   -1
  260,19990915,  164
  260,19990916,   -1
  260,19990917,    0
  260,19990918,    0
  260,19990919,   -1
  260,19990920,    4
  260,19990921,    7
  260,19990922,   90
  260,19990923,   47
  260,19990924,   86
  260,19990925,   -1
  260,19990926,   14
  260,19990927,   38
  260,19990928,    4
  260,19990929,   76
  260,19990930,  140
  260,19991001,    5
  260,19991002,   28
  260,19991003,  157
  260,19991004,   82
  260,19991005,   10
  260,19991006,   -1
  260,19991007,    9
  260,19991008,   33
  260,19991009,    5
  260,19991010,   16
  260,19991011,    7
  260,19991012,    0
  260,19991013,    0
  260,19991014,   -1
  260,19991015,    0
  260,19991016,    0
  260,19991017,    0
  260,19991018,    0
  260,19991019,    0
  260,19991020,    0
  260,19991021,    7
  260,19991022,   16
  260,19991023,   17
  260,19991024,    3
  260,19991025,    5
  260,19991026,    1
  260,19991027,    0
  260,19991028,   -1
  260,19991029,    0
  260,19991030,   26
  260,19991031,   -1
  260,19991101,   12
  260,19991102,    1
  260,19991103,    0
  260,19991104,    0
  260,19991105,   15
  260,19991106,  156
  260,19991107,   54
  260,19991108,   22
  260,19991109,    7
  260,19991110,   -1
  260,19991111,    0
  260,19991112,    0
  260,19991113,    4
  260,19991114,    6
  260,19991115,    0
  260,19991116,   12
  260,19991117,   50
  260,19991118,   98
  260,19991119,   16
  260,19991120,   16
  260,19991121,    5
  260,19991122,   31
  260,19991123,    4
  260,19991124,    0
  260,19991125,   43
  260,19991126,   -1
  260,19991127,   44
  260,19991128,    0
  260,19991129,   -1
  260,19991130,   -1
  260,19991201,    8
  260,19991202,   -1
  260,19991203,   57
  260,19991204,   33
  260,19991205,   11
  260,19991206,   19
  260,19991207,  141
  260,19991208,   26
  260,19991209,   30
  260,19991210,   80
  260,19991211,  146
  260,19991212,   83
  260,19991213,  119
  260,19991214,   45
  260,19991215,   31
  260,19991216,    2
  260,19991217,   72
  260,19991218,    0
  260,19991219,   15
  260,19991220,   -1
  260,19991221,    0
  260,19991222,   23
  260,19991223,   28
  260,19991224,  156
  260,19991225,   26
  260,19991226,  148
  260,19991227,  111
  260,19991228,   10
  260,19991229,   10
  260,19991230,   25
  260,19991231,   -1
  260,20000101,   10
  260,20000102,   -1
  260,20000103,   45
  260,20000104,  109
  260,20000105,    0
  260,20000106,   19
  260,20000107,    0
  260,20000108,   17
  260,20000109,    0
  260,20000110,    0
  260,20000111,    0
  260,20000112,    0
  260,20000113,   -1
  260,20000114,   -1
  260,20000115,   -1
  260,20000116,    3
  260,20000117,    1
  260,20000118,    3
  260,20000119,    1
  260,20000120,   15
  260,20000121,    1
  260,20000122,   53
  260,20000123,   -1
  260,20000124,    0
  260,20000125,    0
  260,20000126,   -1
  260,20000127,   -1
  260,20000128,    3
  260,20000129,   95
  260,20000130,    1
  260,20000131,   36
  260,20000201,   14
  260,20000202,   74
  260,20000203,   -1
  260,20000204,   23
  260,20000205,   -1
  260,20000206,    6
  260,20000207,   69
  260,20000208,   63
  260,20000209,   -1
  260,20000210,   95
  260,20000211,    0
  260,20000212,   41
  260,20000213,   -1
  260,20000214,   25
  260,20000215,   18
  260,20000216,  145
  260,20000217,   10
  260,20000218,   72
  260,20000219,    9
  260,20000220,   -1
  260,20000221,    6
  260,20000222,    0
  260,20000223,   -1
  260,20000224,  119
  260,20000225,  112
  260,20000226,    0
  260,20000227,    0
  260,20000228,   12
  260,20000229,  111
  260,20000301,   32
  260,20000302,  162
  260,20000303,  140
  260,20000304,   39
  260,20000305,    7
  260,20000306,   -1
  260,20000307,   31
  260,20000308,  118
  260,20000309,   33
  260,20000310,   10
  260,20000311,   12
  260,20000312,    0
  260,20000313,   -1
  260,20000314,   44
  260,20000315,    2
  260,20000316,    2
  260,20000317,   -1
  260,20000318,   37
  260,20000319,    1
  260,20000320,    0
  260,20000321,    0
  260,20000322,    0
  260,20000323,    0
  260,20000324,   44
  260,20000325,   40
  260,20000326,   33
  260,20000327,    6
  260,20000328,   -1
  260,20000329,   -1
  260,20000330,   -1
  260,20000331,   -1
  260,20000401,    6
  260,20000402,   11
  260,20000403,   -1
  260,20000404,    1
  260,20000405,   -1
  260,20000406,    0
  260,20000407,    0
  260,20000408,    0
  260,20000409,    0
  260,20000410,    0
  260,20000411,   -1
  260,20000412,   67
  260,20000413,   23
  260,20000414,   -1
  260,20000415,   39
  260,20000416,    1
  260,20000417,   42
  260,20000418,    0
  260,20000419,   -1
  260,20000420,   -1
  260,20000421,    5
  260,20000422,   39
  260,20000423,   89
  260,20000424,    0
  260,20000425,    0
  260,20000426,    4
  260,20000427,    4
  260,20000428,    0
  260,20000429,   59
  260,20000430,    2
  260,20000501,   -1
  260,20000502,   -1
  260,20000503,   -1
  260,20000504,    0
  260,20000505,    0
  260,20000506,    0
  260,20000507,    6
  260,20000508,   -1
  260,20000509,   -1
  260,20000510,   -1
  260,20000511,    0
  260,20000512,    0
  260,20000513,    0
  260,20000514,    0
  260,20000515,    0
  260,20000516,  210
  260,20000517,   12
  260,20000518,   35
  260,20000519,   40
  260,20000520,    4
  260,20000521,   58
  260,20000522,    3
  260,20000523,   43
  260,20000524,   70
  260,20000525,   49
  260,20000526,   40
  260,20000527,    6
  260,20000528,  185
  260,20000529,   79
  260,20000530,    8
  260,20000531,    0
  260,20000601,    8
  260,20000602,    0
  260,20000603,  114
  260,20000604,    2
  260,20000605,   57
  260,20000606,  183
  260,20000607,    2
  260,20000608,    0
  260,20000609,    0
  260,20000610,    0
  260,20000611,    0
  260,20000612,    0
  260,20000613,    0
  260,20000614,   41
  260,20000615,    1
  260,20000616,    0
  260,20000617,    0
  260,20000618,    0
  260,20000619,    0
  260,20000620,    0
  260,20000621,   10
  260,20000622,   34
  260,20000623,   59
  260,20000624,   83
  260,20000625,    8
  260,20000626,   -1
  260,20000627,    0
  260,20000628,    0
  260,20000629,   -1
  260,20000630,    0
  260,20000701,   27
  260,20000702,   -1
  260,20000703,   36
  260,20000704,   67
  260,20000705,   75
  260,20000706,    0
  260,20000707,   -1
  260,20000708,   12
  260,20000709,   71
  260,20000710,   76
  260,20000711,   26
  260,20000712,    0
  260,20000713,   91
  260,20000714,   77
  260,20000715,   86
  260,20000716,   -1
  260,20000717,    3
  260,20000718,   -1
  260,20000719,    1
  260,20000720,    0
  260,20000721,   -1
  260,20000722,   -1
  260,20000723,    0
  260,20000724,   -1
  260,20000725,    3
  260,20000726,   -1
  260,20000727,   58
  260,20000728,   -1
  260,20000729,  277
  260,20000730,    0
  260,20000731,    0
  260,20000801,   39
  260,20000802,    0
  260,20000803,   72
  260,20000804,    0
  260,20000805,    0
  260,20000806,   -1
  260,20000807,   -1
  260,20000808,   12
  260,20000809,    0
  260,20000810,    6
  260,20000811,    0
  260,20000812,    0
  260,20000813,   -1
  260,20000814,   23
  260,20000815,   -1
  260,20000816,   -1
  260,20000817,    2
  260,20000818,    4
  260,20000819,   28
  260,20000820,  116
  260,20000821,   22
  260,20000822,    0
  260,20000823,    0
  260,20000824,    0
  260,20000825,    0
  260,20000826,    0
  260,20000827,   65
  260,20000828,   45
  260,20000829,   -1
  260,20000830,    0
  260,20000831,    0
  260,20000901,   44
  260,20000902,   62
  260,20000903,   43
  260,20000904,    3
  260,20000905,    2
  260,20000906,   28
  260,20000907,   -1
  260,20000908,    7
  260,20000909,   78
  260,20000910,    0
  260,20000911,    0
  260,20000912,   -1
  260,20000913,    0
  260,20000914,    0
  260,20000915,  193
  260,20000916,    4
  260,20000917,   43
  260,20000918,    0
  260,20000919,   -1
  260,20000920,   17
  260,20000921,    1
  260,20000922,    0
  260,20000923,    0
  260,20000924,    6
  260,20000925,    3
  260,20000926,   65
  260,20000927,   31
  260,20000928,   33
  260,20000929,    1
  260,20000930,   23
  260,20001001,   61
  260,20001002,    3
  260,20001003,   -1
  260,20001004,   13
  260,20001005,   48
  260,20001006,   81
  260,20001007,    0
  260,20001008,   46
  260,20001009,   10
  260,20001010,   80
  260,20001011,   87
  260,20001012,   17
  260,20001013,    0
  260,20001014,   -1
  260,20001015,    4
  260,20001016,   46
  260,20001017,    3
  260,20001018,   10
  260,20001019,   63
  260,20001020,    0
  260,20001021,   -1
  260,20001022,    0
  260,20001023,  170
  260,20001024,    2
  260,20001025,   15
  260,20001026,   34
  260,20001027,   79
  260,20001028,   29
  260,20001029,   29
  260,20001030,  116
  260,20001031,    9
  260,20001101,   81
  260,20001102,   73
  260,20001103,   -1
  260,20001104,   14
  260,20001105,    0
  260,20001106,   43
  260,20001107,   11
  260,20001108,   36
  260,20001109,  223
  260,20001110,   62
  260,20001111,    8
  260,20001112,   91
  260,20001113,    0
  260,20001114,    0
  260,20001115,   25
  260,20001116,   39
  260,20001117,   44
  260,20001118,   29
  260,20001119,   65
  260,20001120,   61
  260,20001121,   28
  260,20001122,    2
  260,20001123,   44
  260,20001124,    3
  260,20001125,   80
  260,20001126,   25
  260,20001127,   10
  260,20001128,   79
  260,20001129,    0
  260,20001130,    0
  260,20001201,   12
  260,20001202,   15
  260,20001203,   78
  260,20001204,    6
  260,20001205,    2
  260,20001206,   26
  260,20001207,   14
  260,20001208,   12
  260,20001209,   -1
  260,20001210,   70
  260,20001211,  105
  260,20001212,   63
  260,20001213,   27
  260,20001214,   39
  260,20001215,  128
  260,20001216,   86
  260,20001217,    3
  260,20001218,    0
  260,20001219,    0
  260,20001220,    0
  260,20001221,    0
  260,20001222,    0
  260,20001223,    1
  260,20001224,   48
  260,20001225,    2
  260,20001226,    0
  260,20001227,   21
  260,20001228,   16
  260,20001229,   47
  260,20001230,   94
  260,20001231,   -1
  260,20010101,   95
  260,20010102,    3
  260,20010103,   40
  260,20010104,   49
  260,20010105,  189
  260,20010106,   21
  260,20010107,    3
  260,20010108,   17
  260,20010109,    0
  260,20010110,    0
  260,20010111,    0
  260,20010112,   -1
  260,20010113,    0
  260,20010114,    0
  260,20010115,    0
  260,20010116,    0
  260,20010117,    0
  260,20010118,    4
  260,20010119,   -1
  260,20010120,   13
  260,20010121,   51
  260,20010122,   21
  260,20010123,   37
  260,20010124,   14
  260,20010125,   11
  260,20010126,   11
  260,20010127,  102
  260,20010128,   23
  260,20010129,   -1
  260,20010130,    0
  260,20010131,    0
  260,20010201,    3
  260,20010202,   50
  260,20010203,   85
  260,20010204,  253
  260,20010205,   48
  260,20010206,   50
  260,20010207,   44
  260,20010208,  162
  260,20010209,    1
  260,20010210,    5
  260,20010211,    3
  260,20010212,   38
  260,20010213,    0
  260,20010214,    0
  260,20010215,    0
  260,20010216,   21
  260,20010217,   -1
  260,20010218,    0
  260,20010219,   10
  260,20010220,    0
  260,20010221,   22
  260,20010222,   26
  260,20010223,   13
  260,20010224,   32
  260,20010225,   30
  260,20010226,    2
  260,20010227,   -1
  260,20010228,    6
  260,20010301,   10
  260,20010302,   -1
  260,20010303,    0
  260,20010304,    0
  260,20010305,    0
  260,20010306,    0
  260,20010307,   39
  260,20010308,   21
  260,20010309,    3
  260,20010310,   57
  260,20010311,   78
  260,20010312,   30
  260,20010313,   12
  260,20010314,    0
  260,20010315,   -1
  260,20010316,    7
  260,20010317,   59
  260,20010318,   74
  260,20010319,   28
  260,20010320,    0
  260,20010321,   58
  260,20010322,    0
  260,20010323,  160
  260,20010324,   -1
  260,20010325,   -1
  260,20010326,    0
  260,20010327,    0
  260,20010328,   11
  260,20010329,   95
  260,20010330,    0
  260,20010331,   -1
  260,20010401,   -1
  260,20010402,    0
  260,20010403,    0
  260,20010404,   51
  260,20010405,  102
  260,20010406,   71
  260,20010407,   29
  260,20010408,   30
  260,20010409,   -1
  260,20010410,    4
  260,20010411,   25
  260,20010412,    1
  260,20010413,   -1
  260,20010414,   92
  260,20010415,   45
  260,20010416,   81
  260,20010417,    2
  260,20010418,   56
  260,20010419,   58
  260,20010420,    6
  260,20010421,    0
  260,20010422,    0
  260,20010423,    0
  260,20010424,    5
  260,20010425,   38
  260,20010426,   57
  260,20010427,   11
  260,20010428,   25
  260,20010429,   -1
  260,20010430,   85
  260,20010501,    0
  260,20010502,    0
  260,20010503,   38
  260,20010504,   22
  260,20010505,    0
  260,20010506,    0
  260,20010507,    0
  260,20010508,    0
  260,20010509,    0
  260,20010510,    0
  260,20010511,    0
  260,20010512,    0
  260,20010513,    0
  260,20010514,   59
  260,20010515,   23
  260,20010516,   95
  260,20010517,   16
  260,20010518,   19
  260,20010519,    0
  260,20010520,    0
  260,20010521,    0
  260,20010522,    0
  260,20010523,    0
  260,20010524,    0
  260,20010525,    0
  260,20010526,    0
  260,20010527,   -1
  260,20010528,   11
  260,20010529,    0
  260,20010530,    0
  260,20010531,    8
  260,20010601,   25
  260,20010602,  159
  260,20010603,   15
  260,20010604,   -1
  260,20010605,    0
  260,20010606,   12
  260,20010607,   29
  260,20010608,    0
  260,20010609,    0
  260,20010610,    5
  260,20010611,    1
  260,20010612,   -1
  260,20010613,    0
  260,20010614,    0
  260,20010615,  162
  260,20010616,   33
  260,20010617,   81
  260,20010618,   -1
  260,20010619,    0
  260,20010620,   -1
  260,20010621,    0
  260,20010622,   -1
  260,20010623,    0
  260,20010624,    0
  260,20010625,    0
  260,20010626,    0
  260,20010627,    9
  260,20010628,   -1
  260,20010629,   -1
  260,20010630,    6
  260,20010701,    0
  260,20010702,    0
  260,20010703,    0
  260,20010704,    0
  260,20010705,    0
  260,20010706,   -1
  260,20010707,   82
  260,20010708,   98
  260,20010709,    2
  260,20010710,   35
  260,20010711,   73
  260,20010712,   76
  260,20010713,  104
  260,20010714,   57
  260,20010715,   18
  260,20010716,    0
  260,20010717,    8
  260,20010718,  127
  260,20010719,  102
  260,20010720,    4
  260,20010721,   40
  260,20010722,    2
  260,20010723,   36
  260,20010724,    0
  260,20010725,    0
  260,20010726,    0
  265,19960726,    0
  265,19960727,   -1
  265,19960728,    0
  265,19960729,    3
  265,19960730,   -1
  265,19960731,   -1
  265,19960801,   -1
  265,19960802,    0
  265,19960803,    0
  265,19960804,    0
  265,19960805,    0
  265,19960806,  167
  265,19960807,   -1
  265,19960808,    0
  265,19960809,    0
  265,19960810,   -1
  265,19960811,   30
  265,19960812,  135
  265,19960813,   -1
  265,19960814,   -1
  265,19960815,   -1
  265,19960816,    0
  265,19960817,    0
  265,19960818,    0
  265,19960819,    0
  265,19960820,    0
  265,19960821,   38
  265,19960822,    0
  265,19960823,   58
  265,19960824,   14
  265,19960825,   68
  265,19960826,    0
  265,19960827,   30
  265,19960828,  127
  265,19960829,   34
  265,19960830,   13
  265,19960831,   15
  265,19960901,    9
  265,19960902,    0
  265,19960903,    0
  265,19960904,   -1
  265,19960905,    0
  265,19960906,    0
  265,19960907,    0
  265,19960908,   -1
  265,19960909,   -1
  265,19960910,   11
  265,19960911,   19
  265,19960912,  111
  265,19960913,   16
  265,19960914,    2
  265,19960915,    0
  265,19960916,    0
  265,19960917,    0
  265,19960918,    0
  265,19960919,    0
  265,19960920,    0
  265,19960921,    0
  265,19960922,   30
  265,19960923,   13
  265,19960924,    0
  265,19960925,   -1
  265,19960926,   12
  265,19960927,   83
  265,19960928,   -1
  265,19960929,  160
  265,19960930,   68
  265,19961001,   51
  265,19961002,    2
  265,19961003,   -1
  265,19961004,   51
  265,19961005,    3
  265,19961006,    0
  265,19961007,    0
  265,19961008,    0
  265,19961009,   12
  265,19961010,   18
  265,19961011,    0
  265,19961012,    0
  265,19961013,    0
  265,19961014,    0
  265,19961015,    2
  265,19961016,    0
  265,19961017,    0
  265,19961018,   11
  265,19961019,    9
  265,19961020,  144
  265,19961021,  117
  265,19961022,    0
  265,19961023,    0
  265,19961024,    0
  265,19961025,   -1
  265,19961026,    3
  265,19961027,  147
  265,19961028,   14
  265,19961029,   92
  265,19961030,   -1
  265,19961031,  134
  265,19961101,   14
  265,19961102,   23
  265,19961103,   85
  265,19961104,   80
  265,19961105,   59
  265,19961106,   33
  265,19961107,  309
  265,19961108,   -1
  265,19961109,    6
  265,19961110,  107
  265,19961111,   55
  265,19961112,   43
  265,19961113,   11
  265,19961114,    0
  265,19961115,    0
  265,19961116,    0
  265,19961117,    0
  265,19961118,   47
  265,19961119,   66
  265,19961120,   69
  265,19961121,   88
  265,19961122,    7
  265,19961123,   52
  265,19961124,    8
  265,19961125,  153
  265,19961126,    3
  265,19961127,    0
  265,19961128,    0
  265,19961129,   85
  265,19961130,   80
  265,19961201,   16
  265,19961202,   13
  265,19961203,   85
  265,19961204,    4
  265,19961205,   -1
  265,19961206,   -1
  265,19961207,    9
  265,19961208,    0
  265,19961209,    0
  265,19961210,    0
  265,19961211,   -1
  265,19961212,   -1
  265,19961213,   -1
  265,19961214,   -1
  265,19961215,   -1
  265,19961216,    0
  265,19961217,    0
  265,19961218,    4
  265,19961219,  273
  265,19961220,   -1
  265,19961221,    0
  265,19961222,    0
  265,19961223,    0
  265,19961224,    0
  265,19961225,   -1
  265,19961226,    0
  265,19961227,    0
  265,19961228,    0
  265,19961229,   12
  265,19961230,   -1
  265,19961231,    0
  265,19970101,    0
  265,19970102,    0
  265,19970103,    0
  265,19970104,    0
  265,19970105,    0
  265,19970106,   -1
  265,19970107,   -1
  265,19970108,   -1
  265,19970109,    0
  265,19970110,   -1
  265,19970111,    0
  265,19970112,   -1
  265,19970113,   -1
  265,19970114,    0
  265,19970115,    0
  265,19970116,    0
  265,19970117,   -1
  265,19970118,   -1
  265,19970119,   23
  265,19970120,   -1
  265,19970121,    0
  265,19970122,   -1
  265,19970123,    0
  265,19970124,   16
  265,19970125,    0
  265,19970126,    0
  265,19970127,   -1
  265,19970128,   -1
  265,19970129,   -1
  265,19970130,   -1
  265,19970131,    1
  265,19970201,    0
  265,19970202,   -1
  265,19970203,    0
  265,19970204,   85
  265,19970205,   55
  265,19970206,    0
  265,19970207,   25
  265,19970208,    0
  265,19970209,   -1
  265,19970210,   42
  265,19970211,   20
  265,19970212,  179
  265,19970213,  132
  265,19970214,    0
  265,19970215,    0
  265,19970216,    6
  265,19970217,   15
  265,19970218,  109
  265,19970219,   36
  265,19970220,    3
  265,19970221,    5
  265,19970222,    0
  265,19970223,    0
  265,19970224,  111
  265,19970225,   21
  265,19970226,   43
  265,19970227,    0
  265,19970228,    5
  265,19970301,   -1
  265,19970302,   17
  265,19970303,    0
  265,19970304,    0
  265,19970305,   -1
  265,19970306,   11
  265,19970307,    0
  265,19970308,    0
  265,19970309,    0
  265,19970310,    0
  265,19970311,    0
  265,19970312,    0
  265,19970313,    0
  265,19970314,   10
  265,19970315,    6
  265,19970316,   12
  265,19970317,   -1
  265,19970318,   66
  265,19970319,   54
  265,19970320,    5
  265,19970321,    3
  265,19970322,   -1
  265,19970323,   17
  265,19970324,    7
  265,19970325,   24
  265,19970326,   28
  265,19970327,    0
  265,19970328,   12
  265,19970329,    0
  265,19970330,    0
  265,19970331,    0
  265,19970401,    0
  265,19970402,    0
  265,19970403,    0
  265,19970404,    5
  265,19970405,  115
  265,19970406,    0
  265,19970407,    0
  265,19970408,    0
  265,19970409,    0
  265,19970410,    0
  265,19970411,   -1
  265,19970412,    7
  265,19970413,   -1
  265,19970414,   -1
  265,19970415,    4
  265,19970416,   10
  265,19970417,    0
  265,19970418,   -1
  265,19970419,   -1
  265,19970420,    0
  265,19970421,   -1
  265,19970422,   -1
  265,19970423,    0
  265,19970424,    0
  265,19970425,   15
  265,19970426,    9
  265,19970427,    2
  265,19970428,  163
  265,19970429,   30
  265,19970430,    0
  265,19970501,    0
  265,19970502,    0
  265,19970503,    0
  265,19970504,   57
  265,19970505,  114
  265,19970506,  135
  265,19970507,   -1
  265,19970508,   55
  265,19970509,   72
  265,19970510,   11
  265,19970511,   83
  265,19970512,    6
  265,19970513,    0
  265,19970514,   89
  265,19970515,    0
  265,19970516,   40
  265,19970517,   -1
  265,19970518,   52
  265,19970519,   22
  265,19970520,   50
  265,19970521,  116
  265,19970522,   54
  265,19970523,   -1
  265,19970524,   -1
  265,19970525,    0
  265,19970526,   -1
  265,19970527,   -1
  265,19970528,   -1
  265,19970529,    0
  265,19970530,    0
  265,19970531,    0
  265,19970601,   -1
  265,19970602,    0
  265,19970603,    0
  265,19970604,    0
  265,19970605,    0
  265,19970606,    0
  265,19970607,   55
  265,19970608,  135
  265,19970609,    0
  265,19970610,    0
  265,19970611,   40
  265,19970612,   -1
  265,19970613,   22
  265,19970614,   31
  265,19970615,   -1
  265,19970616,    0
  265,19970617,    0
  265,19970618,    0
  265,19970619,   12
  265,19970620,   43
  265,19970621,  102
  265,19970622,   23
  265,19970623,   31
  265,19970624,    1
  265,19970625,   14
  265,19970626,   78
  265,19970627,   56
  265,19970628,    7
  265,19970629,  197
  265,19970630,   -1
  265,19970701,   28
  265,19970702,   28
  265,19970703,   -1
  265,19970704,   -1
  265,19970705,   14
  265,19970706,   12
  265,19970707,    0
  265,19970708,    0
  265,19970709,   -1
  265,19970710,    0
  265,19970711,    0
  265,19970712,   -1
  265,19970713,   -1
  265,19970714,    0
  265,19970715,   30
  265,19970716,   15
  265,19970717,   30
  265,19970718,   97
  265,19970719,   -1
  265,19970720,    4
  265,19970721,  192
  265,19970722,   -1
  265,19970723,    0
  265,19970724,    9
  265,19970725,   59
  265,19970726,    4
  265,19970727,   13
  265,19970728,    0
  265,19970729,    0
  265,19970730,   -1
  265,19970731,   12
  265,19970801,   34
  265,19970802,    6
  265,19970803,    0
  265,19970804,    0
  265,19970805,    0
  265,19970806,    0
  265,19970807,    0
  265,19970808,    0
  265,19970809,    0
  265,19970810,    0
  265,19970811,    0
  265,19970812,    0
  265,19970813,    0
  265,19970814,    0
  265,19970815,    0
  265,19970816,    0
  265,19970817,   -1
  265,19970818,    0
  265,19970819,    0
  265,19970820,    0
  265,19970821,    0
  265,19970822,  106
  265,19970823,   18
  265,19970824,  124
  265,19970825,   56
  265,19970826,   13
  265,19970827,  137
  265,19970828,  119
  265,19970829,   38
  265,19970830,   14
  265,19970831,   -1
  265,19970901,  100
  265,19970902,   43
  265,19970903,   -1
  265,19970904,   -1
  265,19970905,    0
  265,19970906,   36
  265,19970907,   73
  265,19970908,   -1
  265,19970909,   -1
  265,19970910,    0
  265,19970911,    0
  265,19970912,  165
  265,19970913,   13
  265,19970914,   -1
  265,19970915,    0
  265,19970916,    0
  265,19970917,    0
  265,19970918,    0
  265,19970919,    0
  265,19970920,    0
  265,19970921,    0
  265,19970922,    0
  265,19970923,    0
  265,19970924,    0
  265,19970925,    0
  265,19970926,    0
  265,19970927,    0
  265,19970928,    0
  265,19970929,   -1
  265,19970930,   73
  265,19971001,   66
  265,19971002,   -1
  265,19971003,    0
  265,19971004,   -1
  265,19971005,    0
  265,19971006,    0
  265,19971007,  133
  265,19971008,  132
  265,19971009,   77
  265,19971010,  344
  265,19971011,   45
  265,19971012,    2
  265,19971013,   73
  265,19971014,   60
  265,19971015,   40
  265,19971016,   -1
  265,19971017,    3
  265,19971018,    0
  265,19971019,    0
  265,19971020,    0
  265,19971021,    0
  265,19971022,    0
  265,19971023,   -1
  265,19971024,   -1
  265,19971025,    6
  265,19971026,    3
  265,19971027,    0
  265,19971028,    0
  265,19971029,    0
  265,19971030,    0
  265,19971031,    0
  265,19971101,    0
  265,19971102,    0
  265,19971103,    0
  265,19971104,   19
  265,19971105,    4
  265,19971106,   15
  265,19971107,   43
  265,19971108,    3
  265,19971109,    6
  265,19971110,   19
  265,19971111,   17
  265,19971112,    0
  265,19971113,    0
  265,19971114,   -1
  265,19971115,   18
  265,19971116,    0
  265,19971117,    0
  265,19971118,    0
  265,19971119,    0
  265,19971120,   52
  265,19971121,   -1
  265,19971122,    0
  265,19971123,   -1
  265,19971124,   -1
  265,19971125,    0
  265,19971126,   -1
  265,19971127,   51
  265,19971128,   48
  265,19971129,   14
  265,19971130,    4
  265,19971201,    0
  265,19971202,   -1
  265,19971203,    0
  265,19971204,   -1
  265,19971205,   -1
  265,19971206,   13
  265,19971207,    0
  265,19971208,    3
  265,19971209,   98
  265,19971210,  191
  265,19971211,   22
  265,19971212,   73
  265,19971213,   -1
  265,19971214,   -1
  265,19971215,    0
  265,19971216,    0
  265,19971217,   -1
  265,19971218,   -1
  265,19971219,   13
  265,19971220,    0
  265,19971221,   27
  265,19971222,   -1
  265,19971223,    6
  265,19971224,   92
  265,19971225,   57
  265,19971226,   79
  265,19971227,  111
  265,19971228,   55
  265,19971229,   30
  265,19971230,   -1
  265,19971231,   32
  265,19980101,   15
  265,19980102,  112
  265,19980103,  155
  265,19980104,   27
  265,19980105,  116
  265,19980106,    9
  265,19980107,   62
  265,19980108,   34
  265,19980109,    0
  265,19980110,    0
  265,19980111,    0
  265,19980112,    0
  265,19980113,   -1
  265,19980114,   56
  265,19980115,   25
  265,19980116,    6
  265,19980117,   10
  265,19980118,   83
  265,19980119,   49
  265,19980120,   26
  265,19980121,    0
  265,19980122,    0
  265,19980123,   -1
  265,19980124,    1
  265,19980125,    0
  265,19980126,    0
  265,19980127,    0
  265,19980128,    1
  265,19980129,    9
  265,19980130,   21
  265,19980131,   11
  265,19980201,    0
  265,19980202,   24
  265,19980203,   -1
  265,19980204,    0
  265,19980205,    0
  265,19980206,    0
  265,19980207,   29
  265,19980208,    0
  265,19980209,    0
  265,19980210,    0
  265,19980211,    0
  265,19980212,    0
  265,19980213,    0
  265,19980214,    0
  265,19980215,    0
  265,19980216,    5
  265,19980217,   -1
  265,19980218,    0
  265,19980219,    0
  265,19980220,    0
  265,19980221,   26
  265,19980222,   41
  265,19980223,   16
  265,19980224,    0
  265,19980225,    0
  265,19980226,   -1
  265,19980227,   -1
  265,19980228,   77
  265,19980301,    2
  265,19980302,   36
  265,19980303,  170
  265,19980304,   66
  265,19980305,  150
  265,19980306,  348
  265,19980307,  216
  265,19980308,   11
  265,19980309,    7
  265,19980310,   -1
  265,19980311,   84
  265,19980312,   -1
  265,19980313,    4
  265,19980314,   13
  265,19980315,    4
  265,19980316,    0
  265,19980317,   -1
  265,19980318,    0
  265,19980319,    0
  265,19980320,   -1
  265,19980321,    0
  265,19980322,   11
  265,19980323,   -1
  265,19980324,    0
  265,19980325,    0
  265,19980326,   47
  265,19980327,    9
  265,19980328,    0
  265,19980329,    0
  265,19980330,    0
  265,19980331,    0
  265,19980401,   13
  265,19980402,   70
  265,19980403,   94
  265,19980404,   33
  265,19980405,   19
  265,19980406,    8
  265,19980407,  123
  265,19980408,   -1
  265,19980409,    9
  265,19980410,    8
  265,19980411,    2
  265,19980412,   -1
  265,19980413,  102
  265,19980414,    2
  265,19980415,  110
  265,19980416,    8
  265,19980417,    4
  265,19980418,    2
  265,19980419,    2
  265,19980420,   61
  265,19980421,    0
  265,19980422,    0
  265,19980423,    2
  265,19980424,   21
  265,19980425,  115
  265,19980426,    1
  265,19980427,   62
  265,19980428,   10
  265,19980429,    0
  265,19980430,   -1
  265,19980501,   -1
  265,19980502,    1
  265,19980503,    0
  265,19980504,    0
  265,19980505,    5
  265,19980506,   50
  265,19980507,   -1
  265,19980508,    0
  265,19980509,    0
  265,19980510,    0
  265,19980511,    0
  265,19980512,   -1
  265,19980513,    0
  265,19980514,    0
  265,19980515,    0
  265,19980516,    0
  265,19980517,    0
  265,19980518,    0
  265,19980519,    0
  265,19980520,    0
  265,19980521,   -1
  265,19980522,   -1
  265,19980523,    4
  265,19980524,   30
  265,19980525,    5
  265,19980526,  216
  265,19980527,   42
  265,19980528,   10
  265,19980529,  169
  265,19980530,    0
  265,19980531,    0
  265,19980601,   -1
  265,19980602,   23
  265,19980603,   29
  265,19980604,   -1
  265,19980605,   68
  265,19980606,  389
  265,19980607,  120
  265,19980608,   -1
  265,19980609,  102
  265,19980610,   51
  265,19980611,  138
  265,19980612,  172
  265,19980613,    0
  265,19980614,   47
  265,19980615,    9
  265,19980616,   -1
  265,19980617,   15
  265,19980618,   98
  265,19980619,   -1
  265,19980620,    0
  265,19980621,    1
  265,19980622,    0
  265,19980623,   21
  265,19980624,   -1
  265,19980625,   30
  265,19980626,   -1
  265,19980627,  106
  265,19980628,   82
  265,19980629,   -1
  265,19980630,   36
  265,19980701,    0
  265,19980702,    3
  265,19980703,    0
  265,19980704,    0
  265,19980705,    9
  265,19980706,    2
  265,19980707,   19
  265,19980708,   18
  265,19980709,    6
  265,19980710,   11
  265,19980711,    6
  265,19980712,  128
  265,19980713,    6
  265,19980714,    8
  265,19980715,   56
  265,19980716,    6
  265,19980717,   40
  265,19980718,    4
  265,19980719,    0
  265,19980720,   -1
  265,19980721,   58
  265,19980722,    0
  265,19980723,   27
  265,19980724,    0
  265,19980725,    0
  265,19980726,    0
  265,19980727,   -1
  265,19980728,   17
  265,19980729,   54
  265,19980730,  181
  265,19980731,   12
  265,19980801,   -1
  265,19980802,    0
  265,19980803,    1
  265,19980804,   39
  265,19980805,   -1
  265,19980806,    0
  265,19980807,    0
  265,19980808,    0
  265,19980809,    0
  265,19980810,    0
  265,19980811,    0
  265,19980812,    0
  265,19980813,    0
  265,19980814,   -1
  265,19980815,   -1
  265,19980816,    0
  265,19980817,    0
  265,19980818,   10
  265,19980819,    0
  265,19980820,    0
  265,19980821,  114
  265,19980822,   25
  265,19980823,  174
  265,19980824,   64
  265,19980825,    2
  265,19980826,  208
  265,19980827,   54
  265,19980828,   -1
  265,19980829,    5
  265,19980830,    7
  265,19980831,    0
  265,19980901,   56
  265,19980902,   46
  265,19980903,   57
  265,19980904,   16
  265,19980905,   34
  265,19980906,   -1
  265,19980907,   17
  265,19980908,   32
  265,19980909,  124
  265,19980910,   -1
  265,19980911,   20
  265,19980912,   40
  265,19980913,  113
  265,19980914,  344
  265,19980915,   39
  265,19980916,   81
  265,19980917,   64
  265,19980918,    0
  265,19980919,   21
  265,19980920,    0
  265,19980921,    0
  265,19980922,    0
  265,19980923,    0
  265,19980924,    0
  265,19980925,   -1
  265,19980926,   -1
  265,19980927,    2
  265,19980928,   -1
  265,19980929,    3
  265,19980930,   26
  265,19981001,   -1
  265,19981002,   -1
  265,19981003,    1
  265,19981004,   44
  265,19981005,   20
  265,19981006,   23
  265,19981007,   50
  265,19981008,  151
  265,19981009,   20
  265,19981010,   52
  265,19981011,   61
  265,19981012,   64
  265,19981013,   24
  265,19981014,   56
  265,19981015,    0
  265,19981016,    0
  265,19981017,   62
  265,19981018,    1
  265,19981019,    2
  265,19981020,   19
  265,19981021,   32
  265,19981022,    2
  265,19981023,  115
  265,19981024,  234
  265,19981025,  122
  265,19981026,   60
  265,19981027,  149
  265,19981028,  138
  265,19981029,   32
  265,19981030,  116
  265,19981031,  104
  265,19981101,  140
  265,19981102,   85
  265,19981103,  292
  265,19981104,  139
  265,19981105,  105
  265,19981106,   14
  265,19981107,    0
  265,19981108,   91
  265,19981109,   76
  265,19981110,   32
  265,19981111,    2
  265,19981112,    0
  265,19981113,   63
  265,19981114,   32
  265,19981115,   36
  265,19981116,   -1
  265,19981117,    1
  265,19981118,   19
  265,19981119,    0
  265,19981120,    0
  265,19981121,    0
  265,19981122,    0
  265,19981123,    0
  265,19981124,    0
  265,19981125,    1
  265,19981126,   56
  265,19981127,   19
  265,19981128,   22
  265,19981129,   32
  265,19981130,    0
  265,19981201,    0
  265,19981202,    0
  265,19981203,   -1
  265,19981204,   30
  265,19981205,   13
  265,19981206,    1
  265,19981207,    2
  265,19981208,    6
  265,19981209,   45
  265,19981210,    0
  265,19981211,   10
  265,19981212,  116
  265,19981213,   -1
  265,19981214,   22
  265,19981215,  124
  265,19981216,    0
  265,19981217,    0
  265,19981218,   14
  265,19981219,   93
  265,19981220,    7
  265,19981221,    1
  265,19981222,    3
  265,19981223,   -1
  265,19981224,   31
  265,19981225,   89
  265,19981226,   50
  265,19981227,   41
  265,19981228,   42
  265,19981229,    0
  265,19981230,    0
  265,19981231,    0
  265,19990101,    0
  265,19990102,   66
  265,19990103,   91
  265,19990104,   47
  265,19990105,   13
  265,19990106,   -1
  265,19990107,   40
  265,19990108,   43
  265,19990109,    1
  265,19990110,    0
  265,19990111,   -1
  265,19990112,   55
  265,19990113,   70
  265,19990114,   27
  265,19990115,   35
  265,19990116,  114
  265,19990117,   -1
  265,19990118,    0
  265,19990119,   10
  265,19990120,   14
  265,19990121,    9
  265,19990122,    0
  265,19990123,    0
  265,19990124,   20
  265,19990125,   32
  265,19990126,   87
  265,19990127,   52
  265,19990128,   51
  265,19990129,    0
  265,19990130,    0
  265,19990131,    0
  265,19990201,    6
  265,19990202,   -1
  265,19990203,    3
  265,19990204,    1
  265,19990205,   58
  265,19990206,   57
  265,19990207,   46
  265,19990208,   74
  265,19990209,    7
  265,19990210,   50
  265,19990211,   -1
  265,19990212,    0
  265,19990213,    0
  265,19990214,   31
  265,19990215,    2
  265,19990216,   34
  265,19990217,   28
  265,19990218,    5
  265,19990219,   72
  265,19990220,    0
  265,19990221,   74
  265,19990222,  140
  265,19990223,   28
  265,19990224,    0
  265,19990225,   -1
  265,19990226,   10
  265,19990227,   17
  265,19990228,   12
  265,19990301,  324
  265,19990302,  174
  265,19990303,    7
  265,19990304,    1
  265,19990305,   -1
  265,19990306,   57
  265,19990307,   14
  265,19990308,   29
  265,19990309,   12
  265,19990310,    4
  265,19990311,    0
  265,19990312,    0
  265,19990313,    0
  265,19990314,    0
  265,19990315,    0
  265,19990316,    1
  265,19990317,   10
  265,19990318,   53
  265,19990319,    0
  265,19990320,   -1
  265,19990321,   59
  265,19990322,   32
  265,19990323,   36
  265,19990324,    0
  265,19990325,   -1
  265,19990326,   29
  265,19990327,    0
  265,19990328,    0
  265,19990329,    0
  265,19990330,   16
  265,19990331,    0
  265,19990401,    0
  265,19990402,    0
  265,19990403,  145
  265,19990404,    0
  265,19990405,   16
  265,19990406,   24
  265,19990407,   37
  265,19990408,    0
  265,19990409,    3
  265,19990410,   12
  265,19990411,    0
  265,19990412,  106
  265,19990413,   95
  265,19990414,   33
  265,19990415,    5
  265,19990416,   -1
  265,19990417,   31
  265,19990418,   -1
  265,19990419,    2
  265,19990420,   15
  265,19990421,   67
  265,19990422,   26
  265,19990423,    0
  265,19990424,   -1
  265,19990425,    0
  265,19990426,    0
  265,19990427,   -1
  265,19990428,    0
  265,19990429,    0
  265,19990430,    0
  265,19990501,    0
  265,19990502,    0
  265,19990503,    0
  265,19990504,    0
  265,19990505,  107
  265,19990506,   90
  265,19990507,   46
  265,19990508,   -1
  265,19990509,    0
  265,19990510,   82
  265,19990511,   14
  265,19990512,    8
  265,19990513,   16
  265,19990514,   40
  265,19990515,    8
  265,19990516,    0
  265,19990517,    0
  265,19990518,    0
  265,19990519,   -1
  265,19990520,   37
  265,19990521,    6
  265,19990522,   10
  265,19990523,    0
  265,19990524,   -1
  265,19990525,    0
  265,19990526,    0
  265,19990527,    0
  265,19990528,    0
  265,19990529,   30
  265,19990530,   29
  265,19990531,   20
  265,19990601,    0
  265,19990602,   56
  265,19990603,   12
  265,19990604,   54
  265,19990605,  160
  265,19990606,   40
  265,19990607,  202
  265,19990608,    5
  265,19990609,   -1
  265,19990610,   -1
  265,19990611,    6
  265,19990612,    0
  265,19990613,   -1
  265,19990614,   -1
  265,19990615,    0
  265,19990616,    0
  265,19990617,   -1
  265,19990618,    0
  265,19990619,    0
  265,19990620,   49
  265,19990621,   77
  265,19990622,    4
  265,19990623,    3
  265,19990624,    4
  265,19990625,    0
  265,19990626,    0
  265,19990627,   41
  265,19990628,   33
  265,19990629,   82
  265,19990630,    1
  265,19990701,   13
  265,19990702,   -1
  265,19990703,    3
  265,19990704,   87
  265,19990705,   99
  265,19990706,    0
  265,19990707,    0
  265,19990708,    0
  265,19990709,    0
  265,19990710,    0
  265,19990711,    0
  265,19990712,    0
  265,19990713,    0
  265,19990714,    8
  265,19990715,    0
  265,19990716,    0
  265,19990717,    0
  265,19990718,   -1
  265,19990719,   -1
  265,19990720,    4
  265,19990721,   28
  265,19990722,   50
  265,19990723,   -1
  265,19990724,    0
  265,19990725,    0
  265,19990726,    0
  265,19990727,    0
  265,19990728,    0
  265,19990729,    0
  265,19990730,    0
  265,19990731,    0
  265,19990801,    0
  265,19990802,    0
  265,19990803,    0
  265,19990804,    0
  265,19990805,   25
  265,19990806,    0
  265,19990807,  155
  265,19990808,    8
  265,19990809,    1
  265,19990810,  206
  265,19990811,   -1
  265,19990812,   -1
  265,19990813,    0
  265,19990814,  133
  265,19990815,   -1
  265,19990816,   25
  265,19990817,  100
  265,19990818,   21
  265,19990819,  136
  265,19990820,   37
  265,19990821,    1
  265,19990822,    0
  265,19990823,    0
  265,19990824,   -1
  265,19990825,    0
  265,19990826,   91
  265,19990827,    0
  265,19990828,    0
  265,19990829,    0
  265,19990830,    0
  265,19990831,   -1
  265,19990901,    1
  265,19990902,    0
  265,19990903,    0
  265,19990904,    0
  265,19990905,    0
  265,19990906,  116
  265,19990907,    0
  265,19990908,    0
  265,19990909,    0
  265,19990910,    0
  265,19990911,    0
  265,19990912,    0
  265,19990913,    0
  265,19990914,   -1
  265,19990915,  115
  265,19990916,   -1
  265,19990917,    0
  265,19990918,    0
  265,19990919,   -1
  265,19990920,   13
  265,19990921,    8
  265,19990922,   59
  265,19990923,   60
  265,19990924,   58
  265,19990925,   -1
  265,19990926,   18
  265,19990927,   32
  265,19990928,    7
  265,19990929,   87
  265,19990930,  126
  265,19991001,   34
  265,19991002,   25
  265,19991003,  200
  265,19991004,   76
  265,19991005,    2
  265,19991006,   -1
  265,19991007,   11
  265,19991008,   28
  265,19991009,   11
  265,19991010,   25
  265,19991011,    8
  265,19991012,    0
  265,19991013,    0
  265,19991014,    0
  265,19991015,    0
  265,19991016,    0
  265,19991017,    0
  265,19991018,    0
  265,19991019,    0
  265,19991020,    0
  265,19991021,    6
  265,19991022,   13
  265,19991023,    8
  265,19991024,    6
  265,19991025,   29
  265,19991026,   -1
  265,19991027,    0
  265,19991028,    0
  265,19991029,    0
  265,19991030,   40
  265,19991031,    0
  265,19991101,   10
  265,19991102,   -1
  265,19991103,    0
  265,19991104,    0
  265,19991105,   14
  265,19991106,  156
  265,19991107,    4
  265,19991108,   14
  265,19991109,   22
  265,19991110,    2
  265,19991111,    0
  265,19991112,    0
  265,19991113,    1
  265,19991114,    7
  265,19991115,    0
  265,19991116,   14
  265,19991117,   47
  265,19991118,   88
  265,19991119,    7
  265,19991120,   12
  265,19991121,   10
  265,19991122,   33
  265,19991123,   -1
  265,19991124,    0
  265,19991125,   45
  265,19991126,    0
  265,19991127,   49
  265,19991128,    0
  265,19991129,   -1
  265,19991130,    2
  265,19991201,   15
  265,19991202,    1
  265,19991203,   43
  265,19991204,   28
  265,19991205,   16
  265,19991206,   22
  265,19991207,  122
  265,19991208,   25
  265,19991209,   32
  265,19991210,   65
  265,19991211,  162
  265,19991212,   87
  265,19991213,  137
  265,19991214,   66
  265,19991215,   30
  265,19991216,    2
  265,19991217,   87
  265,19991218,   -1
  265,19991219,   27
  265,19991220,    1
  265,19991221,    0
  265,19991222,   27
  265,19991223,   32
  265,19991224,  160
  265,19991225,   42
  265,19991226,  148
  265,19991227,   80
  265,19991228,    8
  265,19991229,   14
  265,19991230,   35
  265,19991231,    0
  265,20000101,   10
  265,20000102,    0
  265,20000103,   57
  265,20000104,   96
  265,20000105,    0
  265,20000106,   17
  265,20000107,    0
  265,20000108,   18
  265,20000109,    0
  265,20000110,    0
  265,20000111,    0
  265,20000112,    0
  265,20000113,   -1
  265,20000114,   -1
  265,20000115,    0
  265,20000116,    5
  265,20000117,    2
  265,20000118,    9
  265,20000119,   -1
  265,20000120,    5
  265,20000121,    1
  265,20000122,   32
  265,20000123,   -1
  265,20000124,    0
  265,20000125,    0
  265,20000126,   -1
  265,20000127,   -1
  265,20000128,    1
  265,20000129,   84
  265,20000130,    1
  265,20000131,   25
  265,20000201,   10
  265,20000202,   47
  265,20000203,    0
  265,20000204,   17
  265,20000205,    0
  265,20000206,    3
  265,20000207,   55
  265,20000208,   58
  265,20000209,    1
  265,20000210,   79
  265,20000211,    0
  265,20000212,   36
  265,20000213,    0
  265,20000214,   14
  265,20000215,    7
  265,20000216,  144
  265,20000217,   19
  265,20000218,  110
  265,20000219,   15
  265,20000220,   -1
  265,20000221,    2
  265,20000222,    0
  265,20000223,    0
  265,20000224,   86
  265,20000225,   89
  265,20000226,    0
  265,20000227,    0
  265,20000228,   10
  265,20000229,   90
  265,20000301,   23
  265,20000302,  135
  265,20000303,  117
  265,20000304,   29
  265,20000305,    5
  265,20000306,    0
  265,20000307,   28
  265,20000308,   94
  265,20000309,   33
  265,20000310,    2
  265,20000311,    8
  265,20000312,    0
  265,20000313,   -1
  265,20000314,   30
  265,20000315,    2
  265,20000316,   -1
  265,20000317,    3
  265,20000318,   24
  265,20000319,   -1
  265,20000320,    0
  265,20000321,    0
  265,20000322,    0
  265,20000323,    0
  265,20000324,   31
  265,20000325,   48
  265,20000326,   46
  265,20000327,    2
  265,20000328,    1
  265,20000329,   -1
  265,20000330,   -1
  265,20000331,    0
  265,20000401,   -1
  265,20000402,    3
  265,20000403,   -1
  265,20000404,   -1
  265,20000405,   -1
  265,20000406,    0
  265,20000407,    0
  265,20000408,    0
  265,20000409,    0
  265,20000410,    0
  265,20000411,   -1
  265,20000412,   46
  265,20000413,   26
  265,20000414,    2
  265,20000415,   19
  265,20000416,   -1
  265,20000417,   48
  265,20000418,    0
  265,20000419,    0
  265,20000420,   -1
  265,20000421,    3
  265,20000422,    7
  265,20000423,   71
  265,20000424,    0
  265,20000425,    0
  265,20000426,    2
  265,20000427,    1
  265,20000428,    0
  265,20000429,    9
  265,20000430,    1
  265,20000501,    0
  265,20000502,   -1
  265,20000503,   -1
  265,20000504,    0
  265,20000505,    0
  265,20000506,    0
  265,20000507,    0
  265,20000508,   -1
  265,20000509,   15
  265,20000510,   42
  265,20000511,    0
  265,20000512,    0
  265,20000513,    0
  265,20000514,    0
  265,20000515,    0
  265,20000516,  191
  265,20000517,   17
  265,20000518,   42
  265,20000519,   47
  265,20000520,   11
  265,20000521,   56
  265,20000522,    3
  265,20000523,   46
  265,20000524,   99
  265,20000525,   55
  265,20000526,   30
  265,20000527,    2
  265,20000528,  129
  265,20000529,   44
  265,20000530,   12
  265,20000531,    0
  265,20000601,    1
  265,20000602,    0
  265,20000603,  113
  265,20000604,    1
  265,20000605,   77
  265,20000606,   41
  265,20000607,    1
  265,20000608,    0
  265,20000609,    0
  265,20000610,    0
  265,20000611,    0
  265,20000612,    0
  265,20000613,    0
  265,20000614,   40
  265,20000615,    4
  265,20000616,    0
  265,20000617,    0
  265,20000618,    0
  265,20000619,    0
  265,20000620,    0
  265,20000621,    9
  265,20000622,   29
  265,20000623,   60
  265,20000624,   98
  265,20000625,    5
  265,20000626,   -1
  265,20000627,    0
  265,20000628,    0
  265,20000629,    0
  265,20000630,    0
  265,20000701,   30
  265,20000702,   -1
  265,20000703,   39
  265,20000704,  181
  265,20000705,  112
  265,20000706,    0
  265,20000707,    0
  265,20000708,   32
  265,20000709,   73
  265,20000710,   81
  265,20000711,   22
  265,20000712,    0
  265,20000713,  126
  265,20000714,   84
  265,20000715,   91
  265,20000716,    2
  265,20000717,   12
  265,20000718,    1
  265,20000719,    3
  265,20000720,    0
  265,20000721,    0
  265,20000722,    0
  265,20000723,    0
  265,20000724,    2
  265,20000725,   41
  265,20000726,   -1
  265,20000727,   65
  265,20000728,   -1
  265,20000729,  475
  265,20000730,    0
  265,20000731,   -1
  265,20000801,   23
  265,20000802,    0
  265,20000803,   80
  265,20000804,   -1
  265,20000805,    0
  265,20000806,    0
  265,20000807,    2
  265,20000808,    4
  265,20000809,    0
  265,20000810,    7
  265,20000811,    0
  265,20000812,    0
  265,20000813,   -1
  265,20000814,    4
  265,20000815,    0
  265,20000816,    1
  265,20000817,    5
  265,20000818,    3
  265,20000819,   32
  265,20000820,  140
  265,20000821,   17
  265,20000822,    0
  265,20000823,    0
  265,20000824,    0
  265,20000825,   -1
  265,20000826,    0
  265,20000827,  135
  265,20000828,   49
  265,20000829,   22
  265,20000830,    0
  265,20000831,    0
  265,20000901,   65
  265,20000902,   60
  265,20000903,   72
  265,20000904,    2
  265,20000905,    2
  265,20000906,   54
  265,20000907,   -1
  265,20000908,    7
  265,20000909,   20
  265,20000910,    0
  265,20000911,    0
  265,20000912,    0
  265,20000913,    0
  265,20000914,    0
  265,20000915,  104
  265,20000916,    2
  265,20000917,   52
  265,20000918,    0
  265,20000919,   -1
  265,20000920,   21
  265,20000921,    6
  265,20000922,    0
  265,20000923,    0
  265,20000924,    4
  265,20000925,    6
  265,20000926,   58
  265,20000927,   21
  265,20000928,   33
  265,20000929,   -1
  265,20000930,   29
  265,20001001,   62
  265,20001002,    2
  265,20001003,   21
  265,20001004,   11
  265,20001005,   51
  265,20001006,   34
  265,20001007,    0
  265,20001008,   49
  265,20001009,   10
  265,20001010,   73
  265,20001011,   90
  265,20001012,    9
  265,20001013,    0
  265,20001014,    0
  265,20001015,    4
  265,20001016,   52
  265,20001017,    8
  265,20001018,    6
  265,20001019,   48
  265,20001020,    0
  265,20001021,   -1
  265,20001022,    0
  265,20001023,  130
  265,20001024,   -1
  265,20001025,   17
  265,20001026,   45
  265,20001027,   70
  265,20001028,   33
  265,20001029,   28
  265,20001030,  125
  265,20001031,   12
  265,20001101,   78
  265,20001102,   82
  265,20001103,    0
  265,20001104,    8
  265,20001105,    0
  265,20001106,   45
  265,20001107,   15
  265,20001108,   36
  265,20001109,  190
  265,20001110,   53
  265,20001111,    8
  265,20001112,  103
  265,20001113,   -1
  265,20001114,    0
  265,20001115,   19
  265,20001116,   42
  265,20001117,   67
  265,20001118,   27
  265,20001119,   72
  265,20001120,   52
  265,20001121,   25
  265,20001122,    3
  265,20001123,   52
  265,20001124,    2
  265,20001125,   95
  265,20001126,   29
  265,20001127,    6
  265,20001128,   65
  265,20001129,    0
  265,20001130,    0
  265,20001201,   18
  265,20001202,   25
  265,20001203,   77
  265,20001204,    6
  265,20001205,    2
  265,20001206,   27
  265,20001207,   14
  265,20001208,   13
  265,20001209,    0
  265,20001210,   75
  265,20001211,  108
  265,20001212,   70
  265,20001213,   32
  265,20001214,   32
  265,20001215,  103
  265,20001216,   75
  265,20001217,    3
  265,20001218,    0
  265,20001219,    0
  265,20001220,    0
  265,20001221,    0
  265,20001222,    0
  265,20001223,   -1
  265,20001224,   60
  265,20001225,    1
  265,20001226,    0
  265,20001227,   18
  265,20001228,   16
  265,20001229,   43
  265,20001230,  100
  265,20001231,    0
  265,20010101,   88
  265,20010102,    2
  265,20010103,   41
  265,20010104,   53
  265,20010105,  205
  265,20010106,   26
  265,20010107,    3
  265,20010108,   12
  265,20010109,    0
  265,20010110,    0
  265,20010111,    0
  265,20010112,    0
  265,20010113,    0
  265,20010114,    0
  265,20010115,    0
  265,20010116,    0
  265,20010117,    0
  265,20010118,    1
  265,20010119,    0
  265,20010120,   11
  265,20010121,   57
  265,20010122,   24
  265,20010123,   35
  265,20010124,   12
  265,20010125,   14
  265,20010126,   11
  265,20010127,   86
  265,20010128,    1
  265,20010129,   -1
  265,20010130,    0
  265,20010131,    0
  265,20010201,   -1
  265,20010202,   50
  265,20010203,   72
  265,20010204,  239
  265,20010205,   42
  265,20010206,   49
  265,20010207,   46
  265,20010208,  169
  265,20010209,    1
  265,20010210,    5
  265,20010211,    4
  265,20010212,   47
  265,20010213,    0
  265,20010214,    0
  265,20010215,    0
  265,20010216,   33
  265,20010217,    0
  265,20010218,    0
  265,20010219,   12
  265,20010220,    0
  265,20010221,   19
  265,20010222,   32
  265,20010223,   17
  265,20010224,   33
  265,20010225,   22
  265,20010226,   12
  265,20010227,    0
  265,20010228,    8
  265,20010301,   15
  265,20010302,   -1
  265,20010303,    0
  265,20010304,    0
  265,20010305,    0
  265,20010306,    0
  265,20010307,   26
  265,20010308,   16
  265,20010309,    6
  265,20010310,   55
  265,20010311,   56
  265,20010312,   23
  265,20010313,   12
  265,20010314,   -1
  265,20010315,   -1
  265,20010316,    6
  265,20010317,   81
  265,20010318,   89
  265,20010319,   38
  265,20010320,    0
  265,20010321,   53
  265,20010322,    0
  265,20010323,  152
  265,20010324,    0
  265,20010325,    0
  265,20010326,    0
  265,20010327,    0
  265,20010328,   16
  265,20010329,  117
  265,20010330,    0
  265,20010331,   -1
  265,20010401,   -1
  265,20010402,    0
  265,20010403,    0
  265,20010404,   45
  265,20010405,   94
  265,20010406,   73
  265,20010407,   10
  265,20010408,   20
  265,20010409,   -1
  265,20010410,    2
  265,20010411,    5
  265,20010412,    9
  265,20010413,   -1
  265,20010414,   73
  265,20010415,   57
  265,20010416,   43
  265,20010417,    3
  265,20010418,   60
  265,20010419,   53
  265,20010420,   27
  265,20010421,    0
  265,20010422,    0
  265,20010423,    0
  265,20010424,    4
  265,20010425,   84
  265,20010426,   55
  265,20010427,   11
  265,20010428,   19
  265,20010429,    6
  265,20010430,   39
  265,20010501,    0
  265,20010502,    0
  265,20010503,   52
  265,20010504,   23
  265,20010505,    0
  265,20010506,    0
  265,20010507,    0
  265,20010508,    0
  265,20010509,    0
  265,20010510,    0
  265,20010511,    0
  265,20010512,    0
  265,20010513,    0
  265,20010514,  104
  265,20010515,   17
  265,20010516,   67
  265,20010517,   37
  265,20010518,    8
  265,20010519,    0
  265,20010520,    0
  265,20010521,    0
  265,20010522,    0
  265,20010523,    0
  265,20010524,    0
  265,20010525,    0
  265,20010526,    0
  265,20010527,   -1
  265,20010528,    8
  265,20010529,    0
  265,20010530,    0
  265,20010531,   11
  265,20010601,   23
  265,20010602,  188
  265,20010603,   21
  265,20010604,   -1
  265,20010605,    0
  265,20010606,   24
  265,20010607,   28
  265,20010608,    0
  265,20010609,    0
  265,20010610,   -1
  265,20010611,    6
  265,20010612,    0
  265,20010613,    0
  265,20010614,    0
  265,20010615,  121
  265,20010616,   57
  265,20010617,  104
  265,20010618,   -1
  265,20010619,    0
  265,20010620,    0
  265,20010621,    0
  265,20010622,   -1
  265,20010623,    0
  265,20010624,    0
  265,20010625,    0
  265,20010626,    0
  265,20010627,    6
  265,20010628,    3
  265,20010629,   -1
  265,20010630,   13
  265,20010701,    0
  265,20010702,    0
  265,20010703,    0
  265,20010704,    0
  265,20010705,    0
  265,20010706,    0
  265,20010707,  196
  265,20010708,   87
  265,20010709,    1
  265,20010710,   56
  265,20010711,   61
  265,20010712,   42
  265,20010713,   81
  265,20010714,   59
  265,20010715,   25
  265,20010716,    0
  265,20010717,   12
  265,20010718,  179
  265,20010719,   80
  265,20010720,    2
  265,20010721,   35
  265,20010722,    2
  265,20010723,   35
  265,20010724,    0
  265,20010725,    0
  265,20010726,    0
  267,19960726,    0
  267,19960727,   29
  267,19960728,    0
  267,19960729,   -1
  267,19960730,    0
  267,19960731,    2
  267,19960801,    0
  267,19960802,    0
  267,19960803,    0
  267,19960804,    0
  267,19960805,    0
  267,19960806,   44
  267,19960807,    1
  267,19960808,    0
  267,19960809,    0
  267,19960810,   13
  267,19960811,  158
  267,19960812,   62
  267,19960813,   -1
  267,19960814,   -1
  267,19960815,   -1
  267,19960816,    0
  267,19960817,    0
  267,19960818,    0
  267,19960819,    0
  267,19960820,    0
  267,19960821,   47
  267,19960822,    0
  267,19960823,    1
  267,19960824,   60
  267,19960825,  180
  267,19960826,   27
  267,19960827,   18
  267,19960828,   53
  267,19960829,   20
  267,19960830,   78
  267,19960831,   -1
  267,19960901,   16
  267,19960902,    0
  267,19960903,   -1
  267,19960904,    8
  267,19960905,    0
  267,19960906,   -1
  267,19960907,    0
  267,19960908,   -1
  267,19960909,   -1
  267,19960910,   12
  267,19960911,   61
  267,19960912,   79
  267,19960913,   21
  267,19960914,   27
  267,19960915,    9
  267,19960916,    0
  267,19960917,    0
  267,19960918,    0
  267,19960919,    0
  267,19960920,    0
  267,19960921,   -1
  267,19960922,   25
  267,19960923,    5
  267,19960924,    0
  267,19960925,    0
  267,19960926,   35
  267,19960927,  122
  267,19960928,    2
  267,19960929,  104
  267,19960930,   29
  267,19961001,   45
  267,19961002,    0
  267,19961003,    7
  267,19961004,   29
  267,19961005,   16
  267,19961006,    0
  267,19961007,    0
  267,19961008,    0
  267,19961009,    7
  267,19961010,   -1
  267,19961011,    0
  267,19961012,    0
  267,19961013,    0
  267,19961014,    0
  267,19961015,   -1
  267,19961016,    0
  267,19961017,    0
  267,19961018,   12
  267,19961019,   15
  267,19961020,   97
  267,19961021,   26
  267,19961022,    0
  267,19961023,    0
  267,19961024,    0
  267,19961025,    4
  267,19961026,    2
  267,19961027,   90
  267,19961028,    8
  267,19961029,   89
  267,19961030,    2
  267,19961031,   41
  267,19961101,    4
  267,19961102,    6
  267,19961103,    4
  267,19961104,   91
  267,19961105,   79
  267,19961106,   58
  267,19961107,   25
  267,19961108,    5
  267,19961109,   18
  267,19961110,  128
  267,19961111,   83
  267,19961112,   59
  267,19961113,   11
  267,19961114,    4
  267,19961115,    0
  267,19961116,    0
  267,19961117,   -1
  267,19961118,   40
  267,19961119,   51
  267,19961120,   94
  267,19961121,   64
  267,19961122,   69
  267,19961123,   57
  267,19961124,    2
  267,19961125,  107
  267,19961126,    1
  267,19961127,   -1
  267,19961128,   -1
  267,19961129,  124
  267,19961130,   74
  267,19961201,   18
  267,19961202,   21
  267,19961203,   43
  267,19961204,   -1
  267,19961205,    0
  267,19961206,   -1
  267,19961207,    1
  267,19961208,    0
  267,19961209,    0
  267,19961210,    0
  267,19961211,   -1
  267,19961212,    4
  267,19961213,   23
  267,19961214,    2
  267,19961215,    0
  267,19961216,   -1
  267,19961217,    0
  267,19961218,    3
  267,19961219,  279
  267,19961220,   -1
  267,19961221,    0
  267,19961222,    0
  267,19961223,    0
  267,19961224,    0
  267,19961225,    0
  267,19961226,    0
  267,19961227,    0
  267,19961228,    0
  267,19961229,   15
  267,19961230,    1
  267,19961231,    0
  267,19970101,    0
  267,19970102,    0
  267,19970103,    0
  267,19970104,    0
  267,19970105,    0
  267,19970106,   -1
  267,19970107,    0
  267,19970108,    0
  267,19970109,    0
  267,19970110,    0
  267,19970111,    0
  267,19970112,   -1
  267,19970113,    0
  267,19970114,    0
  267,19970115,    0
  267,19970116,    0
  267,19970117,   -1
  267,19970118,   -1
  267,19970119,   57
  267,19970120,    4
  267,19970121,    0
  267,19970122,    0
  267,19970123,    4
  267,19970124,   -1
  267,19970125,    0
  267,19970126,    0
  267,19970127,    1
  267,19970128,    0
  267,19970129,    0
  267,19970130,    0
  267,19970131,    1
  267,19970201,    0
  267,19970202,    7
  267,19970203,    0
  267,19970204,   54
  267,19970205,    0
  267,19970206,    0
  267,19970207,   14
  267,19970208,    0
  267,19970209,   11
  267,19970210,   53
  267,19970211,    8
  267,19970212,  100
  267,19970213,   71
  267,19970214,    0
  267,19970215,    0
  267,19970216,    2
  267,19970217,   19
  267,19970218,  108
  267,19970219,   53
  267,19970220,    1
  267,19970221,   -1
  267,19970222,    0
  267,19970223,    0
  267,19970224,   65
  267,19970225,   25
  267,19970226,   43
  267,19970227,    0
  267,19970228,   20
  267,19970301,   -1
  267,19970302,    4
  267,19970303,    0
  267,19970304,    0
  267,19970305,    0
  267,19970306,   20
  267,19970307,    0
  267,19970308,    0
  267,19970309,    0
  267,19970310,    0
  267,19970311,    0
  267,19970312,    0
  267,19970313,   -1
  267,19970314,    8
  267,19970315,    3
  267,19970316,   36
  267,19970317,    0
  267,19970318,   43
  267,19970319,   57
  267,19970320,   -1
  267,19970321,    7
  267,19970322,   -1
  267,19970323,   31
  267,19970324,    5
  267,19970325,    2
  267,19970326,   26
  267,19970327,   -1
  267,19970328,    5
  267,19970329,    1
  267,19970330,   -1
  267,19970331,    0
  267,19970401,    0
  267,19970402,    0
  267,19970403,   -1
  267,19970404,   -1
  267,19970405,   70
  267,19970406,   -1
  267,19970407,    0
  267,19970408,    0
  267,19970409,    0
  267,19970410,    0
  267,19970411,   -1
  267,19970412,    4
  267,19970413,   -1
  267,19970414,   -1
  267,19970415,    1
  267,19970416,    2
  267,19970417,    0
  267,19970418,   -1
  267,19970419,   -1
  267,19970420,   -1
  267,19970421,    1
  267,19970422,    7
  267,19970423,    0
  267,19970424,    0
  267,19970425,   14
  267,19970426,   -1
  267,19970427,    1
  267,19970428,  135
  267,19970429,   35
  267,19970430,    0
  267,19970501,    0
  267,19970502,    0
  267,19970503,    0
  267,19970504,   38
  267,19970505,   17
  267,19970506,   34
  267,19970507,    9
  267,19970508,   35
  267,19970509,   54
  267,19970510,   84
  267,19970511,   54
  267,19970512,   47
  267,19970513,    0
  267,19970514,   33
  267,19970515,   -1
  267,19970516,    0
  267,19970517,   64
  267,19970518,   12
  267,19970519,   53
  267,19970520,  167
  267,19970521,   15
  267,19970522,    6
  267,19970523,    0
  267,19970524,    0
  267,19970525,    0
  267,19970526,   -1
  267,19970527,   -1
  267,19970528,   -1
  267,19970529,   -1
  267,19970530,    0
  267,19970531,    0
  267,19970601,    0
  267,19970602,    0
  267,19970603,   -1
  267,19970604,    0
  267,19970605,    0
  267,19970606,    0
  267,19970607,   28
  267,19970608,  105
  267,19970609,    0
  267,19970610,    0
  267,19970611,   47
  267,19970612,   -1
  267,19970613,   84
  267,19970614,    1
  267,19970615,    8
  267,19970616,    0
  267,19970617,    0
  267,19970618,    0
  267,19970619,   -1
  267,19970620,   66
  267,19970621,   37
  267,19970622,   12
  267,19970623,   57
  267,19970624,    1
  267,19970625,    7
  267,19970626,   65
  267,19970627,  219
  267,19970628,   11
  267,19970629,   94
  267,19970630,    2
  267,19970701,    2
  267,19970702,   11
  267,19970703,   20
  267,19970704,   -1
  267,19970705,    0
  267,19970706,   -1
  267,19970707,    0
  267,19970708,    0
  267,19970709,    0
  267,19970710,    0
  267,19970711,    0
  267,19970712,    0
  267,19970713,    0
  267,19970714,    0
  267,19970715,   -1
  267,19970716,    1
  267,19970717,   43
  267,19970718,   77
  267,19970719,    0
  267,19970720,   -1
  267,19970721,   55
  267,19970722,   20
  267,19970723,    0
  267,19970724,   -1
  267,19970725,  121
  267,19970726,   14
  267,19970727,    4
  267,19970728,    0
  267,19970729,    0
  267,19970730,   -1
  267,19970731,   31
  267,19970801,   36
  267,19970802,   11
  267,19970803,    0
  267,19970804,    0
  267,19970805,    0
  267,19970806,    0
  267,19970807,    0
  267,19970808,    0
  267,19970809,    0
  267,19970810,    0
  267,19970811,    0
  267,19970812,    0
  267,19970813,    0
  267,19970814,    0
  267,19970815,    0
  267,19970816,    0
  267,19970817,    0
  267,19970818,    0
  267,19970819,    7
  267,19970820,    0
  267,19970821,    0
  267,19970822,   36
  267,19970823,    1
  267,19970824,    1
  267,19970825,   63
  267,19970826,   21
  267,19970827,   19
  267,19970828,   59
  267,19970829,   70
  267,19970830,   11
  267,19970831,    0
  267,19970901,   53
  267,19970902,   77
  267,19970903,   -1
  267,19970904,    8
  267,19970905,   17
  267,19970906,   52
  267,19970907,   21
  267,19970908,    0
  267,19970909,    1
  267,19970910,   -1
  267,19970911,    0
  267,19970912,   80
  267,19970913,   46
  267,19970914,   -1
  267,19970915,    0
  267,19970916,    0
  267,19970917,    0
  267,19970918,    0
  267,19970919,    0
  267,19970920,    0
  267,19970921,    0
  267,19970922,    0
  267,19970923,    0
  267,19970924,    0
  267,19970925,    0
  267,19970926,    0
  267,19970927,    0
  267,19970928,    0
  267,19970929,    7
  267,19970930,   42
  267,19971001,    6
  267,19971002,    2
  267,19971003,    5
  267,19971004,   -1
  267,19971005,    0
  267,19971006,    0
  267,19971007,  104
  267,19971008,  143
  267,19971009,   19
  267,19971010,   95
  267,19971011,    5
  267,19971012,   17
  267,19971013,   84
  267,19971014,   47
  267,19971015,   21
  267,19971016,    9
  267,19971017,   -1
  267,19971018,    0
  267,19971019,    0
  267,19971020,    0
  267,19971021,    0
  267,19971022,    0
  267,19971023,   10
  267,19971024,    2
  267,19971025,    9
  267,19971026,    6
  267,19971027,    0
  267,19971028,    0
  267,19971029,    0
  267,19971030,    0
  267,19971031,    0
  267,19971101,    0
  267,19971102,    2
  267,19971103,    0
  267,19971104,    1
  267,19971105,   20
  267,19971106,    8
  267,19971107,   53
  267,19971108,   15
  267,19971109,   10
  267,19971110,    8
  267,19971111,    1
  267,19971112,    0
  267,19971113,    0
  267,19971114,   -1
  267,19971115,   55
  267,19971116,    3
  267,19971117,    0
  267,19971118,    0
  267,19971119,    0
  267,19971120,    9
  267,19971121,    2
  267,19971122,    0
  267,19971123,    0
  267,19971124,    0
  267,19971125,    0
  267,19971126,    0
  267,19971127,   71
  267,19971128,   32
  267,19971129,   19
  267,19971130,   11
  267,19971201,   -1
  267,19971202,    0
  267,19971203,    2
  267,19971204,    1
  267,19971205,   -1
  267,19971206,  150
  267,19971207,    0
  267,19971208,    5
  267,19971209,   58
  267,19971210,  105
  267,19971211,   67
  267,19971212,   43
  267,19971213,   -1
  267,19971214,   10
  267,19971215,    0
  267,19971216,    0
  267,19971217,    0
  267,19971218,    2
  267,19971219,   25
  267,19971220,    0
  267,19971221,    2
  267,19971222,    0
  267,19971223,   -1
  267,19971224,   86
  267,19971225,   45
  267,19971226,   16
  267,19971227,    6
  267,19971228,   47
  267,19971229,    8
  267,19971230,   -1
  267,19971231,   14
  267,19980101,    5
  267,19980102,   83
  267,19980103,  112
  267,19980104,   62
  267,19980105,  120
  267,19980106,   16
  267,19980107,   40
  267,19980108,   55
  267,19980109,    0
  267,19980110,    0
  267,19980111,    0
  267,19980112,    0
  267,19980113,   -1
  267,19980114,   11
  267,19980115,   84
  267,19980116,   12
  267,19980117,    4
  267,19980118,  143
  267,19980119,  195
  267,19980120,   21
  267,19980121,    0
  267,19980122,    0
  267,19980123,    1
  267,19980124,    1
  267,19980125,    0
  267,19980126,    0
  267,19980127,   -1
  267,19980128,   15
  267,19980129,   -1
  267,19980130,   22
  267,19980131,    0
  267,19980201,    0
  267,19980202,   29
  267,19980203,    2
  267,19980204,   -1
  267,19980205,    0
  267,19980206,    0
  267,19980207,   18
  267,19980208,    0
  267,19980209,    0
  267,19980210,    0
  267,19980211,    0
  267,19980212,   -1
  267,19980213,    0
  267,19980214,   -1
  267,19980215,   -1
  267,19980216,    9
  267,19980217,   -1
  267,19980218,    0
  267,19980219,    0
  267,19980220,    0
  267,19980221,   64
  267,19980222,    5
  267,19980223,    2
  267,19980224,    0
  267,19980225,    0
  267,19980226,    0
  267,19980227,    5
  267,19980228,   64
  267,19980301,   30
  267,19980302,   21
  267,19980303,  189
  267,19980304,   39
  267,19980305,   44
  267,19980306,  138
  267,19980307,   77
  267,19980308,   21
  267,19980309,    4
  267,19980310,    4
  267,19980311,   95
  267,19980312,    2
  267,19980313,   14
  267,19980314,   11
  267,19980315,   10
  267,19980316,    0
  267,19980317,    0
  267,19980318,    0
  267,19980319,    1
  267,19980320,    3
  267,19980321,    0
  267,19980322,    9
  267,19980323,    0
  267,19980324,    0
  267,19980325,    0
  267,19980326,   46
  267,19980327,    0
  267,19980328,   -1
  267,19980329,    0
  267,19980330,    0
  267,19980331,    0
  267,19980401,   28
  267,19980402,   32
  267,19980403,  154
  267,19980404,   62
  267,19980405,   14
  267,19980406,   31
  267,19980407,    1
  267,19980408,   20
  267,19980409,   27
  267,19980410,   38
  267,19980411,    1
  267,19980412,    1
  267,19980413,   88
  267,19980414,   30
  267,19980415,   93
  267,19980416,   21
  267,19980417,   -1
  267,19980418,    7
  267,19980419,    0
  267,19980420,   57
  267,19980421,   -1
  267,19980422,    0
  267,19980423,    2
  267,19980424,   25
  267,19980425,   48
  267,19980426,    0
  267,19980427,   16
  267,19980428,    5
  267,19980429,    0
  267,19980430,    4
  267,19980501,    0
  267,19980502,   20
  267,19980503,    0
  267,19980504,    0
  267,19980505,    3
  267,19980506,   21
  267,19980507,   -1
  267,19980508,    0
  267,19980509,    0
  267,19980510,    0
  267,19980511,    0
  267,19980512,    0
  267,19980513,    0
  267,19980514,    0
  267,19980515,    0
  267,19980516,    0
  267,19980517,    0
  267,19980518,    0
  267,19980519,    0
  267,19980520,   -1
  267,19980521,   16
  267,19980522,   -1
  267,19980523,   36
  267,19980524,   17
  267,19980525,   -1
  267,19980526,   25
  267,19980527,   -1
  267,19980528,   53
  267,19980529,   68
  267,19980530,   10
  267,19980531,    0
  267,19980601,    0
  267,19980602,   63
  267,19980603,   -1
  267,19980604,    4
  267,19980605,   14
  267,19980606,   72
  267,19980607,   13
  267,19980608,   14
  267,19980609,   97
  267,19980610,    1
  267,19980611,   42
  267,19980612,  102
  267,19980613,    0
  267,19980614,   15
  267,19980615,   10
  267,19980616,   12
  267,19980617,    2
  267,19980618,   45
  267,19980619,   23
  267,19980620,   -1
  267,19980621,    9
  267,19980622,   12
  267,19980623,   17
  267,19980624,   -1
  267,19980625,  130
  267,19980626,    0
  267,19980627,  104
  267,19980628,   38
  267,19980629,    6
  267,19980630,   71
  267,19980701,    3
  267,19980702,    4
  267,19980703,   -1
  267,19980704,    0
  267,19980705,   45
  267,19980706,   -1
  267,19980707,   32
  267,19980708,    2
  267,19980709,   16
  267,19980710,    6
  267,19980711,   16
  267,19980712,   28
  267,19980713,    6
  267,19980714,   32
  267,19980715,   37
  267,19980716,   70
  267,19980717,   41
  267,19980718,    5
  267,19980719,    0
  267,19980720,   12
  267,19980721,    3
  267,19980722,    0
  267,19980723,    3
  267,19980724,   -1
  267,19980725,    0
  267,19980726,    0
  267,19980727,   14
  267,19980728,  114
  267,19980729,   81
  267,19980730,   23
  267,19980731,   49
  267,19980801,    0
  267,19980802,    0
  267,19980803,    8
  267,19980804,   26
  267,19980805,   -1
  267,19980806,    0
  267,19980807,    0
  267,19980808,    0
  267,19980809,    0
  267,19980810,    0
  267,19980811,    0
  267,19980812,    0
  267,19980813,   10
  267,19980814,    1
  267,19980815,   -1
  267,19980816,    0
  267,19980817,    4
  267,19980818,    1
  267,19980819,    0
  267,19980820,    0
  267,19980821,  115
  267,19980822,   27
  267,19980823,  646
  267,19980824,   13
  267,19980825,   -1
  267,19980826,  155
  267,19980827,    3
  267,19980828,    9
  267,19980829,    3
  267,19980830,   -1
  267,19980831,    0
  267,19980901,   11
  267,19980902,   28
  267,19980903,  112
  267,19980904,    0
  267,19980905,   24
  267,19980906,    0
  267,19980907,    4
  267,19980908,   28
  267,19980909,  184
  267,19980910,    9
  267,19980911,   -1
  267,19980912,   19
  267,19980913,   -1
  267,19980914,  405
  267,19980915,  116
  267,19980916,  142
  267,19980917,   36
  267,19980918,    4
  267,19980919,   11
  267,19980920,    0
  267,19980921,    0
  267,19980922,    0
  267,19980923,    0
  267,19980924,    0
  267,19980925,    5
  267,19980926,   -1
  267,19980927,    5
  267,19980928,    0
  267,19980929,    0
  267,19980930,   60
  267,19981001,   56
  267,19981002,    0
  267,19981003,    1
  267,19981004,    1
  267,19981005,    0
  267,19981006,    3
  267,19981007,   18
  267,19981008,  265
  267,19981009,   34
  267,19981010,   31
  267,19981011,   50
  267,19981012,  151
  267,19981013,   13
  267,19981014,   27
  267,19981015,    5
  267,19981016,    1
  267,19981017,   96
  267,19981018,    6
  267,19981019,   16
  267,19981020,   52
  267,19981021,   14
  267,19981022,   -1
  267,19981023,  107
  267,19981024,  154
  267,19981025,  148
  267,19981026,   68
  267,19981027,  178
  267,19981028,  172
  267,19981029,   26
  267,19981030,   86
  267,19981031,   31
  267,19981101,   43
  267,19981102,   82
  267,19981103,   32
  267,19981104,    2
  267,19981105,   22
  267,19981106,    1
  267,19981107,    0
  267,19981108,   52
  267,19981109,  122
  267,19981110,   44
  267,19981111,   -1
  267,19981112,    0
  267,19981113,   72
  267,19981114,    1
  267,19981115,    6
  267,19981116,    5
  267,19981117,    0
  267,19981118,   19
  267,19981119,    0
  267,19981120,    0
  267,19981121,    0
  267,19981122,    0
  267,19981123,    0
  267,19981124,    0
  267,19981125,    5
  267,19981126,   60
  267,19981127,    7
  267,19981128,   40
  267,19981129,   16
  267,19981130,    0
  267,19981201,    0
  267,19981202,    0
  267,19981203,   -1
  267,19981204,   49
  267,19981205,   48
  267,19981206,    2
  267,19981207,    0
  267,19981208,    6
  267,19981209,   59
  267,19981210,    0
  267,19981211,   -1
  267,19981212,   87
  267,19981213,   33
  267,19981214,   11
  267,19981215,  181
  267,19981216,    0
  267,19981217,    0
  267,19981218,   14
  267,19981219,   56
  267,19981220,    5
  267,19981221,   15
  267,19981222,    9
  267,19981223,    2
  267,19981224,   52
  267,19981225,  118
  267,19981226,   39
  267,19981227,   30
  267,19981228,   13
  267,19981229,    0
  267,19981230,    0
  267,19981231,    0
  267,19990101,    0
  267,19990102,   52
  267,19990103,   75
  267,19990104,   46
  267,19990105,    7
  267,19990106,    2
  267,19990107,   45
  267,19990108,   84
  267,19990109,   -1
  267,19990110,    0
  267,19990111,    1
  267,19990112,   27
  267,19990113,   27
  267,19990114,   44
  267,19990115,   64
  267,19990116,   70
  267,19990117,    0
  267,19990118,    0
  267,19990119,   25
  267,19990120,   17
  267,19990121,    6
  267,19990122,    0
  267,19990123,    0
  267,19990124,   33
  267,19990125,   29
  267,19990126,  115
  267,19990127,   56
  267,19990128,   55
  267,19990129,    0
  267,19990130,    0
  267,19990131,    0
  267,19990201,   -1
  267,19990202,    0
  267,19990203,    5
  267,19990204,   -1
  267,19990205,   27
  267,19990206,   38
  267,19990207,   53
  267,19990208,   12
  267,19990209,   25
  267,19990210,   27
  267,19990211,    0
  267,19990212,    0
  267,19990213,    0
  267,19990214,    6
  267,19990215,    5
  267,19990216,   46
  267,19990217,   42
  267,19990218,    1
  267,19990219,   45
  267,19990220,    0
  267,19990221,   34
  267,19990222,   64
  267,19990223,   26
  267,19990224,    3
  267,19990225,    2
  267,19990226,   10
  267,19990227,   30
  267,19990228,    8
  267,19990301,  167
  267,19990302,  110
  267,19990303,    1
  267,19990304,    2
  267,19990305,   20
  267,19990306,    3
  267,19990307,    2
  267,19990308,   20
  267,19990309,   13
  267,19990310,    4
  267,19990311,    0
  267,19990312,    0
  267,19990313,    0
  267,19990314,    0
  267,19990315,    0
  267,19990316,   26
  267,19990317,   41
  267,19990318,   75
  267,19990319,    8
  267,19990320,    2
  267,19990321,   32
  267,19990322,   14
  267,19990323,   44
  267,19990324,    2
  267,19990325,    0
  267,19990326,   58
  267,19990327,    0
  267,19990328,    0
  267,19990329,    0
  267,19990330,   41
  267,19990331,    1
  267,19990401,    0
  267,19990402,    0
  267,19990403,   93
  267,19990404,   35
  267,19990405,    0
  267,19990406,   18
  267,19990407,   16
  267,19990408,    0
  267,19990409,    5
  267,19990410,    8
  267,19990411,   -1
  267,19990412,   72
  267,19990413,   62
  267,19990414,   35
  267,19990415,    0
  267,19990416,   -1
  267,19990417,   10
  267,19990418,    0
  267,19990419,    0
  267,19990420,   20
  267,19990421,   48
  267,19990422,    5
  267,19990423,   -1
  267,19990424,   -1
  267,19990425,    0
  267,19990426,    0
  267,19990427,    0
  267,19990428,    0
  267,19990429,    0
  267,19990430,    0
  267,19990501,    0
  267,19990502,    0
  267,19990503,    0
  267,19990504,    0
  267,19990505,    1
  267,19990506,   63
  267,19990507,   87
  267,19990508,   43
  267,19990509,    0
  267,19990510,   19
  267,19990511,   12
  267,19990512,    1
  267,19990513,   -1
  267,19990514,    3
  267,19990515,   -1
  267,19990516,   -1
  267,19990517,    0
  267,19990518,    0
  267,19990519,    0
  267,19990520,    3
  267,19990521,   11
  267,19990522,   -1
  267,19990523,    0
  267,19990524,    4
  267,19990525,    0
  267,19990526,    0
  267,19990527,    0
  267,19990528,   -1
  267,19990529,    6
  267,19990530,    3
  267,19990531,    0
  267,19990601,    0
  267,19990602,   78
  267,19990603,   23
  267,19990604,   70
  267,19990605,   39
  267,19990606,   48
  267,19990607,   82
  267,19990608,    3
  267,19990609,   88
  267,19990610,   13
  267,19990611,   35
  267,19990612,    0
  267,19990613,    0
  267,19990614,    0
  267,19990615,    0
  267,19990616,    0
  267,19990617,    0
  267,19990618,    0
  267,19990619,    0
  267,19990620,   64
  267,19990621,   -1
  267,19990622,    1
  267,19990623,    1
  267,19990624,    0
  267,19990625,    0
  267,19990626,    0
  267,19990627,   37
  267,19990628,   47
  267,19990629,   75
  267,19990630,    7
  267,19990701,   25
  267,19990702,   -1
  267,19990703,   17
  267,19990704,   26
  267,19990705,   24
  267,19990706,    0
  267,19990707,    0
  267,19990708,    0
  267,19990709,    0
  267,19990710,    0
  267,19990711,    0
  267,19990712,    0
  267,19990713,   -1
  267,19990714,   24
  267,19990715,    0
  267,19990716,    0
  267,19990717,    0
  267,19990718,    0
  267,19990719,    5
  267,19990720,    6
  267,19990721,   23
  267,19990722,   67
  267,19990723,   -1
  267,19990724,    0
  267,19990725,    0
  267,19990726,    0
  267,19990727,    0
  267,19990728,    0
  267,19990729,    0
  267,19990730,    0
  267,19990731,    0
  267,19990801,    0
  267,19990802,    0
  267,19990803,    0
  267,19990804,    0
  267,19990805,  166
  267,19990806,    0
  267,19990807,   85
  267,19990808,   14
  267,19990809,   96
  267,19990810,   27
  267,19990811,   10
  267,19990812,    0
  267,19990813,    7
  267,19990814,   69
  267,19990815,    6
  267,19990816,   -1
  267,19990817,   42
  267,19990818,  114
  267,19990819,  119
  267,19990820,  198
  267,19990821,    0
  267,19990822,    0
  267,19990823,    0
  267,19990824,    0
  267,19990825,   -1
  267,19990826,   89
  267,19990827,    0
  267,19990828,    0
  267,19990829,    0
  267,19990830,    2
  267,19990831,   -1
  267,19990901,     
  267,19990902,     
  267,19990903,     
  267,19990904,     
  267,19990905,     
  267,19990906,     
  267,19990907,     
  267,19990908,     
  267,19990909,     
  267,19990910,     
  267,19990911,     
  267,19990912,     
  267,19990913,     
  267,19990914,     
  267,19990915,     
  267,19990916,     
  267,19990917,     
  267,19990918,     
  267,19990919,     
  267,19990920,     
  267,19990921,     
  267,19990922,     
  267,19990923,     
  267,19990924,     
  267,19990925,     
  267,19990926,     
  267,19990927,     
  267,19990928,     
  267,19990929,     
  267,19990930,     
  267,19991001,     
  267,19991002,     
  267,19991003,     
  267,19991004,     
  267,19991005,     
  267,19991006,     
  267,19991007,     
  267,19991008,     
  267,19991009,     
  267,19991010,     
  267,19991011,     
  267,19991012,     
  267,19991013,     
  267,19991014,     
  267,19991015,     
  267,19991016,     
  267,19991017,     
  267,19991018,     
  267,19991019,     
  267,19991020,     
  267,19991021,     
  267,19991022,     
  267,19991023,     
  267,19991024,     
  267,19991025,     
  267,19991026,     
  267,19991027,     
  267,19991028,     
  267,19991029,     
  267,19991030,     
  267,19991031,     
  267,19991101,     
  267,19991102,     
  267,19991103,     
  267,19991104,     
  267,19991105,     
  267,19991106,     
  267,19991107,     
  267,19991108,     
  267,19991109,     
  267,19991110,     
  267,19991111,     
  267,19991112,     
  267,19991113,     
  267,19991114,     
  267,19991115,     
  267,19991116,     
  267,19991117,     
  267,19991118,     
  267,19991119,     
  267,19991120,     
  267,19991121,     
  267,19991122,     
  267,19991123,     
  267,19991124,     
  267,19991125,     
  267,19991126,     
  267,19991127,     
  267,19991128,     
  267,19991129,     
  267,19991130,     
  267,19991201,     
  267,19991202,     
  267,19991203,     
  267,19991204,     
  267,19991205,     
  267,19991206,     
  267,19991207,     
  267,19991208,     
  267,19991209,     
  267,19991210,     
  267,19991211,     
  267,19991212,     
  267,19991213,     
  267,19991214,     
  267,19991215,     
  267,19991216,     
  267,19991217,     
  267,19991218,     
  267,19991219,     
  267,19991220,     
  267,19991221,     
  267,19991222,     
  267,19991223,     
  267,19991224,  136
  267,19991225,  107
  267,19991226,   60
  267,19991227,    1
  267,19991228,    0
  267,19991229,   43
  267,19991230,    3
  267,19991231,    0
  267,20000101,   16
  267,20000102,   -1
  267,20000103,  200
  267,20000104,   20
  267,20000105,    0
  267,20000106,   17
  267,20000107,    0
  267,20000108,   22
  267,20000109,    0
  267,20000110,    0
  267,20000111,   -1
  267,20000112,    0
  267,20000113,   -1
  267,20000114,   -1
  267,20000115,   -1
  267,20000116,    3
  267,20000117,   -1
  267,20000118,   -1
  267,20000119,    2
  267,20000120,    7
  267,20000121,    4
  267,20000122,   37
  267,20000123,    6
  267,20000124,    0
  267,20000125,   -1
  267,20000126,   -1
  267,20000127,   -1
  267,20000128,   30
  267,20000129,  114
  267,20000130,   39
  267,20000131,    8
  267,20000201,   26
  267,20000202,   35
  267,20000203,    0
  267,20000204,   25
  267,20000205,    0
  267,20000206,    4
  267,20000207,   76
  267,20000208,   65
  267,20000209,   -1
  267,20000210,   79
  267,20000211,    0
  267,20000212,   42
  267,20000213,    0
  267,20000214,   15
  267,20000215,    3
  267,20000216,  108
  267,20000217,   99
  267,20000218,   80
  267,20000219,    3
  267,20000220,    2
  267,20000221,    5
  267,20000222,    7
  267,20000223,   -1
  267,20000224,   68
  267,20000225,   40
  267,20000226,    0
  267,20000227,    0
  267,20000228,   47
  267,20000229,   46
  267,20000301,   21
  267,20000302,  159
  267,20000303,   99
  267,20000304,   51
  267,20000305,   12
  267,20000306,    0
  267,20000307,   10
  267,20000308,   50
  267,20000309,   70
  267,20000310,   12
  267,20000311,   -1
  267,20000312,   -1
  267,20000313,   -1
  267,20000314,   29
  267,20000315,   32
  267,20000316,   -1
  267,20000317,   -1
  267,20000318,   21
  267,20000319,    0
  267,20000320,    0
  267,20000321,    0
  267,20000322,    0
  267,20000323,    0
  267,20000324,   88
  267,20000325,    1
  267,20000326,   48
  267,20000327,    1
  267,20000328,   -1
  267,20000329,    0
  267,20000330,    0
  267,20000331,   -1
  267,20000401,    2
  267,20000402,   13
  267,20000403,    9
  267,20000404,    7
  267,20000405,   -1
  267,20000406,    0
  267,20000407,    0
  267,20000408,   -1
  267,20000409,    0
  267,20000410,    0
  267,20000411,   -1
  267,20000412,   42
  267,20000413,   51
  267,20000414,   -1
  267,20000415,   33
  267,20000416,   20
  267,20000417,   50
  267,20000418,    0
  267,20000419,    0
  267,20000420,   -1
  267,20000421,    4
  267,20000422,   21
  267,20000423,   36
  267,20000424,    6
  267,20000425,   -1
  267,20000426,    1
  267,20000427,   -1
  267,20000428,    0
  267,20000429,   72
  267,20000430,   44
  267,20000501,    0
  267,20000502,    0
  267,20000503,   -1
  267,20000504,    0
  267,20000505,    0
  267,20000506,    0
  267,20000507,   -1
  267,20000508,    0
  267,20000509,    0
  267,20000510,   -1
  267,20000511,    0
  267,20000512,    0
  267,20000513,    0
  267,20000514,    0
  267,20000515,    0
  267,20000516,  104
  267,20000517,   13
  267,20000518,   22
  267,20000519,   57
  267,20000520,   48
  267,20000521,   76
  267,20000522,   21
  267,20000523,   23
  267,20000524,   56
  267,20000525,   57
  267,20000526,   36
  267,20000527,   28
  267,20000528,  249
  267,20000529,    0
  267,20000530,    0
  267,20000531,    0
  267,20000601,    8
  267,20000602,    0
  267,20000603,   11
  267,20000604,    2
  267,20000605,   29
  267,20000606,    0
  267,20000607,   -1
  267,20000608,    0
  267,20000609,    0
  267,20000610,   32
  267,20000611,    0
  267,20000612,    0
  267,20000613,   18
  267,20000614,   69
  267,20000615,    0
  267,20000616,    0
  267,20000617,    0
  267,20000618,    0
  267,20000619,    0
  267,20000620,    0
  267,20000621,    1
  267,20000622,    0
  267,20000623,   29
  267,20000624,   29
  267,20000625,    1
  267,20000626,    1
  267,20000627,   -1
  267,20000628,   -1
  267,20000629,   -1
  267,20000630,   -1
  267,20000701,  118
  267,20000702,    0
  267,20000703,   29
  267,20000704,    0
  267,20000705,   20
  267,20000706,    0
  267,20000707,   -1
  267,20000708,    7
  267,20000709,   70
  267,20000710,   62
  267,20000711,   46
  267,20000712,   28
  267,20000713,   -1
  267,20000714,   57
  267,20000715,   41
  267,20000716,    4
  267,20000717,    6
  267,20000718,    6
  267,20000719,   -1
  267,20000720,    0
  267,20000721,    0
  267,20000722,    0
  267,20000723,   -1
  267,20000724,    0
  267,20000725,   -1
  267,20000726,    0
  267,20000727,   -1
  267,20000728,   16
  267,20000729,   -1
  267,20000730,    0
  267,20000731,   -1
  267,20000801,   15
  267,20000802,    0
  267,20000803,   48
  267,20000804,   12
  267,20000805,   -1
  267,20000806,   -1
  267,20000807,   -1
  267,20000808,   10
  267,20000809,    2
  267,20000810,    3
  267,20000811,   -1
  267,20000812,    0
  267,20000813,    0
  267,20000814,  155
  267,20000815,   -1
  267,20000816,    3
  267,20000817,   -1
  267,20000818,    1
  267,20000819,   -1
  267,20000820,   34
  267,20000821,   19
  267,20000822,   11
  267,20000823,    0
  267,20000824,    0
  267,20000825,    0
  267,20000826,    0
  267,20000827,   79
  267,20000828,   14
  267,20000829,    4
  267,20000830,   -1
  267,20000831,    0
  267,20000901,   38
  267,20000902,    5
  267,20000903,   58
  267,20000904,    4
  267,20000905,    1
  267,20000906,  126
  267,20000907,   27
  267,20000908,   47
  267,20000909,    2
  267,20000910,    0
  267,20000911,    0
  267,20000912,   -1
  267,20000913,   -1
  267,20000914,    0
  267,20000915,  133
  267,20000916,  115
  267,20000917,    9
  267,20000918,   -1
  267,20000919,   -1
  267,20000920,   96
  267,20000921,   63
  267,20000922,   -1
  267,20000923,    1
  267,20000924,    2
  267,20000925,   77
  267,20000926,  170
  267,20000927,   13
  267,20000928,   35
  267,20000929,   -1
  267,20000930,   -1
  267,20001001,   98
  267,20001002,   -1
  267,20001003,    0
  267,20001004,    1
  267,20001005,   19
  267,20001006,   45
  267,20001007,   -1
  267,20001008,   37
  267,20001009,    1
  267,20001010,  224
  267,20001011,   90
  267,20001012,   -1
  267,20001013,   -1
  267,20001014,    0
  267,20001015,    2
  267,20001016,   42
  267,20001017,   33
  267,20001018,    7
  267,20001019,  110
  267,20001020,   -1
  267,20001021,   -1
  267,20001022,    4
  267,20001023,   26
  267,20001024,    8
  267,20001025,   46
  267,20001026,   48
  267,20001027,  128
  267,20001028,    9
  267,20001029,   56
  267,20001030,  128
  267,20001031,   48
  267,20001101,   33
  267,20001102,   47
  267,20001103,    2
  267,20001104,   93
  267,20001105,    7
  267,20001106,   23
  267,20001107,   15
  267,20001108,   80
  267,20001109,   67
  267,20001110,  246
  267,20001111,    8
  267,20001112,   62
  267,20001113,   -1
  267,20001114,   -1
  267,20001115,   19
  267,20001116,   38
  267,20001117,   86
  267,20001118,   41
  267,20001119,   25
  267,20001120,   10
  267,20001121,    7
  267,20001122,   26
  267,20001123,   48
  267,20001124,   20
  267,20001125,   99
  267,20001126,   49
  267,20001127,    9
  267,20001128,   32
  267,20001129,   -1
  267,20001130,    0
  267,20001201,   13
  267,20001202,    2
  267,20001203,  145
  267,20001204,    3
  267,20001205,    0
  267,20001206,   27
  267,20001207,   17
  267,20001208,    7
  267,20001209,    5
  267,20001210,  124
  267,20001211,  108
  267,20001212,   66
  267,20001213,   32
  267,20001214,    4
  267,20001215,   98
  267,20001216,   44
  267,20001217,    5
  267,20001218,   -1
  267,20001219,   -1
  267,20001220,    0
  267,20001221,    0
  267,20001222,    0
  267,20001223,    0
  267,20001224,  124
  267,20001225,    1
  267,20001226,    0
  267,20001227,    5
  267,20001228,   67
  267,20001229,   87
  267,20001230,   19
  267,20001231,    0
  267,20010101,   59
  267,20010102,   37
  267,20010103,   30
  267,20010104,   51
  267,20010105,  136
  267,20010106,    3
  267,20010107,   -1
  267,20010108,   19
  267,20010109,   34
  267,20010110,   -1
  267,20010111,    0
  267,20010112,   -1
  267,20010113,    0
  267,20010114,    0
  267,20010115,    0
  267,20010116,    0
  267,20010117,    0
  267,20010118,    1
  267,20010119,    0
  267,20010120,   24
  267,20010121,    9
  267,20010122,    8
  267,20010123,   45
  267,20010124,   87
  267,20010125,   -1
  267,20010126,    2
  267,20010127,   66
  267,20010128,   10
  267,20010129,   -1
  267,20010130,   -1
  267,20010131,    0
  267,20010201,    7
  267,20010202,   65
  267,20010203,   91
  267,20010204,  103
  267,20010205,  121
  267,20010206,   43
  267,20010207,    5
  267,20010208,  134
  267,20010209,   -1
  267,20010210,    3
  267,20010211,   -1
  267,20010212,   33
  267,20010213,    0
  267,20010214,   -1
  267,20010215,   -1
  267,20010216,   -1
  267,20010217,    0
  267,20010218,    0
  267,20010219,    3
  267,20010220,    0
  267,20010221,    3
  267,20010222,   26
  267,20010223,   51
  267,20010224,   12
  267,20010225,   48
  267,20010226,   38
  267,20010227,   -1
  267,20010228,    3
  267,20010301,   -1
  267,20010302,   -1
  267,20010303,   -1
  267,20010304,    0
  267,20010305,    0
  267,20010306,    0
  267,20010307,   28
  267,20010308,   46
  267,20010309,    1
  267,20010310,   15
  267,20010311,   65
  267,20010312,   18
  267,20010313,   64
  267,20010314,   25
  267,20010315,   10
  267,20010316,   -1
  267,20010317,   29
  267,20010318,   20
  267,20010319,   32
  267,20010320,    0
  267,20010321,   19
  267,20010322,   -1
  267,20010323,   56
  267,20010324,    1
  267,20010325,    0
  267,20010326,   -1
  267,20010327,    0
  267,20010328,   13
  267,20010329,   11
  267,20010330,    1
  267,20010331,    3
  267,20010401,   -1
  267,20010402,    0
  267,20010403,    2
  267,20010404,   58
  267,20010405,   74
  267,20010406,   29
  267,20010407,   17
  267,20010408,    6
  267,20010409,    0
  267,20010410,   38
  267,20010411,    0
  267,20010412,    8
  267,20010413,   -1
  267,20010414,   90
  267,20010415,   33
  267,20010416,    6
  267,20010417,   15
  267,20010418,   59
  267,20010419,   33
  267,20010420,   47
  267,20010421,    0
  267,20010422,    0
  267,20010423,    0
  267,20010424,    4
  267,20010425,   46
  267,20010426,   20
  267,20010427,    0
  267,20010428,   32
  267,20010429,    1
  267,20010430,    4
  267,20010501,    0
  267,20010502,    0
  267,20010503,   64
  267,20010504,   27
  267,20010505,    0
  267,20010506,    0
  267,20010507,    0
  267,20010508,    0
  267,20010509,    0
  267,20010510,    0
  267,20010511,    0
  267,20010512,    0
  267,20010513,    0
  267,20010514,   41
  267,20010515,   30
  267,20010516,  232
  267,20010517,   71
  267,20010518,    1
  267,20010519,    0
  267,20010520,    0
  267,20010521,    0
  267,20010522,    0
  267,20010523,    0
  267,20010524,    0
  267,20010525,    0
  267,20010526,    0
  267,20010527,    6
  267,20010528,    6
  267,20010529,    0
  267,20010530,    0
  267,20010531,   20
  267,20010601,    5
  267,20010602,  100
  267,20010603,   36
  267,20010604,   -1
  267,20010605,   -1
  267,20010606,   -1
  267,20010607,   40
  267,20010608,   -1
  267,20010609,    0
  267,20010610,   12
  267,20010611,   11
  267,20010612,   -1
  267,20010613,    0
  267,20010614,    0
  267,20010615,   41
  267,20010616,   22
  267,20010617,   19
  267,20010618,   -1
  267,20010619,    0
  267,20010620,   -1
  267,20010621,    0
  267,20010622,   26
  267,20010623,    0
  267,20010624,    0
  267,20010625,    0
  267,20010626,    0
  267,20010627,   -1
  267,20010628,   -1
  267,20010629,    0
  267,20010630,    2
  267,20010701,    0
  267,20010702,    0
  267,20010703,    0
  267,20010704,    0
  267,20010705,    0
  267,20010706,    0
  267,20010707,    0
  267,20010708,   -1
  267,20010709,   -1
  267,20010710,   21
  267,20010711,   64
  267,20010712,    2
  267,20010713,    3
  267,20010714,   40
  267,20010715,    0
  267,20010716,    0
  267,20010717,   -1
  267,20010718,  271
  267,20010719,   41
  267,20010720,   43
  267,20010721,    1
  267,20010722,    0
  267,20010723,   -1
  267,20010724,    0
  267,20010725,    0
  267,20010726,    0
  269,19960726,    0
  269,19960727,    4
  269,19960728,    0
  269,19960729,    0
  269,19960730,    0
  269,19960731,    3
  269,19960801,    0
  269,19960802,    0
  269,19960803,    0
  269,19960804,    0
  269,19960805,    0
  269,19960806,   33
  269,19960807,   -1
  269,19960808,    0
  269,19960809,   -1
  269,19960810,   -1
  269,19960811,  208
  269,19960812,   85
  269,19960813,   -1
  269,19960814,    0
  269,19960815,   -1
  269,19960816,   -1
  269,19960817,    0
  269,19960818,    0
  269,19960819,    0
  269,19960820,   -1
  269,19960821,   11
  269,19960822,    0
  269,19960823,   23
  269,19960824,   47
  269,19960825,   24
  269,19960826,    0
  269,19960827,   24
  269,19960828,  169
  269,19960829,   45
  269,19960830,   40
  269,19960831,    8
  269,19960901,   28
  269,19960902,    0
  269,19960903,   -1
  269,19960904,   -1
  269,19960905,    0
  269,19960906,    0
  269,19960907,    0
  269,19960908,   -1
  269,19960909,    4
  269,19960910,   23
  269,19960911,   46
  269,19960912,   89
  269,19960913,   41
  269,19960914,   -1
  269,19960915,    0
  269,19960916,   -1
  269,19960917,    0
  269,19960918,    0
  269,19960919,    0
  269,19960920,   -1
  269,19960921,    0
  269,19960922,   60
  269,19960923,    3
  269,19960924,    0
  269,19960925,    2
  269,19960926,    8
  269,19960927,  123
  269,19960928,    6
  269,19960929,   79
  269,19960930,   52
  269,19961001,   41
  269,19961002,    0
  269,19961003,    0
  269,19961004,   24
  269,19961005,   69
  269,19961006,    0
  269,19961007,    0
  269,19961008,    0
  269,19961009,   26
  269,19961010,   -1
  269,19961011,    0
  269,19961012,    0
  269,19961013,    0
  269,19961014,    0
  269,19961015,   -1
  269,19961016,    0
  269,19961017,    0
  269,19961018,   18
  269,19961019,    5
  269,19961020,  117
  269,19961021,   50
  269,19961022,    0
  269,19961023,    0
  269,19961024,    0
  269,19961025,   -1
  269,19961026,    4
  269,19961027,  155
  269,19961028,   11
  269,19961029,   70
  269,19961030,   -1
  269,19961031,   81
  269,19961101,    6
  269,19961102,   16
  269,19961103,   13
  269,19961104,   45
  269,19961105,   42
  269,19961106,   44
  269,19961107,  135
  269,19961108,    2
  269,19961109,    8
  269,19961110,   93
  269,19961111,   63
  269,19961112,   20
  269,19961113,   10
  269,19961114,   -1
  269,19961115,    0
  269,19961116,    0
  269,19961117,   -1
  269,19961118,   46
  269,19961119,   49
  269,19961120,   97
  269,19961121,   51
  269,19961122,  181
  269,19961123,   54
  269,19961124,    1
  269,19961125,  109
  269,19961126,   -1
  269,19961127,    0
  269,19961128,   -1
  269,19961129,   91
  269,19961130,   59
  269,19961201,    9
  269,19961202,   30
  269,19961203,   51
  269,19961204,    2
  269,19961205,    0
  269,19961206,    2
  269,19961207,    4
  269,19961208,    0
  269,19961209,    0
  269,19961210,    0
  269,19961211,   -1
  269,19961212,   -1
  269,19961213,    2
  269,19961214,   -1
  269,19961215,   -1
  269,19961216,    0
  269,19961217,    0
  269,19961218,   -1
  269,19961219,  271
  269,19961220,    0
  269,19961221,    0
  269,19961222,    0
  269,19961223,    0
  269,19961224,    0
  269,19961225,    7
  269,19961226,    0
  269,19961227,    0
  269,19961228,    0
  269,19961229,   14
  269,19961230,    1
  269,19961231,    0
  269,19970101,    0
  269,19970102,    0
  269,19970103,    0
  269,19970104,    0
  269,19970105,    0
  269,19970106,    0
  269,19970107,    0
  269,19970108,    0
  269,19970109,    0
  269,19970110,    0
  269,19970111,    0
  269,19970112,    1
  269,19970113,    0
  269,19970114,    0
  269,19970115,    0
  269,19970116,    0
  269,19970117,    0
  269,19970118,   -1
  269,19970119,   39
  269,19970120,    1
  269,19970121,    0
  269,19970122,    0
  269,19970123,   -1
  269,19970124,   19
  269,19970125,    0
  269,19970126,    0
  269,19970127,    2
  269,19970128,    1
  269,19970129,   -1
  269,19970130,    0
  269,19970131,    1
  269,19970201,    0
  269,19970202,    1
  269,19970203,    0
  269,19970204,   44
  269,19970205,    4
  269,19970206,    0
  269,19970207,   39
  269,19970208,    0
  269,19970209,   -1
  269,19970210,   45
  269,19970211,    9
  269,19970212,  153
  269,19970213,   83
  269,19970214,    0
  269,19970215,    0
  269,19970216,    1
  269,19970217,   16
  269,19970218,  135
  269,19970219,   32
  269,19970220,    3
  269,19970221,   17
  269,19970222,    0
  269,19970223,    0
  269,19970224,   85
  269,19970225,   54
  269,19970226,   37
  269,19970227,    0
  269,19970228,    9
  269,19970301,    0
  269,19970302,   13
  269,19970303,    0
  269,19970304,    0
  269,19970305,    0
  269,19970306,   18
  269,19970307,    0
  269,19970308,    0
  269,19970309,    0
  269,19970310,    0
  269,19970311,    0
  269,19970312,    0
  269,19970313,    0
  269,19970314,    7
  269,19970315,    7
  269,19970316,   43
  269,19970317,    0
  269,19970318,   63
  269,19970319,   40
  269,19970320,   -1
  269,19970321,   12
  269,19970322,   -1
  269,19970323,   23
  269,19970324,    1
  269,19970325,   13
  269,19970326,   29
  269,19970327,    0
  269,19970328,    4
  269,19970329,    2
  269,19970330,    0
  269,19970331,    0
  269,19970401,    0
  269,19970402,    0
  269,19970403,    7
  269,19970404,   -1
  269,19970405,   74
  269,19970406,   -1
  269,19970407,    0
  269,19970408,    0
  269,19970409,    0
  269,19970410,    0
  269,19970411,   -1
  269,19970412,    5
  269,19970413,   -1
  269,19970414,   -1
  269,19970415,    2
  269,19970416,   -1
  269,19970417,    0
  269,19970418,   -1
  269,19970419,   -1
  269,19970420,    0
  269,19970421,    3
  269,19970422,   -1
  269,19970423,    0
  269,19970424,    0
  269,19970425,   13
  269,19970426,   -1
  269,19970427,    2
  269,19970428,  113
  269,19970429,   33
  269,19970430,    0
  269,19970501,    0
  269,19970502,    0
  269,19970503,    0
  269,19970504,   30
  269,19970505,  122
  269,19970506,   87
  269,19970507,    1
  269,19970508,   20
  269,19970509,   37
  269,19970510,   10
  269,19970511,   65
  269,19970512,   15
  269,19970513,    0
  269,19970514,   81
  269,19970515,    0
  269,19970516,   -1
  269,19970517,   -1
  269,19970518,   45
  269,19970519,   44
  269,19970520,   44
  269,19970521,   23
  269,19970522,   53
  269,19970523,    0
  269,19970524,    0
  269,19970525,    0
  269,19970526,   -1
  269,19970527,   -1
  269,19970528,    0
  269,19970529,    0
  269,19970530,    0
  269,19970531,    0
  269,19970601,    0
  269,19970602,    0
  269,19970603,    0
  269,19970604,    0
  269,19970605,    0
  269,19970606,    0
  269,19970607,   49
  269,19970608,  160
  269,19970609,    0
  269,19970610,    0
  269,19970611,   24
  269,19970612,    0
  269,19970613,  104
  269,19970614,    0
  269,19970615,    5
  269,19970616,    0
  269,19970617,    0
  269,19970618,   -1
  269,19970619,   -1
  269,19970620,   34
  269,19970621,   29
  269,19970622,   11
  269,19970623,   72
  269,19970624,    6
  269,19970625,   17
  269,19970626,   65
  269,19970627,   58
  269,19970628,   17
  269,19970629,   89
  269,19970630,    2
  269,19970701,   49
  269,19970702,   19
  269,19970703,    4
  269,19970704,    6
  269,19970705,    0
  269,19970706,    4
  269,19970707,    0
  269,19970708,    0
  269,19970709,    0
  269,19970710,    0
  269,19970711,    0
  269,19970712,    0
  269,19970713,   -1
  269,19970714,    0
  269,19970715,    1
  269,19970716,    3
  269,19970717,   18
  269,19970718,  140
  269,19970719,   -1
  269,19970720,    0
  269,19970721,   47
  269,19970722,    6
  269,19970723,   -1
  269,19970724,    7
  269,19970725,  111
  269,19970726,    3
  269,19970727,   15
  269,19970728,   12
  269,19970729,    0
  269,19970730,    1
  269,19970731,   45
  269,19970801,   81
  269,19970802,    8
  269,19970803,    0
  269,19970804,    0
  269,19970805,    0
  269,19970806,    0
  269,19970807,    0
  269,19970808,    0
  269,19970809,    0
  269,19970810,    0
  269,19970811,    0
  269,19970812,    0
  269,19970813,    0
  269,19970814,    0
  269,19970815,    0
  269,19970816,    0
  269,19970817,    0
  269,19970818,    0
  269,19970819,    0
  269,19970820,    0
  269,19970821,    0
  269,19970822,   40
  269,19970823,   -1
  269,19970824,    4
  269,19970825,  175
  269,19970826,   39
  269,19970827,   42
  269,19970828,   47
  269,19970829,   40
  269,19970830,    9
  269,19970831,   -1
  269,19970901,   69
  269,19970902,   65
  269,19970903,    1
  269,19970904,    8
  269,19970905,    0
  269,19970906,   19
  269,19970907,   84
  269,19970908,   -1
  269,19970909,   -1
  269,19970910,   -1
  269,19970911,    0
  269,19970912,   81
  269,19970913,   31
  269,19970914,    3
  269,19970915,    0
  269,19970916,    0
  269,19970917,   -1
  269,19970918,    0
  269,19970919,    1
  269,19970920,    0
  269,19970921,    0
  269,19970922,    0
  269,19970923,   -1
  269,19970924,    0
  269,19970925,    0
  269,19970926,    0
  269,19970927,    0
  269,19970928,    0
  269,19970929,    1
  269,19970930,   96
  269,19971001,   28
  269,19971002,    4
  269,19971003,    0
  269,19971004,    0
  269,19971005,   -1
  269,19971006,    0
  269,19971007,  136
  269,19971008,   98
  269,19971009,  196
  269,19971010,  176
  269,19971011,   66
  269,19971012,   31
  269,19971013,   88
  269,19971014,   46
  269,19971015,   11
  269,19971016,    2
  269,19971017,    5
  269,19971018,    0
  269,19971019,    0
  269,19971020,    0
  269,19971021,    0
  269,19971022,    0
  269,19971023,    8
  269,19971024,   -1
  269,19971025,   16
  269,19971026,    1
  269,19971027,    0
  269,19971028,    0
  269,19971029,    0
  269,19971030,    0
  269,19971031,    0
  269,19971101,    0
  269,19971102,    0
  269,19971103,    0
  269,19971104,    8
  269,19971105,    6
  269,19971106,   12
  269,19971107,   28
  269,19971108,    6
  269,19971109,    7
  269,19971110,   24
  269,19971111,   10
  269,19971112,    0
  269,19971113,    0
  269,19971114,   -1
  269,19971115,   64
  269,19971116,    0
  269,19971117,    0
  269,19971118,    0
  269,19971119,    0
  269,19971120,   21
  269,19971121,   -1
  269,19971122,    0
  269,19971123,    0
  269,19971124,    0
  269,19971125,    0
  269,19971126,    0
  269,19971127,   61
  269,19971128,   35
  269,19971129,    7
  269,19971130,    8
  269,19971201,   -1
  269,19971202,    0
  269,19971203,    1
  269,19971204,    0
  269,19971205,    1
  269,19971206,   34
  269,19971207,   -1
  269,19971208,    2
  269,19971209,   81
  269,19971210,  121
  269,19971211,   52
  269,19971212,   48
  269,19971213,   -1
  269,19971214,   -1
  269,19971215,    0
  269,19971216,    0
  269,19971217,   -1
  269,19971218,    3
  269,19971219,   11
  269,19971220,    0
  269,19971221,   18
  269,19971222,    0
  269,19971223,    5
  269,19971224,  105
  269,19971225,   30
  269,19971226,   29
  269,19971227,   20
  269,19971228,   46
  269,19971229,   21
  269,19971230,   -1
  269,19971231,   16
  269,19980101,    4
  269,19980102,  103
  269,19980103,  145
  269,19980104,   86
  269,19980105,  103
  269,19980106,    9
  269,19980107,   94
  269,19980108,   36
  269,19980109,    0
  269,19980110,    0
  269,19980111,    0
  269,19980112,    0
  269,19980113,    0
  269,19980114,   12
  269,19980115,    5
  269,19980116,   10
  269,19980117,    3
  269,19980118,   42
  269,19980119,   78
  269,19980120,   19
  269,19980121,    0
  269,19980122,    0
  269,19980123,   -1
  269,19980124,   -1
  269,19980125,    0
  269,19980126,    0
  269,19980127,   -1
  269,19980128,    9
  269,19980129,    1
  269,19980130,   12
  269,19980131,    0
  269,19980201,    0
  269,19980202,   20
  269,19980203,    1
  269,19980204,    0
  269,19980205,    0
  269,19980206,    0
  269,19980207,   12
  269,19980208,    0
  269,19980209,    0
  269,19980210,    0
  269,19980211,    0
  269,19980212,    0
  269,19980213,    0
  269,19980214,    0
  269,19980215,    0
  269,19980216,    5
  269,19980217,   -1
  269,19980218,    0
  269,19980219,    0
  269,19980220,    0
  269,19980221,   23
  269,19980222,   -1
  269,19980223,   10
  269,19980224,    0
  269,19980225,    0
  269,19980226,    0
  269,19980227,    1
  269,19980228,  100
  269,19980301,   20
  269,19980302,   27
  269,19980303,  146
  269,19980304,  148
  269,19980305,   91
  269,19980306,  276
  269,19980307,  190
  269,19980308,   11
  269,19980309,    5
  269,19980310,    0
  269,19980311,   65
  269,19980312,   -1
  269,19980313,    7
  269,19980314,    4
  269,19980315,   14
  269,19980316,    0
  269,19980317,   -1
  269,19980318,    0
  269,19980319,    8
  269,19980320,   13
  269,19980321,    0
  269,19980322,   32
  269,19980323,    0
  269,19980324,    0
  269,19980325,    0
  269,19980326,   28
  269,19980327,   10
  269,19980328,   -1
  269,19980329,   -1
  269,19980330,    0
  269,19980331,    0
  269,19980401,   11
  269,19980402,   19
  269,19980403,  116
  269,19980404,  137
  269,19980405,   47
  269,19980406,   21
  269,19980407,   30
  269,19980408,    9
  269,19980409,    5
  269,19980410,    9
  269,19980411,    7
  269,19980412,   -1
  269,19980413,   88
  269,19980414,   10
  269,19980415,   93
  269,19980416,   10
  269,19980417,   -1
  269,19980418,   17
  269,19980419,    9
  269,19980420,   92
  269,19980421,    0
  269,19980422,    0
  269,19980423,    5
  269,19980424,   39
  269,19980425,  107
  269,19980426,    1
  269,19980427,   62
  269,19980428,    1
  269,19980429,    0
  269,19980430,   -1
  269,19980501,    0
  269,19980502,   12
  269,19980503,    0
  269,19980504,    0
  269,19980505,    8
  269,19980506,   32
  269,19980507,    0
  269,19980508,    0
  269,19980509,    0
  269,19980510,    0
  269,19980511,    0
  269,19980512,    0
  269,19980513,    0
  269,19980514,    0
  269,19980515,    0
  269,19980516,    0
  269,19980517,    0
  269,19980518,    0
  269,19980519,    0
  269,19980520,    0
  269,19980521,    2
  269,19980522,   11
  269,19980523,   20
  269,19980524,   27
  269,19980525,   37
  269,19980526,   35
  269,19980527,   49
  269,19980528,  110
  269,19980529,  146
  269,19980530,    1
  269,19980531,    0
  269,19980601,    0
  269,19980602,   72
  269,19980603,   43
  269,19980604,    0
  269,19980605,  104
  269,19980606,  283
  269,19980607,   62
  269,19980608,    4
  269,19980609,  141
  269,19980610,   40
  269,19980611,  349
  269,19980612,  255
  269,19980613,    0
  269,19980614,   38
  269,19980615,   33
  269,19980616,   30
  269,19980617,   -1
  269,19980618,   74
  269,19980619,    2
  269,19980620,    0
  269,19980621,    2
  269,19980622,   -1
  269,19980623,   24
  269,19980624,   10
  269,19980625,   64
  269,19980626,   -1
  269,19980627,   90
  269,19980628,   58
  269,19980629,   56
  269,19980630,   56
  269,19980701,    5
  269,19980702,   -1
  269,19980703,    0
  269,19980704,   -1
  269,19980705,   14
  269,19980706,   -1
  269,19980707,    7
  269,19980708,    1
  269,19980709,   13
  269,19980710,    4
  269,19980711,   33
  269,19980712,  112
  269,19980713,   18
  269,19980714,    5
  269,19980715,   -1
  269,19980716,   33
  269,19980717,   49
  269,19980718,    9
  269,19980719,    0
  269,19980720,    3
  269,19980721,   13
  269,19980722,    0
  269,19980723,   -1
  269,19980724,    0
  269,19980725,    0
  269,19980726,    0
  269,19980727,   -1
  269,19980728,   90
  269,19980729,   37
  269,19980730,  123
  269,19980731,   63
  269,19980801,    0
  269,19980802,    0
  269,19980803,   -1
  269,19980804,   45
  269,19980805,    0
  269,19980806,    0
  269,19980807,    0
  269,19980808,    0
  269,19980809,    0
  269,19980810,    0
  269,19980811,    0
  269,19980812,    0
  269,19980813,   -1
  269,19980814,    0
  269,19980815,   -1
  269,19980816,    0
  269,19980817,    0
  269,19980818,   -1
  269,19980819,    2
  269,19980820,    0
  269,19980821,  150
  269,19980822,   64
  269,19980823,  115
  269,19980824,   31
  269,19980825,    0
  269,19980826,  252
  269,19980827,   10
  269,19980828,    2
  269,19980829,    1
  269,19980830,   18
  269,19980831,    0
  269,19980901,   30
  269,19980902,   49
  269,19980903,   99
  269,19980904,    3
  269,19980905,   39
  269,19980906,   11
  269,19980907,   26
  269,19980908,   40
  269,19980909,   38
  269,19980910,   29
  269,19980911,   29
  269,19980912,   74
  269,19980913,   82
  269,19980914,  398
  269,19980915,   42
  269,19980916,   79
  269,19980917,   30
  269,19980918,    5
  269,19980919,   31
  269,19980920,    0
  269,19980921,    0
  269,19980922,    0
  269,19980923,    0
  269,19980924,    0
  269,19980925,    0
  269,19980926,    4
  269,19980927,   -1
  269,19980928,   -1
  269,19980929,   -1
  269,19980930,   23
  269,19981001,    5
  269,19981002,    0
  269,19981003,   12
  269,19981004,   17
  269,19981005,    2
  269,19981006,    4
  269,19981007,   10
  269,19981008,  177
  269,19981009,   31
  269,19981010,   48
  269,19981011,   58
  269,19981012,   95
  269,19981013,   14
  269,19981014,   42
  269,19981015,    5
  269,19981016,    0
  269,19981017,  120
  269,19981018,    1
  269,19981019,   17
  269,19981020,   23
  269,19981021,   33
  269,19981022,   -1
  269,19981023,  206
  269,19981024,  164
  269,19981025,  176
  269,19981026,   44
  269,19981027,  296
  269,19981028,  171
  269,19981029,   82
  269,19981030,   96
  269,19981031,   55
  269,19981101,   81
  269,19981102,  115
  269,19981103,   40
  269,19981104,   44
  269,19981105,  109
  269,19981106,    6
  269,19981107,    0
  269,19981108,   69
  269,19981109,   75
  269,19981110,   70
  269,19981111,   -1
  269,19981112,    4
  269,19981113,   47
  269,19981114,   12
  269,19981115,   24
  269,19981116,    1
  269,19981117,    7
  269,19981118,   19
  269,19981119,    0
  269,19981120,    0
  269,19981121,    0
  269,19981122,    0
  269,19981123,    0
  269,19981124,    0
  269,19981125,    6
  269,19981126,   45
  269,19981127,    1
  269,19981128,   23
  269,19981129,   43
  269,19981130,    0
  269,19981201,    0
  269,19981202,    0
  269,19981203,    0
  269,19981204,   21
  269,19981205,   46
  269,19981206,    3
  269,19981207,    0
  269,19981208,    1
  269,19981209,   50
  269,19981210,    0
  269,19981211,    6
  269,19981212,  108
  269,19981213,    8
  269,19981214,   10
  269,19981215,  155
  269,19981216,    0
  269,19981217,    0
  269,19981218,   11
  269,19981219,  133
  269,19981220,    9
  269,19981221,    1
  269,19981222,   -1
  269,19981223,    5
  269,19981224,   28
  269,19981225,   76
  269,19981226,   51
  269,19981227,   36
  269,19981228,   22
  269,19981229,    0
  269,19981230,    0
  269,19981231,    0
  269,19990101,   -1
  269,19990102,   30
  269,19990103,   60
  269,19990104,   33
  269,19990105,   13
  269,19990106,   -1
  269,19990107,   27
  269,19990108,   61
  269,19990109,    0
  269,19990110,    0
  269,19990111,   -1
  269,19990112,   52
  269,19990113,   36
  269,19990114,   32
  269,19990115,   31
  269,19990116,   70
  269,19990117,    0
  269,19990118,    0
  269,19990119,    8
  269,19990120,   34
  269,19990121,    4
  269,19990122,    0
  269,19990123,    0
  269,19990124,   19
  269,19990125,   55
  269,19990126,   60
  269,19990127,   52
  269,19990128,   15
  269,19990129,    0
  269,19990130,    0
  269,19990131,    0
  269,19990201,   -1
  269,19990202,   -1
  269,19990203,    4
  269,19990204,    0
  269,19990205,   16
  269,19990206,   36
  269,19990207,   53
  269,19990208,   18
  269,19990209,    2
  269,19990210,   21
  269,19990211,    0
  269,19990212,    0
  269,19990213,   -1
  269,19990214,   14
  269,19990215,    8
  269,19990216,   32
  269,19990217,   28
  269,19990218,    3
  269,19990219,   23
  269,19990220,    0
  269,19990221,   37
  269,19990222,   50
  269,19990223,   29
  269,19990224,    0
  269,19990225,    2
  269,19990226,   12
  269,19990227,   11
  269,19990228,    7
  269,19990301,  268
  269,19990302,  121
  269,19990303,    1
  269,19990304,   -1
  269,19990305,   -1
  269,19990306,    4
  269,19990307,    1
  269,19990308,    5
  269,19990309,   27
  269,19990310,   14
  269,19990311,    0
  269,19990312,    0
  269,19990313,    0
  269,19990314,    0
  269,19990315,    0
  269,19990316,    1
  269,19990317,   14
  269,19990318,   42
  269,19990319,    1
  269,19990320,    1
  269,19990321,   31
  269,19990322,   22
  269,19990323,   37
  269,19990324,    0
  269,19990325,    2
  269,19990326,   58
  269,19990327,   -1
  269,19990328,    0
  269,19990329,    0
  269,19990330,   14
  269,19990331,    0
  269,19990401,    0
  269,19990402,    0
  269,19990403,   74
  269,19990404,   -1
  269,19990405,    3
  269,19990406,   19
  269,19990407,    7
  269,19990408,    0
  269,19990409,    5
  269,19990410,   27
  269,19990411,    0
  269,19990412,   74
  269,19990413,  122
  269,19990414,   46
  269,19990415,    4
  269,19990416,   -1
  269,19990417,  166
  269,19990418,   19
  269,19990419,    0
  269,19990420,    6
  269,19990421,   71
  269,19990422,   53
  269,19990423,   -1
  269,19990424,   -1
  269,19990425,    0
  269,19990426,   -1
  269,19990427,    0
  269,19990428,    0
  269,19990429,    0
  269,19990430,    0
  269,19990501,    0
  269,19990502,    0
  269,19990503,    0
  269,19990504,    0
  269,19990505,   74
  269,19990506,  114
  269,19990507,  107
  269,19990508,   11
  269,19990509,    0
  269,19990510,   27
  269,19990511,    6
  269,19990512,   -1
  269,19990513,   -1
  269,19990514,   65
  269,19990515,   -1
  269,19990516,    0
  269,19990517,   -1
  269,19990518,    0
  269,19990519,    0
  269,19990520,   13
  269,19990521,    2
  269,19990522,   13
  269,19990523,    0
  269,19990524,   -1
  269,19990525,    0
  269,19990526,    0
  269,19990527,    0
  269,19990528,   -1
  269,19990529,   33
  269,19990530,   32
  269,19990531,   -1
  269,19990601,    0
  269,19990602,   71
  269,19990603,    7
  269,19990604,   24
  269,19990605,   62
  269,19990606,   73
  269,19990607,   52
  269,19990608,   17
  269,19990609,   -1
  269,19990610,   -1
  269,19990611,    7
  269,19990612,   -1
  269,19990613,   -1
  269,19990614,    0
  269,19990615,    0
  269,19990616,    0
  269,19990617,   -1
  269,19990618,   -1
  269,19990619,    0
  269,19990620,   63
  269,19990621,   18
  269,19990622,   16
  269,19990623,    1
  269,19990624,   -1
  269,19990625,    0
  269,19990626,    0
  269,19990627,   71
  269,19990628,   10
  269,19990629,   66
  269,19990630,   10
  269,19990701,    4
  269,19990702,   -1
  269,19990703,    3
  269,19990704,   83
  269,19990705,  113
  269,19990706,    0
  269,19990707,   -1
  269,19990708,    0
  269,19990709,    0
  269,19990710,    0
  269,19990711,   -1
  269,19990712,   -1
  269,19990713,    0
  269,19990714,   20
  269,19990715,   -1
  269,19990716,    0
  269,19990717,    0
  269,19990718,    0
  269,19990719,    0
  269,19990720,    2
  269,19990721,   23
  269,19990722,   99
  269,19990723,    1
  269,19990724,    0
  269,19990725,    0
  269,19990726,    0
  269,19990727,    0
  269,19990728,    0
  269,19990729,    0
  269,19990730,    0
  269,19990731,    5
  269,19990801,    0
  269,19990802,    0
  269,19990803,    0
  269,19990804,    0
  269,19990805,   10
  269,19990806,    0
  269,19990807,   96
  269,19990808,   17
  269,19990809,   -1
  269,19990810,  264
  269,19990811,   -1
  269,19990812,   -1
  269,19990813,    3
  269,19990814,   70
  269,19990815,    7
  269,19990816,    2
  269,19990817,    5
  269,19990818,   27
  269,19990819,  162
  269,19990820,  238
  269,19990821,   -1
  269,19990822,    1
  269,19990823,    0
  269,19990824,   -1
  269,19990825,   -1
  269,19990826,   57
  269,19990827,    0
  269,19990828,    0
  269,19990829,    0
  269,19990830,   -1
  269,19990831,   13
  269,19990901,   -1
  269,19990902,    0
  269,19990903,    0
  269,19990904,    0
  269,19990905,    0
  269,19990906,    0
  269,19990907,    0
  269,19990908,    0
  269,19990909,    0
  269,19990910,    0
  269,19990911,    0
  269,19990912,    0
  269,19990913,   -1
  269,19990914,    2
  269,19990915,  191
  269,19990916,   -1
  269,19990917,   11
  269,19990918,    0
  269,19990919,    0
  269,19990920,   19
  269,19990921,   -1
  269,19990922,   60
  269,19990923,   18
  269,19990924,   79
  269,19990925,   -1
  269,19990926,  117
  269,19990927,   36
  269,19990928,   12
  269,19990929,  140
  269,19990930,   79
  269,19991001,   28
  269,19991002,   44
  269,19991003,  140
  269,19991004,   43
  269,19991005,   23
  269,19991006,    4
  269,19991007,   15
  269,19991008,   26
  269,19991009,    5
  269,19991010,    5
  269,19991011,   17
  269,19991012,    0
  269,19991013,    0
  269,19991014,    0
  269,19991015,    0
  269,19991016,    0
  269,19991017,    0
  269,19991018,    0
  269,19991019,    0
  269,19991020,    0
  269,19991021,   16
  269,19991022,    6
  269,19991023,    9
  269,19991024,    8
  269,19991025,    4
  269,19991026,   -1
  269,19991027,    0
  269,19991028,   -1
  269,19991029,   -1
  269,19991030,   17
  269,19991031,   -1
  269,19991101,    7
  269,19991102,    1
  269,19991103,    0
  269,19991104,    0
  269,19991105,    4
  269,19991106,  245
  269,19991107,   50
  269,19991108,   14
  269,19991109,   40
  269,19991110,   -1
  269,19991111,    0
  269,19991112,    0
  269,19991113,    8
  269,19991114,    1
  269,19991115,    0
  269,19991116,    5
  269,19991117,   35
  269,19991118,   62
  269,19991119,   17
  269,19991120,    7
  269,19991121,    2
  269,19991122,   35
  269,19991123,    0
  269,19991124,    0
  269,19991125,   42
  269,19991126,    0
  269,19991127,   22
  269,19991128,    0
  269,19991129,    7
  269,19991130,    0
  269,19991201,   -1
  269,19991202,   22
  269,19991203,   79
  269,19991204,   25
  269,19991205,    1
  269,19991206,   29
  269,19991207,  172
  269,19991208,   22
  269,19991209,    6
  269,19991210,   37
  269,19991211,  127
  269,19991212,   85
  269,19991213,   97
  269,19991214,   21
  269,19991215,   22
  269,19991216,    2
  269,19991217,   63
  269,19991218,   -1
  269,19991219,   13
  269,19991220,    5
  269,19991221,    0
  269,19991222,   16
  269,19991223,   28
  269,19991224,  131
  269,19991225,   45
  269,19991226,  158
  269,19991227,   14
  269,19991228,    3
  269,19991229,   91
  269,19991230,   10
  269,19991231,    0
  269,20000101,   13
  269,20000102,    0
  269,20000103,   55
  269,20000104,   46
  269,20000105,    0
  269,20000106,    8
  269,20000107,    0
  269,20000108,   15
  269,20000109,    0
  269,20000110,    0
  269,20000111,    0
  269,20000112,    0
  269,20000113,   -1
  269,20000114,   -1
  269,20000115,   -1
  269,20000116,    5
  269,20000117,    1
  269,20000118,    4
  269,20000119,   -1
  269,20000120,    3
  269,20000121,    3
  269,20000122,   50
  269,20000123,    5
  269,20000124,    0
  269,20000125,    0
  269,20000126,   -1
  269,20000127,   -1
  269,20000128,   26
  269,20000129,  137
  269,20000130,   26
  269,20000131,    5
  269,20000201,   20
  269,20000202,   47
  269,20000203,    0
  269,20000204,   54
  269,20000205,    0
  269,20000206,    6
  269,20000207,   62
  269,20000208,   64
  269,20000209,    6
  269,20000210,   99
  269,20000211,    0
  269,20000212,   30
  269,20000213,   -1
  269,20000214,   10
  269,20000215,    5
  269,20000216,  124
  269,20000217,   85
  269,20000218,   65
  269,20000219,   30
  269,20000220,   11
  269,20000221,    1
  269,20000222,   -1
  269,20000223,    0
  269,20000224,   89
  269,20000225,   77
  269,20000226,    0
  269,20000227,    0
  269,20000228,   62
  269,20000229,   68
  269,20000301,    6
  269,20000302,  168
  269,20000303,  129
  269,20000304,   10
  269,20000305,    3
  269,20000306,    0
  269,20000307,   19
  269,20000308,  107
  269,20000309,   43
  269,20000310,   28
  269,20000311,    6
  269,20000312,    0
  269,20000313,    4
  269,20000314,   32
  269,20000315,   10
  269,20000316,    6
  269,20000317,    4
  269,20000318,   34
  269,20000319,    0
  269,20000320,    0
  269,20000321,    0
  269,20000322,    0
  269,20000323,    0
  269,20000324,   76
  269,20000325,   -1
  269,20000326,   71
  269,20000327,   15
  269,20000328,    0
  269,20000329,    0
  269,20000330,    0
  269,20000331,    0
  269,20000401,   11
  269,20000402,    4
  269,20000403,    8
  269,20000404,    5
  269,20000405,    0
  269,20000406,    0
  269,20000407,    0
  269,20000408,    0
  269,20000409,    0
  269,20000410,    0
  269,20000411,   -1
  269,20000412,   28
  269,20000413,   29
  269,20000414,   13
  269,20000415,   35
  269,20000416,    0
  269,20000417,   55
  269,20000418,    0
  269,20000419,    0
  269,20000420,   -1
  269,20000421,    4
  269,20000422,   19
  269,20000423,   71
  269,20000424,    1
  269,20000425,    0
  269,20000426,   -1
  269,20000427,    1
  269,20000428,    0
  269,20000429,   29
  269,20000430,    7
  269,20000501,    0
  269,20000502,    0
  269,20000503,    3
  269,20000504,    9
  269,20000505,    0
  269,20000506,    0
  269,20000507,    0
  269,20000508,    0
  269,20000509,   -1
  269,20000510,    0
  269,20000511,    0
  269,20000512,    0
  269,20000513,    0
  269,20000514,    0
  269,20000515,    0
  269,20000516,   95
  269,20000517,    8
  269,20000518,   20
  269,20000519,   28
  269,20000520,    1
  269,20000521,   75
  269,20000522,   10
  269,20000523,   52
  269,20000524,   57
  269,20000525,   62
  269,20000526,   37
  269,20000527,   12
  269,20000528,  112
  269,20000529,   69
  269,20000530,    1
  269,20000531,    0
  269,20000601,   17
  269,20000602,    0
  269,20000603,   88
  269,20000604,    2
  269,20000605,   47
  269,20000606,    1
  269,20000607,    1
  269,20000608,    0
  269,20000609,    0
  269,20000610,    0
  269,20000611,    0
  269,20000612,    0
  269,20000613,    3
  269,20000614,   69
  269,20000615,    0
  269,20000616,    0
  269,20000617,    0
  269,20000618,    0
  269,20000619,    0
  269,20000620,    0
  269,20000621,   12
  269,20000622,   38
  269,20000623,  105
  269,20000624,   63
  269,20000625,    8
  269,20000626,    0
  269,20000627,    0
  269,20000628,   -1
  269,20000629,    0
  269,20000630,    0
  269,20000701,   92
  269,20000702,    0
  269,20000703,    0
  269,20000704,    0
  269,20000705,   25
  269,20000706,    0
  269,20000707,    0
  269,20000708,    2
  269,20000709,   48
  269,20000710,  378
  269,20000711,   17
  269,20000712,   -1
  269,20000713,   69
  269,20000714,   60
  269,20000715,   58
  269,20000716,   38
  269,20000717,    3
  269,20000718,   -1
  269,20000719,   -1
  269,20000720,    0
  269,20000721,    0
  269,20000722,    0
  269,20000723,    0
  269,20000724,   52
  269,20000725,    1
  269,20000726,    0
  269,20000727,   26
  269,20000728,   14
  269,20000729,    0
  269,20000730,    0
  269,20000731,    0
  269,20000801,  122
  269,20000802,   -1
  269,20000803,   77
  269,20000804,    0
  269,20000805,    0
  269,20000806,    0
  269,20000807,    0
  269,20000808,    9
  269,20000809,   -1
  269,20000810,   10
  269,20000811,    0
  269,20000812,    0
  269,20000813,    0
  269,20000814,   28
  269,20000815,    0
  269,20000816,    0
  269,20000817,    0
  269,20000818,   -1
  269,20000819,   -1
  269,20000820,   90
  269,20000821,    4
  269,20000822,  220
  269,20000823,    0
  269,20000824,    0
  269,20000825,    0
  269,20000826,    0
  269,20000827,   57
  269,20000828,    4
  269,20000829,   -1
  269,20000830,    0
  269,20000831,    0
  269,20000901,   27
  269,20000902,   92
  269,20000903,   77
  269,20000904,   28
  269,20000905,    3
  269,20000906,  131
  269,20000907,    2
  269,20000908,   27
  269,20000909,   34
  269,20000910,    0
  269,20000911,    0
  269,20000912,    0
  269,20000913,    0
  269,20000914,   -1
  269,20000915,   48
  269,20000916,   -1
  269,20000917,    1
  269,20000918,    0
  269,20000919,    0
  269,20000920,  109
  269,20000921,   43
  269,20000922,    0
  269,20000923,    0
  269,20000924,    1
  269,20000925,   85
  269,20000926,  126
  269,20000927,    7
  269,20000928,   36
  269,20000929,   -1
  269,20000930,    2
  269,20001001,   85
  269,20001002,   -1
  269,20001003,   -1
  269,20001004,    5
  269,20001005,   46
  269,20001006,   58
  269,20001007,    0
  269,20001008,   52
  269,20001009,    8
  269,20001010,   62
  269,20001011,   69
  269,20001012,    2
  269,20001013,    0
  269,20001014,    0
  269,20001015,    4
  269,20001016,   27
  269,20001017,   22
  269,20001018,    3
  269,20001019,   64
  269,20001020,   -1
  269,20001021,   -1
  269,20001022,   -1
  269,20001023,   23
  269,20001024,   11
  269,20001025,   37
  269,20001026,   33
  269,20001027,   64
  269,20001028,   17
  269,20001029,   27
  269,20001030,  180
  269,20001031,   38
  269,20001101,   19
  269,20001102,   95
  269,20001103,    0
  269,20001104,    7
  269,20001105,    1
  269,20001106,   35
  269,20001107,   26
  269,20001108,   44
  269,20001109,  171
  269,20001110,  249
  269,20001111,    7
  269,20001112,   92
  269,20001113,    4
  269,20001114,    0
  269,20001115,   -1
  269,20001116,   39
  269,20001117,   40
  269,20001118,   22
  269,20001119,   43
  269,20001120,   31
  269,20001121,   14
  269,20001122,   18
  269,20001123,   51
  269,20001124,    3
  269,20001125,   77
  269,20001126,   43
  269,20001127,   10
  269,20001128,   33
  269,20001129,    0
  269,20001130,    0
  269,20001201,    7
  269,20001202,   20
  269,20001203,   42
  269,20001204,    2
  269,20001205,    1
  269,20001206,   21
  269,20001207,    9
  269,20001208,    6
  269,20001209,    0
  269,20001210,   91
  269,20001211,  101
  269,20001212,   59
  269,20001213,   69
  269,20001214,   11
  269,20001215,  118
  269,20001216,   65
  269,20001217,   -1
  269,20001218,    0
  269,20001219,   -1
  269,20001220,    0
  269,20001221,    0
  269,20001222,    0
  269,20001223,   -1
  269,20001224,  115
  269,20001225,    0
  269,20001226,    0
  269,20001227,   28
  269,20001228,   25
  269,20001229,  101
  269,20001230,   38
  269,20001231,    0
  269,20010101,   55
  269,20010102,   -1
  269,20010103,   30
  269,20010104,   32
  269,20010105,  134
  269,20010106,   20
  269,20010107,   -1
  269,20010108,   20
  269,20010109,    0
  269,20010110,    0
  269,20010111,    0
  269,20010112,    0
  269,20010113,    0
  269,20010114,    0
  269,20010115,    0
  269,20010116,    0
  269,20010117,    0
  269,20010118,    2
  269,20010119,    0
  269,20010120,    7
  269,20010121,   22
  269,20010122,   13
  269,20010123,   26
  269,20010124,   26
  269,20010125,   17
  269,20010126,    9
  269,20010127,   59
  269,20010128,   59
  269,20010129,    0
  269,20010130,   -1
  269,20010131,    0
  269,20010201,   -1
  269,20010202,   34
  269,20010203,   87
  269,20010204,  228
  269,20010205,   47
  269,20010206,   85
  269,20010207,   32
  269,20010208,  156
  269,20010209,    0
  269,20010210,    5
  269,20010211,    1
  269,20010212,   35
  269,20010213,    0
  269,20010214,    0
  269,20010215,    0
  269,20010216,   14
  269,20010217,    0
  269,20010218,    0
  269,20010219,    4
  269,20010220,    0
  269,20010221,   12
  269,20010222,   30
  269,20010223,   33
  269,20010224,   16
  269,20010225,   12
  269,20010226,    0
  269,20010227,    0
  269,20010228,    4
  269,20010301,   -1
  269,20010302,   -1
  269,20010303,    0
  269,20010304,    0
  269,20010305,    0
  269,20010306,    0
  269,20010307,   25
  269,20010308,   21
  269,20010309,   -1
  269,20010310,   20
  269,20010311,   40
  269,20010312,   30
  269,20010313,   18
  269,20010314,   -1
  269,20010315,   -1
  269,20010316,   -1
  269,20010317,  102
  269,20010318,   42
  269,20010319,   32
  269,20010320,    0
  269,20010321,   73
  269,20010322,   -1
  269,20010323,  195
  269,20010324,    0
  269,20010325,    0
  269,20010326,    0
  269,20010327,    0
  269,20010328,    8
  269,20010329,   36
  269,20010330,    0
  269,20010331,    0
  269,20010401,   -1
  269,20010402,    0
  269,20010403,    0
  269,20010404,   40
  269,20010405,   51
  269,20010406,   33
  269,20010407,   34
  269,20010408,    7
  269,20010409,    0
  269,20010410,    9
  269,20010411,    3
  269,20010412,    4
  269,20010413,   -1
  269,20010414,   78
  269,20010415,   43
  269,20010416,   50
  269,20010417,    6
  269,20010418,   91
  269,20010419,   83
  269,20010420,   36
  269,20010421,    0
  269,20010422,    0
  269,20010423,    0
  269,20010424,    4
  269,20010425,  190
  269,20010426,   39
  269,20010427,   75
  269,20010428,   38
  269,20010429,   -1
  269,20010430,   45
  269,20010501,    0
  269,20010502,    0
  269,20010503,   44
  269,20010504,   24
  269,20010505,    0
  269,20010506,    0
  269,20010507,    0
  269,20010508,    0
  269,20010509,    0
  269,20010510,    0
  269,20010511,    0
  269,20010512,    0
  269,20010513,    0
  269,20010514,   79
  269,20010515,   30
  269,20010516,  237
  269,20010517,   36
  269,20010518,   11
  269,20010519,    0
  269,20010520,    0
  269,20010521,    0
  269,20010522,    0
  269,20010523,    0
  269,20010524,    0
  269,20010525,    0
  269,20010526,    0
  269,20010527,    7
  269,20010528,    1
  269,20010529,    0
  269,20010530,    0
  269,20010531,    5
  269,20010601,   32
  269,20010602,  160
  269,20010603,   47
  269,20010604,   -1
  269,20010605,    0
  269,20010606,   17
  269,20010607,   23
  269,20010608,    0
  269,20010609,    0
  269,20010610,   -1
  269,20010611,    0
  269,20010612,   -1
  269,20010613,    0
  269,20010614,    0
  269,20010615,   94
  269,20010616,  183
  269,20010617,   63
  269,20010618,   -1
  269,20010619,    0
  269,20010620,   -1
  269,20010621,   -1
  269,20010622,    6
  269,20010623,    0
  269,20010624,    0
  269,20010625,    0
  269,20010626,    0
  269,20010627,   -1
  269,20010628,   -1
  269,20010629,    7
  269,20010630,   94
  269,20010701,    0
  269,20010702,    0
  269,20010703,    0
  269,20010704,    0
  269,20010705,    0
  269,20010706,    0
  269,20010707,  163
  269,20010708,   36
  269,20010709,    0
  269,20010710,   57
  269,20010711,  191
  269,20010712,   79
  269,20010713,   76
  269,20010714,   51
  269,20010715,    9
  269,20010716,    0
  269,20010717,   14
  269,20010718,  285
  269,20010719,    7
  269,20010720,   32
  269,20010721,   18
  269,20010722,    0
  269,20010723,   12
  269,20010724,    0
  269,20010725,    0
  269,20010726,   -1
  270,19960726,    0
  270,19960727,   51
  270,19960728,    0
  270,19960729,   -1
  270,19960730,   -1
  270,19960731,   12
  270,19960801,    0
  270,19960802,    0
  270,19960803,    0
  270,19960804,    0
  270,19960805,    0
  270,19960806,   24
  270,19960807,    7
  270,19960808,   -1
  270,19960809,    0
  270,19960810,   47
  270,19960811,  311
  270,19960812,   20
  270,19960813,    0
  270,19960814,    0
  270,19960815,    0
  270,19960816,    0
  270,19960817,    0
  270,19960818,    0
  270,19960819,    0
  270,19960820,    0
  270,19960821,   37
  270,19960822,    0
  270,19960823,   12
  270,19960824,   16
  270,19960825,   80
  270,19960826,   -1
  270,19960827,   17
  270,19960828,   68
  270,19960829,   17
  270,19960830,   18
  270,19960831,   46
  270,19960901,   21
  270,19960902,    0
  270,19960903,   -1
  270,19960904,    0
  270,19960905,    0
  270,19960906,   -1
  270,19960907,    0
  270,19960908,   18
  270,19960909,    7
  270,19960910,    9
  270,19960911,   69
  270,19960912,   48
  270,19960913,   61
  270,19960914,   32
  270,19960915,    1
  270,19960916,   -1
  270,19960917,    0
  270,19960918,    0
  270,19960919,    0
  270,19960920,    0
  270,19960921,    0
  270,19960922,    1
  270,19960923,   -1
  270,19960924,   -1
  270,19960925,    0
  270,19960926,   18
  270,19960927,  120
  270,19960928,   -1
  270,19960929,  159
  270,19960930,   70
  270,19961001,   46
  270,19961002,    0
  270,19961003,   11
  270,19961004,   46
  270,19961005,   56
  270,19961006,    0
  270,19961007,    0
  270,19961008,    2
  270,19961009,   36
  270,19961010,    0
  270,19961011,    0
  270,19961012,    0
  270,19961013,    0
  270,19961014,    0
  270,19961015,   -1
  270,19961016,    0
  270,19961017,    0
  270,19961018,    9
  270,19961019,   10
  270,19961020,   81
  270,19961021,   54
  270,19961022,    0
  270,19961023,    0
  270,19961024,    0
  270,19961025,   -1
  270,19961026,   13
  270,19961027,  116
  270,19961028,   26
  270,19961029,   82
  270,19961030,    6
  270,19961031,   43
  270,19961101,   10
  270,19961102,   13
  270,19961103,   -1
  270,19961104,   82
  270,19961105,   69
  270,19961106,   85
  270,19961107,    3
  270,19961108,   -1
  270,19961109,    1
  270,19961110,  112
  270,19961111,   85
  270,19961112,   59
  270,19961113,   42
  270,19961114,    7
  270,19961115,    0
  270,19961116,    0
  270,19961117,    1
  270,19961118,   35
  270,19961119,   41
  270,19961120,  100
  270,19961121,   54
  270,19961122,   15
  270,19961123,  123
  270,19961124,   -1
  270,19961125,  174
  270,19961126,    5
  270,19961127,   -1
  270,19961128,   19
  270,19961129,   89
  270,19961130,   71
  270,19961201,   23
  270,19961202,   54
  270,19961203,   57
  270,19961204,   -1
  270,19961205,    0
  270,19961206,    0
  270,19961207,   -1
  270,19961208,    0
  270,19961209,   -1
  270,19961210,    0
  270,19961211,   -1
  270,19961212,   -1
  270,19961213,    8
  270,19961214,    3
  270,19961215,   -1
  270,19961216,   -1
  270,19961217,    0
  270,19961218,   49
  270,19961219,  182
  270,19961220,   54
  270,19961221,    0
  270,19961222,    0
  270,19961223,    0
  270,19961224,    0
  270,19961225,   -1
  270,19961226,    0
  270,19961227,    0
  270,19961228,    0
  270,19961229,    4
  270,19961230,   11
  270,19961231,    0
  270,19970101,    0
  270,19970102,    0
  270,19970103,    0
  270,19970104,    0
  270,19970105,    0
  270,19970106,   -1
  270,19970107,   -1
  270,19970108,   -1
  270,19970109,    0
  270,19970110,   -1
  270,19970111,    0
  270,19970112,   -1
  270,19970113,   -1
  270,19970114,    0
  270,19970115,    0
  270,19970116,    0
  270,19970117,   -1
  270,19970118,   -1
  270,19970119,   55
  270,19970120,    3
  270,19970121,    0
  270,19970122,   -1
  270,19970123,   -1
  270,19970124,   -1
  270,19970125,    2
  270,19970126,   -1
  270,19970127,   -1
  270,19970128,    0
  270,19970129,   -1
  270,19970130,   -1
  270,19970131,   -1
  270,19970201,    0
  270,19970202,    6
  270,19970203,   -1
  270,19970204,   85
  270,19970205,   -1
  270,19970206,   -1
  270,19970207,   18
  270,19970208,    0
  270,19970209,   19
  270,19970210,   84
  270,19970211,    1
  270,19970212,  152
  270,19970213,   44
  270,19970214,    0
  270,19970215,    0
  270,19970216,    0
  270,19970217,   22
  270,19970218,  113
  270,19970219,   40
  270,19970220,    4
  270,19970221,   -1
  270,19970222,    0
  270,19970223,    0
  270,19970224,  101
  270,19970225,   33
  270,19970226,   61
  270,19970227,    0
  270,19970228,   29
  270,19970301,    0
  270,19970302,    9
  270,19970303,    0
  270,19970304,    0
  270,19970305,   -1
  270,19970306,   23
  270,19970307,    0
  270,19970308,    0
  270,19970309,    0
  270,19970310,    0
  270,19970311,   -1
  270,19970312,    0
  270,19970313,    0
  270,19970314,   39
  270,19970315,    1
  270,19970316,   40
  270,19970317,    0
  270,19970318,   44
  270,19970319,    1
  270,19970320,   18
  270,19970321,   12
  270,19970322,   -1
  270,19970323,   19
  270,19970324,   10
  270,19970325,    3
  270,19970326,   35
  270,19970327,   -1
  270,19970328,    6
  270,19970329,   -1
  270,19970330,    0
  270,19970331,    0
  270,19970401,    0
  270,19970402,    0
  270,19970403,   12
  270,19970404,    2
  270,19970405,   72
  270,19970406,   -1
  270,19970407,    0
  270,19970408,    0
  270,19970409,    0
  270,19970410,    0
  270,19970411,    3
  270,19970412,    3
  270,19970413,   -1
  270,19970414,   -1
  270,19970415,    2
  270,19970416,   -1
  270,19970417,    0
  270,19970418,   -1
  270,19970419,   -1
  270,19970420,   -1
  270,19970421,    3
  270,19970422,    0
  270,19970423,    0
  270,19970424,    0
  270,19970425,    0
  270,19970426,    0
  270,19970427,    1
  270,19970428,   94
  270,19970429,   31
  270,19970430,    0
  270,19970501,    0
  270,19970502,    0
  270,19970503,    0
  270,19970504,   52
  270,19970505,    9
  270,19970506,   61
  270,19970507,   11
  270,19970508,   21
  270,19970509,   44
  270,19970510,   48
  270,19970511,   28
  270,19970512,   20
  270,19970513,    3
  270,19970514,   57
  270,19970515,    0
  270,19970516,    0
  270,19970517,   57
  270,19970518,   25
  270,19970519,    5
  270,19970520,   83
  270,19970521,   60
  270,19970522,   16
  270,19970523,   -1
  270,19970524,   -1
  270,19970525,    0
  270,19970526,   -1
  270,19970527,   -1
  270,19970528,    0
  270,19970529,    0
  270,19970530,    0
  270,19970531,    0
  270,19970601,    0
  270,19970602,    0
  270,19970603,    0
  270,19970604,    0
  270,19970605,    0
  270,19970606,    0
  270,19970607,   12
  270,19970608,  212
  270,19970609,    0
  270,19970610,    0
  270,19970611,   65
  270,19970612,    0
  270,19970613,   20
  270,19970614,    1
  270,19970615,   11
  270,19970616,    0
  270,19970617,    0
  270,19970618,    0
  270,19970619,    0
  270,19970620,   93
  270,19970621,   97
  270,19970622,   34
  270,19970623,   72
  270,19970624,   19
  270,19970625,    8
  270,19970626,   48
  270,19970627,   32
  270,19970628,   15
  270,19970629,  697
  270,19970630,    4
  270,19970701,   41
  270,19970702,    8
  270,19970703,   -1
  270,19970704,   46
  270,19970705,   45
  270,19970706,   21
  270,19970707,    0
  270,19970708,    0
  270,19970709,   -1
  270,19970710,    0
  270,19970711,    0
  270,19970712,    0
  270,19970713,    0
  270,19970714,    0
  270,19970715,    0
  270,19970716,   52
  270,19970717,   67
  270,19970718,   40
  270,19970719,    0
  270,19970720,   -1
  270,19970721,   55
  270,19970722,   -1
  270,19970723,   -1
  270,19970724,    2
  270,19970725,   25
  270,19970726,   69
  270,19970727,   10
  270,19970728,    0
  270,19970729,    0
  270,19970730,   13
  270,19970731,   18
  270,19970801,   15
  270,19970802,   13
  270,19970803,   -1
  270,19970804,    0
  270,19970805,    0
  270,19970806,    0
  270,19970807,    0
  270,19970808,    0
  270,19970809,    0
  270,19970810,    0
  270,19970811,    0
  270,19970812,    0
  270,19970813,    0
  270,19970814,   -1
  270,19970815,   -1
  270,19970816,    0
  270,19970817,    0
  270,19970818,    0
  270,19970819,   -1
  270,19970820,   -1
  270,19970821,    0
  270,19970822,   34
  270,19970823,   -1
  270,19970824,    1
  270,19970825,  202
  270,19970826,   -1
  270,19970827,   33
  270,19970828,   97
  270,19970829,   13
  270,19970830,    7
  270,19970831,    0
  270,19970901,   16
  270,19970902,  101
  270,19970903,   -1
  270,19970904,    8
  270,19970905,    1
  270,19970906,   23
  270,19970907,   76
  270,19970908,   -1
  270,19970909,    4
  270,19970910,   -1
  270,19970911,    0
  270,19970912,   74
  270,19970913,   63
  270,19970914,    2
  270,19970915,    0
  270,19970916,    0
  270,19970917,    0
  270,19970918,    0
  270,19970919,    0
  270,19970920,    0
  270,19970921,    0
  270,19970922,    0
  270,19970923,   -1
  270,19970924,   -1
  270,19970925,    0
  270,19970926,    0
  270,19970927,    0
  270,19970928,    0
  270,19970929,   15
  270,19970930,   16
  270,19971001,    8
  270,19971002,   -1
  270,19971003,    4
  270,19971004,   -1
  270,19971005,   -1
  270,19971006,    0
  270,19971007,  174
  270,19971008,  217
  270,19971009,   35
  270,19971010,   50
  270,19971011,   15
  270,19971012,   20
  270,19971013,  109
  270,19971014,   21
  270,19971015,   -1
  270,19971016,   10
  270,19971017,   -1
  270,19971018,    0
  270,19971019,   -1
  270,19971020,    0
  270,19971021,    0
  270,19971022,    4
  270,19971023,    3
  270,19971024,   23
  270,19971025,   10
  270,19971026,   18
  270,19971027,    0
  270,19971028,    0
  270,19971029,    0
  270,19971030,    0
  270,19971031,    0
  270,19971101,    0
  270,19971102,    6
  270,19971103,   -1
  270,19971104,    0
  270,19971105,   12
  270,19971106,    2
  270,19971107,   47
  270,19971108,    4
  270,19971109,   23
  270,19971110,    4
  270,19971111,   13
  270,19971112,    0
  270,19971113,    1
  270,19971114,    0
  270,19971115,   14
  270,19971116,    0
  270,19971117,    0
  270,19971118,    0
  270,19971119,    0
  270,19971120,    6
  270,19971121,    1
  270,19971122,   -1
  270,19971123,    0
  270,19971124,   -1
  270,19971125,    0
  270,19971126,    0
  270,19971127,   21
  270,19971128,   58
  270,19971129,   17
  270,19971130,   19
  270,19971201,   -1
  270,19971202,   -1
  270,19971203,    3
  270,19971204,   -1
  270,19971205,    1
  270,19971206,  146
  270,19971207,   -1
  270,19971208,    7
  270,19971209,   59
  270,19971210,  113
  270,19971211,   53
  270,19971212,   34
  270,19971213,   12
  270,19971214,    5
  270,19971215,   -1
  270,19971216,    0
  270,19971217,   -1
  270,19971218,   -1
  270,19971219,   23
  270,19971220,    0
  270,19971221,    1
  270,19971222,    0
  270,19971223,   -1
  270,19971224,  107
  270,19971225,   40
  270,19971226,   50
  270,19971227,   24
  270,19971228,   64
  270,19971229,   21
  270,19971230,   -1
  270,19971231,   22
  270,19980101,   -1
  270,19980102,   77
  270,19980103,  149
  270,19980104,   38
  270,19980105,   37
  270,19980106,    9
  270,19980107,   10
  270,19980108,   77
  270,19980109,    0
  270,19980110,    0
  270,19980111,    0
  270,19980112,    0
  270,19980113,    0
  270,19980114,   19
  270,19980115,   49
  270,19980116,   39
  270,19980117,   12
  270,19980118,   73
  270,19980119,  204
  270,19980120,   23
  270,19980121,    0
  270,19980122,    0
  270,19980123,    2
  270,19980124,   -1
  270,19980125,    0
  270,19980126,   -1
  270,19980127,   -1
  270,19980128,    3
  270,19980129,    3
  270,19980130,   20
  270,19980131,    0
  270,19980201,    0
  270,19980202,   12
  270,19980203,   -1
  270,19980204,   -1
  270,19980205,    0
  270,19980206,    0
  270,19980207,   25
  270,19980208,    0
  270,19980209,    0
  270,19980210,    0
  270,19980211,    0
  270,19980212,   -1
  270,19980213,   -1
  270,19980214,    0
  270,19980215,    0
  270,19980216,   14
  270,19980217,    0
  270,19980218,    0
  270,19980219,   -1
  270,19980220,    0
  270,19980221,  105
  270,19980222,    0
  270,19980223,    3
  270,19980224,    0
  270,19980225,   -1
  270,19980226,    0
  270,19980227,   28
  270,19980228,   28
  270,19980301,   28
  270,19980302,   18
  270,19980303,  171
  270,19980304,   50
  270,19980305,  129
  270,19980306,   91
  270,19980307,  141
  270,19980308,   17
  270,19980309,   -1
  270,19980310,    1
  270,19980311,   80
  270,19980312,    2
  270,19980313,    2
  270,19980314,    5
  270,19980315,    8
  270,19980316,    0
  270,19980317,   -1
  270,19980318,    0
  270,19980319,   -1
  270,19980320,   -1
  270,19980321,    0
  270,19980322,   20
  270,19980323,   -1
  270,19980324,    0
  270,19980325,    0
  270,19980326,   73
  270,19980327,   -1
  270,19980328,   -1
  270,19980329,    0
  270,19980330,    0
  270,19980331,    0
  270,19980401,    0
  270,19980402,   67
  270,19980403,  158
  270,19980404,   68
  270,19980405,   20
  270,19980406,   53
  270,19980407,    5
  270,19980408,   40
  270,19980409,   12
  270,19980410,   37
  270,19980411,    6
  270,19980412,   13
  270,19980413,   56
  270,19980414,   74
  270,19980415,   63
  270,19980416,   35
  270,19980417,   -1
  270,19980418,    0
  270,19980419,    0
  270,19980420,   58
  270,19980421,    0
  270,19980422,    0
  270,19980423,   38
  270,19980424,   37
  270,19980425,   58
  270,19980426,    0
  270,19980427,   11
  270,19980428,   -1
  270,19980429,    0
  270,19980430,   -1
  270,19980501,    0
  270,19980502,   -1
  270,19980503,    0
  270,19980504,    0
  270,19980505,   -1
  270,19980506,   47
  270,19980507,   -1
  270,19980508,    0
  270,19980509,    0
  270,19980510,    0
  270,19980511,    0
  270,19980512,    0
  270,19980513,    0
  270,19980514,    0
  270,19980515,    0
  270,19980516,    0
  270,19980517,    0
  270,19980518,    0
  270,19980519,    0
  270,19980520,   -1
  270,19980521,    3
  270,19980522,    2
  270,19980523,   18
  270,19980524,   21
  270,19980525,    5
  270,19980526,   -1
  270,19980527,   16
  270,19980528,    1
  270,19980529,   40
  270,19980530,    3
  270,19980531,    0
  270,19980601,    0
  270,19980602,   81
  270,19980603,   -1
  270,19980604,   -1
  270,19980605,    1
  270,19980606,   47
  270,19980607,   20
  270,19980608,   12
  270,19980609,   79
  270,19980610,    7
  270,19980611,   89
  270,19980612,   42
  270,19980613,    0
  270,19980614,   20
  270,19980615,   20
  270,19980616,   -1
  270,19980617,   -1
  270,19980618,   45
  270,19980619,    9
  270,19980620,    0
  270,19980621,   18
  270,19980622,  102
  270,19980623,   25
  270,19980624,   -1
  270,19980625,  172
  270,19980626,    0
  270,19980627,   76
  270,19980628,   62
  270,19980629,   28
  270,19980630,   28
  270,19980701,   11
  270,19980702,   -1
  270,19980703,   -1
  270,19980704,   -1
  270,19980705,   41
  270,19980706,   -1
  270,19980707,   45
  270,19980708,    3
  270,19980709,   18
  270,19980710,   18
  270,19980711,   39
  270,19980712,   53
  270,19980713,    4
  270,19980714,   49
  270,19980715,   -1
  270,19980716,   46
  270,19980717,   41
  270,19980718,   20
  270,19980719,    0
  270,19980720,   10
  270,19980721,    3
  270,19980722,   -1
  270,19980723,   11
  270,19980724,    4
  270,19980725,   -1
  270,19980726,    0
  270,19980727,    4
  270,19980728,   16
  270,19980729,   86
  270,19980730,   67
  270,19980731,   24
  270,19980801,   -1
  270,19980802,   -1
  270,19980803,   33
  270,19980804,   27
  270,19980805,   -1
  270,19980806,    0
  270,19980807,    0
  270,19980808,    0
  270,19980809,    0
  270,19980810,    0
  270,19980811,    0
  270,19980812,    0
  270,19980813,   12
  270,19980814,   -1
  270,19980815,   -1
  270,19980816,    0
  270,19980817,   -1
  270,19980818,   -1
  270,19980819,    0
  270,19980820,    0
  270,19980821,  173
  270,19980822,   68
  270,19980823,  131
  270,19980824,  102
  270,19980825,   -1
  270,19980826,  125
  270,19980827,   45
  270,19980828,    9
  270,19980829,   -1
  270,19980830,   -1
  270,19980831,    0
  270,19980901,   22
  270,19980902,   14
  270,19980903,  133
  270,19980904,   58
  270,19980905,   15
  270,19980906,    0
  270,19980907,   17
  270,19980908,   10
  270,19980909,   78
  270,19980910,   42
  270,19980911,   -1
  270,19980912,   73
  270,19980913,    0
  270,19980914,  223
  270,19980915,   67
  270,19980916,   77
  270,19980917,  177
  270,19980918,   -1
  270,19980919,    0
  270,19980920,    0
  270,19980921,    0
  270,19980922,    0
  270,19980923,    0
  270,19980924,    0
  270,19980925,    2
  270,19980926,   -1
  270,19980927,    1
  270,19980928,    0
  270,19980929,   -1
  270,19980930,   70
  270,19981001,  102
  270,19981002,    0
  270,19981003,   -1
  270,19981004,   19
  270,19981005,   -1
  270,19981006,   -1
  270,19981007,   23
  270,19981008,  174
  270,19981009,   34
  270,19981010,   38
  270,19981011,   43
  270,19981012,   51
  270,19981013,   12
  270,19981014,   60
  270,19981015,   -1
  270,19981016,   -1
  270,19981017,   67
  270,19981018,   13
  270,19981019,   34
  270,19981020,   36
  270,19981021,   13
  270,19981022,   -1
  270,19981023,   68
  270,19981024,  142
  270,19981025,   56
  270,19981026,  108
  270,19981027,   88
  270,19981028,   54
  270,19981029,   67
  270,19981030,  133
  270,19981031,   35
  270,19981101,   44
  270,19981102,   21
  270,19981103,   75
  270,19981104,   16
  270,19981105,   64
  270,19981106,   17
  270,19981107,    0
  270,19981108,   44
  270,19981109,  145
  270,19981110,   53
  270,19981111,    1
  270,19981112,   -1
  270,19981113,   25
  270,19981114,    0
  270,19981115,    9
  270,19981116,   -1
  270,19981117,   52
  270,19981118,   39
  270,19981119,    0
  270,19981120,    0
  270,19981121,    0
  270,19981122,    0
  270,19981123,    0
  270,19981124,   -1
  270,19981125,   14
  270,19981126,   63
  270,19981127,   16
  270,19981128,    3
  270,19981129,   21
  270,19981130,   -1
  270,19981201,    0
  270,19981202,    0
  270,19981203,   -1
  270,19981204,   31
  270,19981205,   48
  270,19981206,    8
  270,19981207,    0
  270,19981208,    2
  270,19981209,   40
  270,19981210,    0
  270,19981211,   -1
  270,19981212,   98
  270,19981213,   43
  270,19981214,    7
  270,19981215,  162
  270,19981216,   -1
  270,19981217,    0
  270,19981218,    5
  270,19981219,   73
  270,19981220,    1
  270,19981221,   32
  270,19981222,    6
  270,19981223,   27
  270,19981224,   42
  270,19981225,  132
  270,19981226,   83
  270,19981227,   15
  270,19981228,   23
  270,19981229,    0
  270,19981230,    0
  270,19981231,    0
  270,19990101,    0
  270,19990102,   32
  270,19990103,   78
  270,19990104,   49
  270,19990105,   23
  270,19990106,   24
  270,19990107,   42
  270,19990108,  117
  270,19990109,   -1
  270,19990110,    0
  270,19990111,    1
  270,19990112,   23
  270,19990113,   60
  270,19990114,   34
  270,19990115,   88
  270,19990116,   94
  270,19990117,    0
  270,19990118,   -1
  270,19990119,   22
  270,19990120,   23
  270,19990121,   11
  270,19990122,    0
  270,19990123,    0
  270,19990124,   40
  270,19990125,   36
  270,19990126,   53
  270,19990127,   32
  270,19990128,   49
  270,19990129,    0
  270,19990130,    0
  270,19990131,   -1
  270,19990201,   -1
  270,19990202,   -1
  270,19990203,    1
  270,19990204,   -1
  270,19990205,   17
  270,19990206,   27
  270,19990207,  148
  270,19990208,    3
  270,19990209,   17
  270,19990210,  137
  270,19990211,   -1
  270,19990212,    0
  270,19990213,    0
  270,19990214,   12
  270,19990215,    7
  270,19990216,  111
  270,19990217,    7
  270,19990218,    2
  270,19990219,   63
  270,19990220,    0
  270,19990221,   22
  270,19990222,   75
  270,19990223,   10
  270,19990224,    4
  270,19990225,    2
  270,19990226,   12
  270,19990227,   21
  270,19990228,   28
  270,19990301,  161
  270,19990302,   83
  270,19990303,    2
  270,19990304,   -1
  270,19990305,    1
  270,19990306,   18
  270,19990307,   14
  270,19990308,   24
  270,19990309,   26
  270,19990310,   -1
  270,19990311,    0
  270,19990312,    0
  270,19990313,    0
  270,19990314,    0
  270,19990315,    0
  270,19990316,   28
  270,19990317,   67
  270,19990318,   65
  270,19990319,    2
  270,19990320,   19
  270,19990321,   36
  270,19990322,   20
  270,19990323,   40
  270,19990324,   -1
  270,19990325,   -1
  270,19990326,   89
  270,19990327,   -1
  270,19990328,    0
  270,19990329,    0
  270,19990330,   55
  270,19990331,    6
  270,19990401,    0
  270,19990402,    0
  270,19990403,  111
  270,19990404,   57
  270,19990405,   -1
  270,19990406,   26
  270,19990407,   52
  270,19990408,    0
  270,19990409,   -1
  270,19990410,    6
  270,19990411,   -1
  270,19990412,   88
  270,19990413,   33
  270,19990414,   61
  270,19990415,   11
  270,19990416,   -1
  270,19990417,    0
  270,19990418,    0
  270,19990419,    0
  270,19990420,    2
  270,19990421,   64
  270,19990422,    6
  270,19990423,    0
  270,19990424,    0
  270,19990425,    0
  270,19990426,    0
  270,19990427,    0
  270,19990428,    0
  270,19990429,    0
  270,19990430,    0
  270,19990501,    0
  270,19990502,    0
  270,19990503,    0
  270,19990504,    0
  270,19990505,    0
  270,19990506,   69
  270,19990507,    4
  270,19990508,  111
  270,19990509,   -1
  270,19990510,   20
  270,19990511,    8
  270,19990512,   -1
  270,19990513,   13
  270,19990514,   -1
  270,19990515,    0
  270,19990516,   -1
  270,19990517,    0
  270,19990518,    0
  270,19990519,    0
  270,19990520,    3
  270,19990521,   37
  270,19990522,    1
  270,19990523,   -1
  270,19990524,   34
  270,19990525,    0
  270,19990526,    0
  270,19990527,    0
  270,19990528,    6
  270,19990529,   18
  270,19990530,    2
  270,19990531,   -1
  270,19990601,    0
  270,19990602,  167
  270,19990603,   11
  270,19990604,  217
  270,19990605,   59
  270,19990606,   54
  270,19990607,   36
  270,19990608,    5
  270,19990609,   13
  270,19990610,    2
  270,19990611,   29
  270,19990612,    3
  270,19990613,    0
  270,19990614,    0
  270,19990615,    0
  270,19990616,    0
  270,19990617,    1
  270,19990618,    0
  270,19990619,    0
  270,19990620,   61
  270,19990621,   10
  270,19990622,   -1
  270,19990623,    1
  270,19990624,    0
  270,19990625,    0
  270,19990626,    0
  270,19990627,   62
  270,19990628,   57
  270,19990629,   74
  270,19990630,    1
  270,19990701,    1
  270,19990702,    4
  270,19990703,   75
  270,19990704,   14
  270,19990705,   43
  270,19990706,    0
  270,19990707,    0
  270,19990708,    0
  270,19990709,    0
  270,19990710,    0
  270,19990711,    0
  270,19990712,    0
  270,19990713,    0
  270,19990714,   -1
  270,19990715,   -1
  270,19990716,    0
  270,19990717,    0
  270,19990718,    0
  270,19990719,    0
  270,19990720,   39
  270,19990721,    8
  270,19990722,  102
  270,19990723,    6
  270,19990724,    0
  270,19990725,    0
  270,19990726,    0
  270,19990727,    0
  270,19990728,    0
  270,19990729,    0
  270,19990730,    0
  270,19990731,    0
  270,19990801,    0
  270,19990802,    0
  270,19990803,    0
  270,19990804,   -1
  270,19990805,   -1
  270,19990806,    0
  270,19990807,   59
  270,19990808,   57
  270,19990809,   46
  270,19990810,   74
  270,19990811,    6
  270,19990812,   -1
  270,19990813,    2
  270,19990814,  115
  270,19990815,   35
  270,19990816,   -1
  270,19990817,    4
  270,19990818,   48
  270,19990819,   78
  270,19990820,   71
  270,19990821,   18
  270,19990822,    0
  270,19990823,   -1
  270,19990824,    0
  270,19990825,   -1
  270,19990826,   49
  270,19990827,    0
  270,19990828,    0
  270,19990829,    0
  270,19990830,   -1
  270,19990831,   -1
  270,19990901,    3
  270,19990902,    0
  270,19990903,    0
  270,19990904,    0
  270,19990905,    0
  270,19990906,    0
  270,19990907,    0
  270,19990908,    0
  270,19990909,    0
  270,19990910,    0
  270,19990911,    0
  270,19990912,    0
  270,19990913,    2
  270,19990914,    4
  270,19990915,  141
  270,19990916,   17
  270,19990917,    2
  270,19990918,    0
  270,19990919,    0
  270,19990920,    1
  270,19990921,    5
  270,19990922,    8
  270,19990923,   88
  270,19990924,   16
  270,19990925,   51
  270,19990926,   78
  270,19990927,   95
  270,19990928,   56
  270,19990929,  112
  270,19990930,   76
  270,19991001,  132
  270,19991002,   60
  270,19991003,  215
  270,19991004,   28
  270,19991005,   21
  270,19991006,    6
  270,19991007,   44
  270,19991008,   19
  270,19991009,   30
  270,19991010,    7
  270,19991011,    3
  270,19991012,   -1
  270,19991013,    0
  270,19991014,   -1
  270,19991015,   -1
  270,19991016,    0
  270,19991017,    0
  270,19991018,    0
  270,19991019,    0
  270,19991020,    0
  270,19991021,   19
  270,19991022,   11
  270,19991023,    9
  270,19991024,    5
  270,19991025,    1
  270,19991026,   -1
  270,19991027,   -1
  270,19991028,   -1
  270,19991029,    0
  270,19991030,   13
  270,19991031,    0
  270,19991101,   10
  270,19991102,   -1
  270,19991103,   -1
  270,19991104,    0
  270,19991105,    4
  270,19991106,   76
  270,19991107,    3
  270,19991108,   18
  270,19991109,   12
  270,19991110,   -1
  270,19991111,    0
  270,19991112,    0
  270,19991113,   11
  270,19991114,    3
  270,19991115,    0
  270,19991116,   27
  270,19991117,   91
  270,19991118,  153
  270,19991119,   37
  270,19991120,   50
  270,19991121,   45
  270,19991122,  123
  270,19991123,    0
  270,19991124,    0
  270,19991125,   79
  270,19991126,   -1
  270,19991127,   55
  270,19991128,    0
  270,19991129,   44
  270,19991130,    0
  270,19991201,   -1
  270,19991202,   23
  270,19991203,  169
  270,19991204,   51
  270,19991205,   11
  270,19991206,  217
  270,19991207,   67
  270,19991208,   60
  270,19991209,    5
  270,19991210,   59
  270,19991211,  239
  270,19991212,   10
  270,19991213,  157
  270,19991214,  105
  270,19991215,   27
  270,19991216,    5
  270,19991217,  129
  270,19991218,   14
  270,19991219,   77
  270,19991220,   14
  270,19991221,    0
  270,19991222,   11
  270,19991223,   38
  270,19991224,  142
  270,19991225,  147
  270,19991226,   30
  270,19991227,    2
  270,19991228,   13
  270,19991229,   21
  270,19991230,    9
  270,19991231,    0
  270,20000101,   11
  270,20000102,   -1
  270,20000103,  172
  270,20000104,   11
  270,20000105,    0
  270,20000106,   15
  270,20000107,    0
  270,20000108,   22
  270,20000109,    0
  270,20000110,    0
  270,20000111,    0
  270,20000112,    0
  270,20000113,   -1
  270,20000114,   -1
  270,20000115,    1
  270,20000116,    6
  270,20000117,    2
  270,20000118,   -1
  270,20000119,    3
  270,20000120,   10
  270,20000121,    1
  270,20000122,   69
  270,20000123,    7
  270,20000124,    0
  270,20000125,    0
  270,20000126,    3
  270,20000127,    1
  270,20000128,   37
  270,20000129,  121
  270,20000130,   49
  270,20000131,    5
  270,20000201,   44
  270,20000202,   21
  270,20000203,    0
  270,20000204,   22
  270,20000205,    0
  270,20000206,    3
  270,20000207,   84
  270,20000208,   88
  270,20000209,    2
  270,20000210,   86
  270,20000211,    0
  270,20000212,   39
  270,20000213,    5
  270,20000214,   16
  270,20000215,    1
  270,20000216,   83
  270,20000217,   54
  270,20000218,   35
  270,20000219,    4
  270,20000220,   -1
  270,20000221,   11
  270,20000222,   -1
  270,20000223,   -1
  270,20000224,   43
  270,20000225,   21
  270,20000226,    0
  270,20000227,    0
  270,20000228,   29
  270,20000229,   56
  270,20000301,   21
  270,20000302,  141
  270,20000303,   74
  270,20000304,   10
  270,20000305,    1
  270,20000306,   -1
  270,20000307,   32
  270,20000308,   12
  270,20000309,   77
  270,20000310,   20
  270,20000311,   12
  270,20000312,   -1
  270,20000313,    4
  270,20000314,   49
  270,20000315,   16
  270,20000316,    3
  270,20000317,    2
  270,20000318,    8
  270,20000319,    0
  270,20000320,    0
  270,20000321,    0
  270,20000322,    0
  270,20000323,    0
  270,20000324,   55
  270,20000325,   15
  270,20000326,   40
  270,20000327,   -1
  270,20000328,   -1
  270,20000329,    0
  270,20000330,   -1
  270,20000331,    0
  270,20000401,   -1
  270,20000402,   17
  270,20000403,   27
  270,20000404,   19
  270,20000405,   -1
  270,20000406,    0
  270,20000407,    0
  270,20000408,    0
  270,20000409,    0
  270,20000410,    0
  270,20000411,    0
  270,20000412,   64
  270,20000413,   33
  270,20000414,   -1
  270,20000415,   26
  270,20000416,   24
  270,20000417,   55
  270,20000418,    0
  270,20000419,    0
  270,20000420,    1
  270,20000421,    2
  270,20000422,   19
  270,20000423,   35
  270,20000424,    3
  270,20000425,    0
  270,20000426,    0
  270,20000427,   -1
  270,20000428,    0
  270,20000429,   14
  270,20000430,    1
  270,20000501,    0
  270,20000502,   -1
  270,20000503,    8
  270,20000504,    0
  270,20000505,    0
  270,20000506,    0
  270,20000507,  133
  270,20000508,   23
  270,20000509,    0
  270,20000510,    0
  270,20000511,    0
  270,20000512,    0
  270,20000513,    0
  270,20000514,    0
  270,20000515,    0
  270,20000516,   90
  270,20000517,   29
  270,20000518,   49
  270,20000519,  259
  270,20000520,   -1
  270,20000521,   56
  270,20000522,    2
  270,20000523,   46
  270,20000524,   59
  270,20000525,  136
  270,20000526,   41
  270,20000527,    9
  270,20000528,  163
  270,20000529,   11
  270,20000530,   -1
  270,20000531,    0
  270,20000601,   18
  270,20000602,    0
  270,20000603,   -1
  270,20000604,    4
  270,20000605,   21
  270,20000606,   -1
  270,20000607,   15
  270,20000608,    0
  270,20000609,    0
  270,20000610,   -1
  270,20000611,    0
  270,20000612,    0
  270,20000613,    1
  270,20000614,   72
  270,20000615,    0
  270,20000616,    0
  270,20000617,    0
  270,20000618,    0
  270,20000619,    0
  270,20000620,    0
  270,20000621,    5
  270,20000622,    0
  270,20000623,  101
  270,20000624,   20
  270,20000625,   -1
  270,20000626,    2
  270,20000627,    0
  270,20000628,   -1
  270,20000629,   -1
  270,20000630,   -1
  270,20000701,   46
  270,20000702,    0
  270,20000703,   -1
  270,20000704,    0
  270,20000705,   50
  270,20000706,   -1
  270,20000707,    3
  270,20000708,    4
  270,20000709,   70
  270,20000710,  198
  270,20000711,   68
  270,20000712,    3
  270,20000713,    3
  270,20000714,   82
  270,20000715,   71
  270,20000716,    5
  270,20000717,    3
  270,20000718,   11
  270,20000719,   -1
  270,20000720,    0
  270,20000721,    0
  270,20000722,    0
  270,20000723,   -1
  270,20000724,    0
  270,20000725,    0
  270,20000726,    0
  270,20000727,   -1
  270,20000728,   19
  270,20000729,    0
  270,20000730,   -1
  270,20000731,    0
  270,20000801,   -1
  270,20000802,    0
  270,20000803,   11
  270,20000804,    0
  270,20000805,   -1
  270,20000806,   -1
  270,20000807,    0
  270,20000808,   21
  270,20000809,    1
  270,20000810,    3
  270,20000811,    1
  270,20000812,    0
  270,20000813,    0
  270,20000814,   82
  270,20000815,   -1
  270,20000816,   -1
  270,20000817,   -1
  270,20000818,   -1
  270,20000819,   -1
  270,20000820,   11
  270,20000821,   69
  270,20000822,   34
  270,20000823,    0
  270,20000824,    0
  270,20000825,   -1
  270,20000826,    0
  270,20000827,  180
  270,20000828,   29
  270,20000829,   83
  270,20000830,    1
  270,20000831,    0
  270,20000901,   12
  270,20000902,   13
  270,20000903,   56
  270,20000904,   -1
  270,20000905,   -1
  270,20000906,  230
  270,20000907,   24
  270,20000908,   80
  270,20000909,    0
  270,20000910,    0
  270,20000911,    0
  270,20000912,    0
  270,20000913,   -1
  270,20000914,   -1
  270,20000915,   11
  270,20000916,   77
  270,20000917,    8
  270,20000918,    0
  270,20000919,    0
  270,20000920,  105
  270,20000921,  175
  270,20000922,    0
  270,20000923,    0
  270,20000924,    0
  270,20000925,  116
  270,20000926,  175
  270,20000927,    1
  270,20000928,   41
  270,20000929,   -1
  270,20000930,    0
  270,20001001,   59
  270,20001002,    0
  270,20001003,    2
  270,20001004,   10
  270,20001005,   26
  270,20001006,   13
  270,20001007,    0
  270,20001008,   48
  270,20001009,    1
  270,20001010,  248
  270,20001011,  114
  270,20001012,   -1
  270,20001013,    0
  270,20001014,    0
  270,20001015,    1
  270,20001016,   52
  270,20001017,   37
  270,20001018,    7
  270,20001019,   94
  270,20001020,    0
  270,20001021,   -1
  270,20001022,   14
  270,20001023,   11
  270,20001024,    8
  270,20001025,   37
  270,20001026,   77
  270,20001027,   77
  270,20001028,   15
  270,20001029,   66
  270,20001030,  129
  270,20001031,   48
  270,20001101,   20
  270,20001102,   50
  270,20001103,   -1
  270,20001104,   42
  270,20001105,   18
  270,20001106,   22
  270,20001107,    7
  270,20001108,   58
  270,20001109,   73
  270,20001110,  228
  270,20001111,   19
  270,20001112,   64
  270,20001113,    1
  270,20001114,   -1
  270,20001115,    5
  270,20001116,   45
  270,20001117,   15
  270,20001118,   19
  270,20001119,   55
  270,20001120,    8
  270,20001121,    7
  270,20001122,   57
  270,20001123,   41
  270,20001124,   43
  270,20001125,   51
  270,20001126,   81
  270,20001127,   62
  270,20001128,   27
  270,20001129,   -1
  270,20001130,   -1
  270,20001201,   20
  270,20001202,   49
  270,20001203,  108
  270,20001204,    5
  270,20001205,    0
  270,20001206,   29
  270,20001207,   14
  270,20001208,   10
  270,20001209,   11
  270,20001210,   62
  270,20001211,  171
  270,20001212,   88
  270,20001213,   40
  270,20001214,    2
  270,20001215,   62
  270,20001216,   12
  270,20001217,    2
  270,20001218,    0
  270,20001219,    0
  270,20001220,    0
  270,20001221,    0
  270,20001222,    0
  270,20001223,    0
  270,20001224,   39
  270,20001225,    0
  270,20001226,    0
  270,20001227,    8
  270,20001228,   15
  270,20001229,   61
  270,20001230,   41
  270,20001231,    0
  270,20010101,   53
  270,20010102,   36
  270,20010103,   24
  270,20010104,   71
  270,20010105,  129
  270,20010106,   -1
  270,20010107,    0
  270,20010108,    4
  270,20010109,    3
  270,20010110,    0
  270,20010111,    0
  270,20010112,    0
  270,20010113,    0
  270,20010114,    0
  270,20010115,    0
  270,20010116,    0
  270,20010117,    0
  270,20010118,   -1
  270,20010119,   -1
  270,20010120,   11
  270,20010121,    6
  270,20010122,    7
  270,20010123,   47
  270,20010124,   80
  270,20010125,    1
  270,20010126,    4
  270,20010127,   30
  270,20010128,   -1
  270,20010129,   -1
  270,20010130,    2
  270,20010131,    0
  270,20010201,    3
  270,20010202,   14
  270,20010203,   68
  270,20010204,   67
  270,20010205,  155
  270,20010206,   56
  270,20010207,   10
  270,20010208,  106
  270,20010209,   -1
  270,20010210,   12
  270,20010211,    3
  270,20010212,   37
  270,20010213,    0
  270,20010214,    0
  270,20010215,    0
  270,20010216,    0
  270,20010217,    0
  270,20010218,    0
  270,20010219,   -1
  270,20010220,   -1
  270,20010221,    4
  270,20010222,   22
  270,20010223,   18
  270,20010224,   29
  270,20010225,   51
  270,20010226,   16
  270,20010227,    0
  270,20010228,    4
  270,20010301,    2
  270,20010302,    4
  270,20010303,   -1
  270,20010304,    0
  270,20010305,    0
  270,20010306,    0
  270,20010307,   22
  270,20010308,   45
  270,20010309,    2
  270,20010310,   12
  270,20010311,   56
  270,20010312,   10
  270,20010313,   78
  270,20010314,   32
  270,20010315,   -1
  270,20010316,    0
  270,20010317,   57
  270,20010318,   42
  270,20010319,   36
  270,20010320,    2
  270,20010321,   -1
  270,20010322,   -1
  270,20010323,   33
  270,20010324,   13
  270,20010325,    0
  270,20010326,    0
  270,20010327,    0
  270,20010328,   37
  270,20010329,    8
  270,20010330,    0
  270,20010331,    5
  270,20010401,    0
  270,20010402,    0
  270,20010403,   -1
  270,20010404,   60
  270,20010405,   85
  270,20010406,   22
  270,20010407,    6
  270,20010408,    9
  270,20010409,    0
  270,20010410,   59
  270,20010411,   -1
  270,20010412,    4
  270,20010413,   -1
  270,20010414,  122
  270,20010415,   36
  270,20010416,   13
  270,20010417,   61
  270,20010418,   66
  270,20010419,   20
  270,20010420,   72
  270,20010421,    0
  270,20010422,    0
  270,20010423,    0
  270,20010424,    4
  270,20010425,   10
  270,20010426,   55
  270,20010427,    0
  270,20010428,   -1
  270,20010429,   -1
  270,20010430,   -1
  270,20010501,   -1
  270,20010502,    0
  270,20010503,   72
  270,20010504,   24
  270,20010505,    0
  270,20010506,    0
  270,20010507,    0
  270,20010508,    0
  270,20010509,    0
  270,20010510,    0
  270,20010511,    0
  270,20010512,    0
  270,20010513,    0
  270,20010514,    6
  270,20010515,   46
  270,20010516,  172
  270,20010517,  130
  270,20010518,   -1
  270,20010519,    0
  270,20010520,    0
  270,20010521,    0
  270,20010522,    0
  270,20010523,    0
  270,20010524,    0
  270,20010525,    0
  270,20010526,    0
  270,20010527,   12
  270,20010528,   16
  270,20010529,    0
  270,20010530,    0
  270,20010531,   65
  270,20010601,   14
  270,20010602,  211
  270,20010603,   33
  270,20010604,    1
  270,20010605,    0
  270,20010606,    3
  270,20010607,   78
  270,20010608,   -1
  270,20010609,   10
  270,20010610,   11
  270,20010611,   54
  270,20010612,    1
  270,20010613,    0
  270,20010614,    0
  270,20010615,   71
  270,20010616,   52
  270,20010617,   20
  270,20010618,   -1
  270,20010619,    0
  270,20010620,   -1
  270,20010621,   -1
  270,20010622,   17
  270,20010623,    0
  270,20010624,    0
  270,20010625,    0
  270,20010626,    0
  270,20010627,    0
  270,20010628,    3
  270,20010629,    0
  270,20010630,   20
  270,20010701,    0
  270,20010702,    0
  270,20010703,    0
  270,20010704,    0
  270,20010705,    0
  270,20010706,    0
  270,20010707,   -1
  270,20010708,    0
  270,20010709,    0
  270,20010710,   15
  270,20010711,   29
  270,20010712,    2
  270,20010713,    2
  270,20010714,   37
  270,20010715,    0
  270,20010716,    0
  270,20010717,    0
  270,20010718,  266
  270,20010719,  161
  270,20010720,   29
  270,20010721,    4
  270,20010722,   -1
  270,20010723,   -1
  270,20010724,    0
  270,20010725,    0
  270,20010726,    0
  273,19960726,    0
  273,19960727,   20
  273,19960728,   -1
  273,19960729,   -1
  273,19960730,    0
  273,19960731,   14
  273,19960801,    0
  273,19960802,    0
  273,19960803,    0
  273,19960804,    0
  273,19960805,    0
  273,19960806,   62
  273,19960807,    3
  273,19960808,    0
  273,19960809,   -1
  273,19960810,    1
  273,19960811,  328
  273,19960812,  410
  273,19960813,    0
  273,19960814,    8
  273,19960815,   -1
  273,19960816,    0
  273,19960817,    0
  273,19960818,    0
  273,19960819,    0
  273,19960820,   -1
  273,19960821,   82
  273,19960822,    0
  273,19960823,    5
  273,19960824,    3
  273,19960825,   28
  273,19960826,    0
  273,19960827,   23
  273,19960828,  163
  273,19960829,   63
  273,19960830,   31
  273,19960831,    2
  273,19960901,    1
  273,19960902,    0
  273,19960903,    0
  273,19960904,    0
  273,19960905,    0
  273,19960906,    0
  273,19960907,   -1
  273,19960908,   -1
  273,19960909,    1
  273,19960910,   13
  273,19960911,   57
  273,19960912,   40
  273,19960913,  104
  273,19960914,   16
  273,19960915,    0
  273,19960916,   -1
  273,19960917,    0
  273,19960918,    0
  273,19960919,    0
  273,19960920,    0
  273,19960921,    0
  273,19960922,   48
  273,19960923,   11
  273,19960924,    0
  273,19960925,    0
  273,19960926,    4
  273,19960927,   76
  273,19960928,   -1
  273,19960929,   91
  273,19960930,   33
  273,19961001,   46
  273,19961002,    0
  273,19961003,   -1
  273,19961004,   40
  273,19961005,   31
  273,19961006,    0
  273,19961007,    0
  273,19961008,    0
  273,19961009,    6
  273,19961010,    0
  273,19961011,    0
  273,19961012,    0
  273,19961013,    0
  273,19961014,    0
  273,19961015,   -1
  273,19961016,    0
  273,19961017,    0
  273,19961018,   17
  273,19961019,   48
  273,19961020,  101
  273,19961021,   67
  273,19961022,    0
  273,19961023,    0
  273,19961024,    0
  273,19961025,   -1
  273,19961026,    5
  273,19961027,  137
  273,19961028,    4
  273,19961029,   53
  273,19961030,    9
  273,19961031,   62
  273,19961101,    4
  273,19961102,    8
  273,19961103,    7
  273,19961104,   53
  273,19961105,  131
  273,19961106,  115
  273,19961107,   51
  273,19961108,    4
  273,19961109,   32
  273,19961110,   99
  273,19961111,   56
  273,19961112,   47
  273,19961113,    9
  273,19961114,   -1
  273,19961115,    0
  273,19961116,    0
  273,19961117,   -1
  273,19961118,   46
  273,19961119,   48
  273,19961120,   72
  273,19961121,   75
  273,19961122,   76
  273,19961123,   73
  273,19961124,    0
  273,19961125,  115
  273,19961126,    4
  273,19961127,    0
  273,19961128,    0
  273,19961129,  106
  273,19961130,   82
  273,19961201,   32
  273,19961202,   25
  273,19961203,   57
  273,19961204,    1
  273,19961205,    0
  273,19961206,    2
  273,19961207,    9
  273,19961208,    0
  273,19961209,    0
  273,19961210,    0
  273,19961211,    0
  273,19961212,   -1
  273,19961213,   13
  273,19961214,   -1
  273,19961215,   -1
  273,19961216,    0
  273,19961217,    0
  273,19961218,   -1
  273,19961219,  294
  273,19961220,    1
  273,19961221,    0
  273,19961222,    0
  273,19961223,    0
  273,19961224,    0
  273,19961225,   -1
  273,19961226,    0
  273,19961227,    0
  273,19961228,    0
  273,19961229,   12
  273,19961230,    2
  273,19961231,    0
  273,19970101,    0
  273,19970102,    0
  273,19970103,    0
  273,19970104,    0
  273,19970105,    0
  273,19970106,    0
  273,19970107,    0
  273,19970108,    0
  273,19970109,    0
  273,19970110,    0
  273,19970111,    0
  273,19970112,   -1
  273,19970113,    0
  273,19970114,    0
  273,19970115,    0
  273,19970116,    0
  273,19970117,    0
  273,19970118,   -1
  273,19970119,   40
  273,19970120,    3
  273,19970121,    0
  273,19970122,    0
  273,19970123,    0
  273,19970124,    9
  273,19970125,    0
  273,19970126,    0
  273,19970127,    4
  273,19970128,    0
  273,19970129,   -1
  273,19970130,    0
  273,19970131,    1
  273,19970201,    0
  273,19970202,    2
  273,19970203,    0
  273,19970204,   44
  273,19970205,    0
  273,19970206,    0
  273,19970207,   46
  273,19970208,    0
  273,19970209,    5
  273,19970210,   45
  273,19970211,    8
  273,19970212,  149
  273,19970213,   90
  273,19970214,    0
  273,19970215,    0
  273,19970216,    0
  273,19970217,   17
  273,19970218,  103
  273,19970219,   35
  273,19970220,   -1
  273,19970221,   20
  273,19970222,    0
  273,19970223,    0
  273,19970224,   79
  273,19970225,   51
  273,19970226,   78
  273,19970227,    0
  273,19970228,   20
  273,19970301,    0
  273,19970302,   14
  273,19970303,    0
  273,19970304,    0
  273,19970305,    0
  273,19970306,   15
  273,19970307,    0
  273,19970308,    0
  273,19970309,    0
  273,19970310,    0
  273,19970311,    0
  273,19970312,    0
  273,19970313,    0
  273,19970314,    5
  273,19970315,    8
  273,19970316,   48
  273,19970317,    0
  273,19970318,   42
  273,19970319,   25
  273,19970320,    2
  273,19970321,    9
  273,19970322,   -1
  273,19970323,   27
  273,19970324,   14
  273,19970325,    5
  273,19970326,   28
  273,19970327,    1
  273,19970328,   34
  273,19970329,   -1
  273,19970330,    0
  273,19970331,    0
  273,19970401,    0
  273,19970402,    0
  273,19970403,    1
  273,19970404,    3
  273,19970405,   91
  273,19970406,   -1
  273,19970407,    0
  273,19970408,    0
  273,19970409,    0
  273,19970410,    0
  273,19970411,    1
  273,19970412,    4
  273,19970413,   -1
  273,19970414,   -1
  273,19970415,    2
  273,19970416,    3
  273,19970417,    0
  273,19970418,   -1
  273,19970419,   -1
  273,19970420,    0
  273,19970421,    9
  273,19970422,   -1
  273,19970423,    0
  273,19970424,    0
  273,19970425,   14
  273,19970426,    1
  273,19970427,    2
  273,19970428,  139
  273,19970429,   58
  273,19970430,    0
  273,19970501,    0
  273,19970502,    0
  273,19970503,    0
  273,19970504,   51
  273,19970505,   18
  273,19970506,   95
  273,19970507,   44
  273,19970508,   25
  273,19970509,   69
  273,19970510,    9
  273,19970511,   38
  273,19970512,    4
  273,19970513,    0
  273,19970514,   60
  273,19970515,    0
  273,19970516,    0
  273,19970517,    7
  273,19970518,   36
  273,19970519,  247
  273,19970520,  247
  273,19970521,   74
  273,19970522,    3
  273,19970523,    0
  273,19970524,    0
  273,19970525,    0
  273,19970526,    1
  273,19970527,   -1
  273,19970528,    0
  273,19970529,    0
  273,19970530,    0
  273,19970531,    0
  273,19970601,    0
  273,19970602,    0
  273,19970603,    0
  273,19970604,    0
  273,19970605,    0
  273,19970606,    0
  273,19970607,   79
  273,19970608,  111
  273,19970609,    0
  273,19970610,    0
  273,19970611,   42
  273,19970612,   -1
  273,19970613,   84
  273,19970614,   -1
  273,19970615,   33
  273,19970616,    0
  273,19970617,    0
  273,19970618,    0
  273,19970619,    0
  273,19970620,   74
  273,19970621,   55
  273,19970622,   32
  273,19970623,   60
  273,19970624,   15
  273,19970625,   16
  273,19970626,  135
  273,19970627,   84
  273,19970628,    5
  273,19970629,  677
  273,19970630,   16
  273,19970701,   12
  273,19970702,   10
  273,19970703,   -1
  273,19970704,    0
  273,19970705,    0
  273,19970706,   29
  273,19970707,    0
  273,19970708,    0
  273,19970709,    0
  273,19970710,    0
  273,19970711,    0
  273,19970712,    0
  273,19970713,    3
  273,19970714,    0
  273,19970715,    0
  273,19970716,    9
  273,19970717,   32
  273,19970718,    6
  273,19970719,   -1
  273,19970720,   -1
  273,19970721,   55
  273,19970722,   10
  273,19970723,    0
  273,19970724,   -1
  273,19970725,   67
  273,19970726,    4
  273,19970727,    5
  273,19970728,    0
  273,19970729,    0
  273,19970730,   18
  273,19970731,   91
  273,19970801,   25
  273,19970802,   19
  273,19970803,    0
  273,19970804,    0
  273,19970805,    0
  273,19970806,    0
  273,19970807,    0
  273,19970808,    0
  273,19970809,    0
  273,19970810,    0
  273,19970811,    0
  273,19970812,    0
  273,19970813,    0
  273,19970814,   -1
  273,19970815,    0
  273,19970816,    0
  273,19970817,    0
  273,19970818,    0
  273,19970819,    1
  273,19970820,    0
  273,19970821,    0
  273,19970822,   74
  273,19970823,    0
  273,19970824,   -1
  273,19970825,  124
  273,19970826,    8
  273,19970827,   98
  273,19970828,   44
  273,19970829,    4
  273,19970830,    3
  273,19970831,   -1
  273,19970901,   17
  273,19970902,   78
  273,19970903,    1
  273,19970904,   14
  273,19970905,    0
  273,19970906,   14
  273,19970907,   16
  273,19970908,    1
  273,19970909,   -1
  273,19970910,   -1
  273,19970911,    0
  273,19970912,  112
  273,19970913,   55
  273,19970914,    8
  273,19970915,    0
  273,19970916,    0
  273,19970917,    0
  273,19970918,    0
  273,19970919,    0
  273,19970920,    0
  273,19970921,    0
  273,19970922,    0
  273,19970923,    0
  273,19970924,    0
  273,19970925,    0
  273,19970926,    0
  273,19970927,    0
  273,19970928,    0
  273,19970929,    1
  273,19970930,   36
  273,19971001,   15
  273,19971002,    2
  273,19971003,    1
  273,19971004,   -1
  273,19971005,   -1
  273,19971006,    0
  273,19971007,  118
  273,19971008,  129
  273,19971009,   58
  273,19971010,  218
  273,19971011,   29
  273,19971012,   16
  273,19971013,   88
  273,19971014,   35
  273,19971015,    1
  273,19971016,    3
  273,19971017,    3
  273,19971018,    0
  273,19971019,    0
  273,19971020,    0
  273,19971021,    0
  273,19971022,    0
  273,19971023,    3
  273,19971024,   -1
  273,19971025,   20
  273,19971026,   12
  273,19971027,    0
  273,19971028,    0
  273,19971029,    0
  273,19971030,    0
  273,19971031,    0
  273,19971101,    0
  273,19971102,    4
  273,19971103,    2
  273,19971104,   -1
  273,19971105,   15
  273,19971106,   11
  273,19971107,   13
  273,19971108,    4
  273,19971109,    8
  273,19971110,   12
  273,19971111,   28
  273,19971112,    0
  273,19971113,    0
  273,19971114,    0
  273,19971115,   42
  273,19971116,    0
  273,19971117,    0
  273,19971118,    0
  273,19971119,    0
  273,19971120,   12
  273,19971121,    3
  273,19971122,    0
  273,19971123,    0
  273,19971124,    0
  273,19971125,    0
  273,19971126,    0
  273,19971127,   20
  273,19971128,   42
  273,19971129,    9
  273,19971130,    4
  273,19971201,    6
  273,19971202,   -1
  273,19971203,    3
  273,19971204,    0
  273,19971205,   -1
  273,19971206,   66
  273,19971207,    1
  273,19971208,    3
  273,19971209,   34
  273,19971210,  112
  273,19971211,   64
  273,19971212,   55
  273,19971213,    3
  273,19971214,    4
  273,19971215,    0
  273,19971216,    0
  273,19971217,   -1
  273,19971218,   -1
  273,19971219,   20
  273,19971220,    0
  273,19971221,   25
  273,19971222,    0
  273,19971223,    1
  273,19971224,   80
  273,19971225,   63
  273,19971226,   61
  273,19971227,   38
  273,19971228,   57
  273,19971229,    5
  273,19971230,   -1
  273,19971231,   24
  273,19980101,    1
  273,19980102,   94
  273,19980103,   93
  273,19980104,   59
  273,19980105,   86
  273,19980106,   13
  273,19980107,   53
  273,19980108,   49
  273,19980109,    0
  273,19980110,    0
  273,19980111,    0
  273,19980112,    0
  273,19980113,    0
  273,19980114,    8
  273,19980115,    9
  273,19980116,   14
  273,19980117,    3
  273,19980118,   24
  273,19980119,  127
  273,19980120,   16
  273,19980121,    0
  273,19980122,    0
  273,19980123,    0
  273,19980124,   -1
  273,19980125,    0
  273,19980126,    0
  273,19980127,   -1
  273,19980128,    5
  273,19980129,    1
  273,19980130,   13
  273,19980131,    0
  273,19980201,    0
  273,19980202,   20
  273,19980203,   -1
  273,19980204,    0
  273,19980205,    0
  273,19980206,    0
  273,19980207,   18
  273,19980208,    0
  273,19980209,    0
  273,19980210,    0
  273,19980211,    0
  273,19980212,   -1
  273,19980213,    0
  273,19980214,    0
  273,19980215,   -1
  273,19980216,    8
  273,19980217,    0
  273,19980218,    0
  273,19980219,    0
  273,19980220,    0
  273,19980221,   32
  273,19980222,    0
  273,19980223,   11
  273,19980224,    0
  273,19980225,    0
  273,19980226,    0
  273,19980227,    4
  273,19980228,   76
  273,19980301,   69
  273,19980302,   35
  273,19980303,  152
  273,19980304,   63
  273,19980305,   45
  273,19980306,  176
  273,19980307,  139
  273,19980308,   13
  273,19980309,    3
  273,19980310,   -1
  273,19980311,   58
  273,19980312,    1
  273,19980313,    6
  273,19980314,    3
  273,19980315,   12
  273,19980316,    0
  273,19980317,   -1
  273,19980318,    0
  273,19980319,    3
  273,19980320,   -1
  273,19980321,    0
  273,19980322,   16
  273,19980323,    0
  273,19980324,    0
  273,19980325,    0
  273,19980326,   36
  273,19980327,    8
  273,19980328,    0
  273,19980329,    0
  273,19980330,    0
  273,19980331,    0
  273,19980401,   26
  273,19980402,   42
  273,19980403,   91
  273,19980404,   83
  273,19980405,   38
  273,19980406,   23
  273,19980407,   28
  273,19980408,   13
  273,19980409,    8
  273,19980410,   36
  273,19980411,   31
  273,19980412,   -1
  273,19980413,   36
  273,19980414,   40
  273,19980415,   86
  273,19980416,   15
  273,19980417,   -1
  273,19980418,   20
  273,19980419,   -1
  273,19980420,   48
  273,19980421,    0
  273,19980422,    0
  273,19980423,   83
  273,19980424,   16
  273,19980425,   95
  273,19980426,   -1
  273,19980427,   77
  273,19980428,    0
  273,19980429,    0
  273,19980430,    1
  273,19980501,   -1
  273,19980502,    1
  273,19980503,    0
  273,19980504,    0
  273,19980505,   22
  273,19980506,   58
  273,19980507,    0
  273,19980508,    0
  273,19980509,    0
  273,19980510,    0
  273,19980511,    0
  273,19980512,    0
  273,19980513,    0
  273,19980514,    0
  273,19980515,    0
  273,19980516,    0
  273,19980517,    0
  273,19980518,    0
  273,19980519,    0
  273,19980520,   -1
  273,19980521,    2
  273,19980522,   -1
  273,19980523,   13
  273,19980524,   47
  273,19980525,    3
  273,19980526,   23
  273,19980527,   18
  273,19980528,   -1
  273,19980529,   56
  273,19980530,   14
  273,19980531,    0
  273,19980601,    0
  273,19980602,   69
  273,19980603,   18
  273,19980604,   -1
  273,19980605,   79
  273,19980606,  236
  273,19980607,   95
  273,19980608,    4
  273,19980609,  112
  273,19980610,   86
  273,19980611,   98
  273,19980612,   34
  273,19980613,    0
  273,19980614,   27
  273,19980615,   14
  273,19980616,   10
  273,19980617,   35
  273,19980618,   47
  273,19980619,   17
  273,19980620,   -1
  273,19980621,    4
  273,19980622,    7
  273,19980623,   37
  273,19980624,   -1
  273,19980625,   89
  273,19980626,    0
  273,19980627,   80
  273,19980628,   65
  273,19980629,  118
  273,19980630,  115
  273,19980701,    2
  273,19980702,    0
  273,19980703,    1
  273,19980704,   -1
  273,19980705,   68
  273,19980706,    3
  273,19980707,   58
  273,19980708,   17
  273,19980709,   27
  273,19980710,   40
  273,19980711,   45
  273,19980712,   84
  273,19980713,    7
  273,19980714,    9
  273,19980715,    4
  273,19980716,   29
  273,19980717,   33
  273,19980718,   -1
  273,19980719,    0
  273,19980720,    2
  273,19980721,   22
  273,19980722,    0
  273,19980723,   -1
  273,19980724,   -1
  273,19980725,    0
  273,19980726,    0
  273,19980727,    3
  273,19980728,   90
  273,19980729,   86
  273,19980730,   58
  273,19980731,   63
  273,19980801,    0
  273,19980802,    0
  273,19980803,    1
  273,19980804,   49
  273,19980805,   -1
  273,19980806,    0
  273,19980807,    0
  273,19980808,    0
  273,19980809,    0
  273,19980810,    0
  273,19980811,    0
  273,19980812,    0
  273,19980813,   -1
  273,19980814,    2
  273,19980815,    4
  273,19980816,    0
  273,19980817,    0
  273,19980818,    5
  273,19980819,    0
  273,19980820,    0
  273,19980821,  173
  273,19980822,   14
  273,19980823,  133
  273,19980824,   29
  273,19980825,    1
  273,19980826,  130
  273,19980827,   16
  273,19980828,    3
  273,19980829,   -1
  273,19980830,    0
  273,19980831,    0
  273,19980901,    3
  273,19980902,   24
  273,19980903,     
  273,19980904,     
  273,19980905,     
  273,19980906,     
  273,19980907,     
  273,19980908,   15
  273,19980909,   57
  273,19980910,   10
  273,19980911,   43
  273,19980912,   71
  273,19980913,   42
  273,19980914,  342
  273,19980915,   92
  273,19980916,   67
  273,19980917,   94
  273,19980918,    1
  273,19980919,   10
  273,19980920,    0
  273,19980921,    0
  273,19980922,    0
  273,19980923,    0
  273,19980924,    0
  273,19980925,    0
  273,19980926,    1
  273,19980927,    2
  273,19980928,    0
  273,19980929,    0
  273,19980930,   25
  273,19981001,   82
  273,19981002,    0
  273,19981003,   10
  273,19981004,    1
  273,19981005,    0
  273,19981006,    2
  273,19981007,   11
  273,19981008,  200
  273,19981009,   16
  273,19981010,   69
  273,19981011,   51
  273,19981012,   73
  273,19981013,   20
  273,19981014,   81
  273,19981015,    2
  273,19981016,    0
  273,19981017,  122
  273,19981018,    1
  273,19981019,   48
  273,19981020,   28
  273,19981021,   39
  273,19981022,    1
  273,19981023,  356
  273,19981024,  140
  273,19981025,  128
  273,19981026,   91
  273,19981027,  436
  273,19981028,  464
  273,19981029,   38
  273,19981030,  104
  273,19981031,   36
  273,19981101,   80
  273,19981102,   54
  273,19981103,   97
  273,19981104,   48
  273,19981105,   79
  273,19981106,    4
  273,19981107,    0
  273,19981108,   68
  273,19981109,  137
  273,19981110,   41
  273,19981111,   -1
  273,19981112,    0
  273,19981113,   36
  273,19981114,    2
  273,19981115,    1
  273,19981116,   -1
  273,19981117,   20
  273,19981118,    5
  273,19981119,    0
  273,19981120,    0
  273,19981121,    0
  273,19981122,    0
  273,19981123,    0
  273,19981124,    0
  273,19981125,   10
  273,19981126,   46
  273,19981127,    6
  273,19981128,    8
  273,19981129,   22
  273,19981130,    0
  273,19981201,    0
  273,19981202,    0
  273,19981203,    0
  273,19981204,   30
  273,19981205,   22
  273,19981206,    4
  273,19981207,    0
  273,19981208,    4
  273,19981209,   45
  273,19981210,    0
  273,19981211,    1
  273,19981212,  104
  273,19981213,   21
  273,19981214,   11
  273,19981215,  201
  273,19981216,    0
  273,19981217,    0
  273,19981218,   12
  273,19981219,   65
  273,19981220,    2
  273,19981221,    1
  273,19981222,    4
  273,19981223,    5
  273,19981224,   27
  273,19981225,   81
  273,19981226,   46
  273,19981227,   30
  273,19981228,   18
  273,19981229,    0
  273,19981230,    0
  273,19981231,    0
  273,19990101,   -1
  273,19990102,   36
  273,19990103,   69
  273,19990104,   33
  273,19990105,   36
  273,19990106,    0
  273,19990107,   44
  273,19990108,   99
  273,19990109,    1
  273,19990110,    0
  273,19990111,    1
  273,19990112,   27
  273,19990113,   37
  273,19990114,   53
  273,19990115,   37
  273,19990116,   66
  273,19990117,    0
  273,19990118,    0
  273,19990119,    7
  273,19990120,   40
  273,19990121,    2
  273,19990122,    0
  273,19990123,    0
  273,19990124,   30
  273,19990125,   66
  273,19990126,   83
  273,19990127,   74
  273,19990128,   83
  273,19990129,    0
  273,19990130,    0
  273,19990131,    0
  273,19990201,    4
  273,19990202,   -1
  273,19990203,    5
  273,19990204,    0
  273,19990205,   23
  273,19990206,   26
  273,19990207,   54
  273,19990208,   23
  273,19990209,    5
  273,19990210,   14
  273,19990211,   -1
  273,19990212,    0
  273,19990213,    0
  273,19990214,   20
  273,19990215,    6
  273,19990216,   53
  273,19990217,   25
  273,19990218,   -1
  273,19990219,   42
  273,19990220,    0
  273,19990221,   40
  273,19990222,   53
  273,19990223,   12
  273,19990224,    3
  273,19990225,    6
  273,19990226,   20
  273,19990227,   21
  273,19990228,    4
  273,19990301,  261
  273,19990302,  142
  273,19990303,    8
  273,19990304,    6
  273,19990305,   32
  273,19990306,   25
  273,19990307,    6
  273,19990308,    8
  273,19990309,   16
  273,19990310,    1
  273,19990311,    0
  273,19990312,    0
  273,19990313,    0
  273,19990314,    0
  273,19990315,    0
  273,19990316,    3
  273,19990317,    7
  273,19990318,   52
  273,19990319,    1
  273,19990320,   17
  273,19990321,   26
  273,19990322,   10
  273,19990323,   29
  273,19990324,    1
  273,19990325,    2
  273,19990326,   71
  273,19990327,   -1
  273,19990328,    0
  273,19990329,    0
  273,19990330,   36
  273,19990331,    0
  273,19990401,    0
  273,19990402,    0
  273,19990403,   46
  273,19990404,   96
  273,19990405,   -1
  273,19990406,   19
  273,19990407,   77
  273,19990408,    0
  273,19990409,    5
  273,19990410,   34
  273,19990411,    0
  273,19990412,   63
  273,19990413,  108
  273,19990414,   65
  273,19990415,    7
  273,19990416,   -1
  273,19990417,   31
  273,19990418,    0
  273,19990419,    0
  273,19990420,   11
  273,19990421,   57
  273,19990422,   12
  273,19990423,    0
  273,19990424,   -1
  273,19990425,    0
  273,19990426,    0
  273,19990427,    0
  273,19990428,    0
  273,19990429,    0
  273,19990430,    0
  273,19990501,    0
  273,19990502,    0
  273,19990503,    0
  273,19990504,    0
  273,19990505,    1
  273,19990506,   78
  273,19990507,   60
  273,19990508,   13
  273,19990509,    0
  273,19990510,   31
  273,19990511,    6
  273,19990512,    5
  273,19990513,    1
  273,19990514,   32
  273,19990515,    0
  273,19990516,    0
  273,19990517,    0
  273,19990518,    0
  273,19990519,    0
  273,19990520,    2
  273,19990521,    4
  273,19990522,   -1
  273,19990523,    0
  273,19990524,   -1
  273,19990525,   -1
  273,19990526,    0
  273,19990527,    0
  273,19990528,   -1
  273,19990529,   11
  273,19990530,   13
  273,19990531,    0
  273,19990601,    0
  273,19990602,   75
  273,19990603,    6
  273,19990604,   33
  273,19990605,   50
  273,19990606,   76
  273,19990607,   42
  273,19990608,    4
  273,19990609,    1
  273,19990610,    2
  273,19990611,   19
  273,19990612,    0
  273,19990613,    3
  273,19990614,    0
  273,19990615,    0
  273,19990616,    0
  273,19990617,   -1
  273,19990618,    0
  273,19990619,    0
  273,19990620,   93
  273,19990621,    7
  273,19990622,   66
  273,19990623,    2
  273,19990624,   -1
  273,19990625,    0
  273,19990626,    0
  273,19990627,   51
  273,19990628,    6
  273,19990629,   59
  273,19990630,    2
  273,19990701,   20
  273,19990702,    1
  273,19990703,   10
  273,19990704,   69
  273,19990705,  117
  273,19990706,    0
  273,19990707,    0
  273,19990708,    0
  273,19990709,    0
  273,19990710,    0
  273,19990711,    0
  273,19990712,    2
  273,19990713,    0
  273,19990714,    8
  273,19990715,   14
  273,19990716,    0
  273,19990717,    0
  273,19990718,    0
  273,19990719,    0
  273,19990720,   13
  273,19990721,    2
  273,19990722,  129
  273,19990723,   -1
  273,19990724,    0
  273,19990725,    0
  273,19990726,    0
  273,19990727,    0
  273,19990728,    0
  273,19990729,    0
  273,19990730,    0
  273,19990731,    0
  273,19990801,   -1
  273,19990802,    0
  273,19990803,    0
  273,19990804,    0
  273,19990805,    5
  273,19990806,    0
  273,19990807,   82
  273,19990808,   48
  273,19990809,    5
  273,19990810,   93
  273,19990811,   -1
  273,19990812,    0
  273,19990813,   -1
  273,19990814,   69
  273,19990815,    5
  273,19990816,    0
  273,19990817,   14
  273,19990818,  175
  273,19990819,   69
  273,19990820,   50
  273,19990821,    0
  273,19990822,    0
  273,19990823,   -1
  273,19990824,    0
  273,19990825,   -1
  273,19990826,   70
  273,19990827,    0
  273,19990828,    0
  273,19990829,    0
  273,19990830,    1
  273,19990831,   -1
  273,19990901,    5
  273,19990902,   -1
  273,19990903,    0
  273,19990904,    0
  273,19990905,    0
  273,19990906,    0
  273,19990907,    0
  273,19990908,    0
  273,19990909,    0
  273,19990910,    0
  273,19990911,    0
  273,19990912,    0
  273,19990913,    0
  273,19990914,   -1
  273,19990915,   73
  273,19990916,   13
  273,19990917,   -1
  273,19990918,   -1
  273,19990919,   -1
  273,19990920,    3
  273,19990921,   26
  273,19990922,  116
  273,19990923,   26
  273,19990924,  119
  273,19990925,   38
  273,19990926,   75
  273,19990927,   47
  273,19990928,   31
  273,19990929,  104
  273,19990930,   95
  273,19991001,  117
  273,19991002,   34
  273,19991003,   79
  273,19991004,   42
  273,19991005,   -1
  273,19991006,   -1
  273,19991007,   10
  273,19991008,   17
  273,19991009,    5
  273,19991010,    3
  273,19991011,   10
  273,19991012,    0
  273,19991013,    0
  273,19991014,    0
  273,19991015,    0
  273,19991016,    0
  273,19991017,    0
  273,19991018,    0
  273,19991019,    0
  273,19991020,    0
  273,19991021,   13
  273,19991022,   18
  273,19991023,   30
  273,19991024,    5
  273,19991025,   21
  273,19991026,   -1
  273,19991027,    0
  273,19991028,   -1
  273,19991029,    0
  273,19991030,   23
  273,19991031,   -1
  273,19991101,   -1
  273,19991102,   -1
  273,19991103,    0
  273,19991104,    0
  273,19991105,    1
  273,19991106,  236
  273,19991107,   20
  273,19991108,    5
  273,19991109,   15
  273,19991110,   -1
  273,19991111,    0
  273,19991112,    0
  273,19991113,   -1
  273,19991114,   -1
  273,19991115,    0
  273,19991116,    3
  273,19991117,   56
  273,19991118,   94
  273,19991119,   15
  273,19991120,    7
  273,19991121,    5
  273,19991122,   68
  273,19991123,    0
  273,19991124,    0
  273,19991125,   35
  273,19991126,    0
  273,19991127,   20
  273,19991128,    0
  273,19991129,    4
  273,19991130,    1
  273,19991201,    3
  273,19991202,   28
  273,19991203,   81
  273,19991204,   24
  273,19991205,    9
  273,19991206,   43
  273,19991207,   99
  273,19991208,   38
  273,19991209,    2
  273,19991210,   22
  273,19991211,  177
  273,19991212,  110
  273,19991213,  112
  273,19991214,   50
  273,19991215,   20
  273,19991216,   -1
  273,19991217,   35
  273,19991218,    5
  273,19991219,   99
  273,19991220,   10
  273,19991221,    0
  273,19991222,   18
  273,19991223,   23
  273,19991224,  104
  273,19991225,   64
  273,19991226,  115
  273,19991227,   34
  273,19991228,    4
  273,19991229,   38
  273,19991230,   11
  273,19991231,    0
  273,20000101,    9
  273,20000102,    1
  273,20000103,  104
  273,20000104,   41
  273,20000105,    0
  273,20000106,   14
  273,20000107,    0
  273,20000108,   13
  273,20000109,    0
  273,20000110,    0
  273,20000111,    0
  273,20000112,    0
  273,20000113,   -1
  273,20000114,    4
  273,20000115,   -1
  273,20000116,    6
  273,20000117,    2
  273,20000118,    2
  273,20000119,   -1
  273,20000120,    4
  273,20000121,    1
  273,20000122,   60
  273,20000123,    2
  273,20000124,    0
  273,20000125,   -1
  273,20000126,    1
  273,20000127,    0
  273,20000128,   21
  273,20000129,  136
  273,20000130,   60
  273,20000131,    5
  273,20000201,   20
  273,20000202,   50
  273,20000203,   -1
  273,20000204,   58
  273,20000205,    0
  273,20000206,    2
  273,20000207,   66
  273,20000208,   74
  273,20000209,   -1
  273,20000210,   75
  273,20000211,    0
  273,20000212,   41
  273,20000213,   -1
  273,20000214,   12
  273,20000215,    2
  273,20000216,  149
  273,20000217,   48
  273,20000218,   46
  273,20000219,   24
  273,20000220,    4
  273,20000221,    4
  273,20000222,    2
  273,20000223,   -1
  273,20000224,   72
  273,20000225,   58
  273,20000226,    0
  273,20000227,    0
  273,20000228,   55
  273,20000229,   41
  273,20000301,   13
  273,20000302,  153
  273,20000303,  173
  273,20000304,   33
  273,20000305,    3
  273,20000306,    0
  273,20000307,   17
  273,20000308,   62
  273,20000309,   76
  273,20000310,   15
  273,20000311,   19
  273,20000312,   -1
  273,20000313,   -1
  273,20000314,   44
  273,20000315,   33
  273,20000316,    3
  273,20000317,    2
  273,20000318,   26
  273,20000319,    0
  273,20000320,    0
  273,20000321,    0
  273,20000322,    0
  273,20000323,    0
  273,20000324,   49
  273,20000325,   34
  273,20000326,   79
  273,20000327,    0
  273,20000328,   -1
  273,20000329,    0
  273,20000330,    0
  273,20000331,   -1
  273,20000401,   12
  273,20000402,    6
  273,20000403,    4
  273,20000404,    2
  273,20000405,   -1
  273,20000406,    0
  273,20000407,    0
  273,20000408,    0
  273,20000409,    0
  273,20000410,    0
  273,20000411,    0
  273,20000412,   26
  273,20000413,   41
  273,20000414,   12
  273,20000415,   30
  273,20000416,   -1
  273,20000417,   36
  273,20000418,    0
  273,20000419,    0
  273,20000420,   -1
  273,20000421,    4
  273,20000422,   21
  273,20000423,   91
  273,20000424,    0
  273,20000425,    0
  273,20000426,   13
  273,20000427,    6
  273,20000428,    0
  273,20000429,   94
  273,20000430,    4
  273,20000501,    0
  273,20000502,    0
  273,20000503,  119
  273,20000504,    0
  273,20000505,    0
  273,20000506,    0
  273,20000507,   -1
  273,20000508,    0
  273,20000509,    0
  273,20000510,    0
  273,20000511,    0
  273,20000512,    0
  273,20000513,    0
  273,20000514,    0
  273,20000515,    0
  273,20000516,   62
  273,20000517,   22
  273,20000518,   69
  273,20000519,  149
  273,20000520,   39
  273,20000521,   52
  273,20000522,    4
  273,20000523,   96
  273,20000524,   60
  273,20000525,   99
  273,20000526,   38
  273,20000527,   10
  273,20000528,  134
  273,20000529,    7
  273,20000530,   28
  273,20000531,    0
  273,20000601,    8
  273,20000602,    0
  273,20000603,   25
  273,20000604,   20
  273,20000605,   46
  273,20000606,   56
  273,20000607,   62
  273,20000608,    0
  273,20000609,    0
  273,20000610,    0
  273,20000611,    0
  273,20000612,    0
  273,20000613,   17
  273,20000614,   65
  273,20000615,    0
  273,20000616,    0
  273,20000617,    0
  273,20000618,    0
  273,20000619,    0
  273,20000620,    0
  273,20000621,   27
  273,20000622,   13
  273,20000623,   79
  273,20000624,   77
  273,20000625,    2
  273,20000626,    1
  273,20000627,   -1
  273,20000628,   -1
  273,20000629,   -1
  273,20000630,   -1
  273,20000701,   23
  273,20000702,    0
  273,20000703,   14
  273,20000704,    0
  273,20000705,    8
  273,20000706,   -1
  273,20000707,    0
  273,20000708,   39
  273,20000709,   76
  273,20000710,  218
  273,20000711,   29
  273,20000712,    2
  273,20000713,   -1
  273,20000714,   52
  273,20000715,   27
  273,20000716,    2
  273,20000717,   -1
  273,20000718,    1
  273,20000719,    6
  273,20000720,    0
  273,20000721,    0
  273,20000722,    0
  273,20000723,    0
  273,20000724,  178
  273,20000725,   11
  273,20000726,    0
  273,20000727,    6
  273,20000728,   36
  273,20000729,    0
  273,20000730,    0
  273,20000731,    0
  273,20000801,   95
  273,20000802,    5
  273,20000803,   30
  273,20000804,   -1
  273,20000805,    0
  273,20000806,   -1
  273,20000807,    0
  273,20000808,   21
  273,20000809,    2
  273,20000810,    5
  273,20000811,   -1
  273,20000812,    0
  273,20000813,    0
  273,20000814,   30
  273,20000815,    0
  273,20000816,   -1
  273,20000817,    0
  273,20000818,   -1
  273,20000819,   -1
  273,20000820,  198
  273,20000821,  102
  273,20000822,    0
  273,20000823,    0
  273,20000824,    0
  273,20000825,   -1
  273,20000826,    0
  273,20000827,  227
  273,20000828,   24
  273,20000829,    9
  273,20000830,    3
  273,20000831,    0
  273,20000901,  105
  273,20000902,   71
  273,20000903,   32
  273,20000904,   -1
  273,20000905,   -1
  273,20000906,   72
  273,20000907,    9
  273,20000908,   59
  273,20000909,   10
  273,20000910,    0
  273,20000911,    0
  273,20000912,    0
  273,20000913,    0
  273,20000914,   -1
  273,20000915,   89
  273,20000916,    7
  273,20000917,    4
  273,20000918,    0
  273,20000919,    0
  273,20000920,  116
  273,20000921,   94
  273,20000922,    0
  273,20000923,    0
  273,20000924,   -1
  273,20000925,   69
  273,20000926,  119
  273,20000927,    1
  273,20000928,   31
  273,20000929,    0
  273,20000930,   -1
  273,20001001,   73
  273,20001002,    0
  273,20001003,   -1
  273,20001004,    4
  273,20001005,   23
  273,20001006,   72
  273,20001007,    0
  273,20001008,   94
  273,20001009,    3
  273,20001010,   68
  273,20001011,  112
  273,20001012,   -1
  273,20001013,   -1
  273,20001014,    0
  273,20001015,    3
  273,20001016,   17
  273,20001017,   25
  273,20001018,    5
  273,20001019,   75
  273,20001020,    0
  273,20001021,   -1
  273,20001022,   -1
  273,20001023,   41
  273,20001024,   40
  273,20001025,    4
  273,20001026,   38
  273,20001027,   53
  273,20001028,   39
  273,20001029,   43
  273,20001030,   97
  273,20001031,   12
  273,20001101,    4
  273,20001102,   71
  273,20001103,    0
  273,20001104,    3
  273,20001105,    0
  273,20001106,    8
  273,20001107,   14
  273,20001108,   24
  273,20001109,   68
  273,20001110,  266
  273,20001111,   12
  273,20001112,   97
  273,20001113,    0
  273,20001114,   -1
  273,20001115,    1
  273,20001116,   22
  273,20001117,    7
  273,20001118,   12
  273,20001119,   32
  273,20001120,   66
  273,20001121,    8
  273,20001122,    6
  273,20001123,   60
  273,20001124,    6
  273,20001125,   58
  273,20001126,   56
  273,20001127,    8
  273,20001128,   37
  273,20001129,    0
  273,20001130,    0
  273,20001201,    9
  273,20001202,   -1
  273,20001203,   48
  273,20001204,    1
  273,20001205,    1
  273,20001206,   28
  273,20001207,   19
  273,20001208,    9
  273,20001209,    0
  273,20001210,  166
  273,20001211,  102
  273,20001212,   68
  273,20001213,   56
  273,20001214,    9
  273,20001215,   62
  273,20001216,   33
  273,20001217,    2
  273,20001218,    0
  273,20001219,    0
  273,20001220,    0
  273,20001221,    0
  273,20001222,    0
  273,20001223,    0
  273,20001224,  170
  273,20001225,    5
  273,20001226,    0
  273,20001227,   35
  273,20001228,   61
  273,20001229,   36
  273,20001230,   12
  273,20001231,    0
  273,20010101,   49
  273,20010102,   -1
  273,20010103,   67
  273,20010104,   34
  273,20010105,  137
  273,20010106,   20
  273,20010107,   -1
  273,20010108,    6
  273,20010109,    0
  273,20010110,    0
  273,20010111,    0
  273,20010112,    0
  273,20010113,    0
  273,20010114,    0
  273,20010115,    0
  273,20010116,    0
  273,20010117,    0
  273,20010118,   -1
  273,20010119,   -1
  273,20010120,    9
  273,20010121,   16
  273,20010122,    9
  273,20010123,   27
  273,20010124,   31
  273,20010125,   15
  273,20010126,   11
  273,20010127,  102
  273,20010128,   27
  273,20010129,   -1
  273,20010130,    0
  273,20010131,    0
  273,20010201,    6
  273,20010202,   59
  273,20010203,   61
  273,20010204,  183
  273,20010205,   65
  273,20010206,   57
  273,20010207,   28
  273,20010208,  108
  273,20010209,    0
  273,20010210,    5
  273,20010211,    1
  273,20010212,   33
  273,20010213,    0
  273,20010214,    0
  273,20010215,    0
  273,20010216,   25
  273,20010217,    0
  273,20010218,    0
  273,20010219,    9
  273,20010220,   -1
  273,20010221,   17
  273,20010222,   25
  273,20010223,   50
  273,20010224,    8
  273,20010225,   58
  273,20010226,   10
  273,20010227,    0
  273,20010228,   -1
  273,20010301,    2
  273,20010302,    2
  273,20010303,    0
  273,20010304,    0
  273,20010305,    0
  273,20010306,    0
  273,20010307,   37
  273,20010308,   11
  273,20010309,    2
  273,20010310,   90
  273,20010311,   47
  273,20010312,   12
  273,20010313,   39
  273,20010314,   34
  273,20010315,    7
  273,20010316,   -1
  273,20010317,   78
  273,20010318,   43
  273,20010319,   26
  273,20010320,    0
  273,20010321,   31
  273,20010322,   -1
  273,20010323,  142
  273,20010324,   -1
  273,20010325,    0
  273,20010326,    0
  273,20010327,    0
  273,20010328,   33
  273,20010329,   65
  273,20010330,    0
  273,20010331,   -1
  273,20010401,   -1
  273,20010402,    0
  273,20010403,   -1
  273,20010404,   75
  273,20010405,   29
  273,20010406,   44
  273,20010407,   21
  273,20010408,    2
  273,20010409,    0
  273,20010410,    3
  273,20010411,   -1
  273,20010412,    4
  273,20010413,    0
  273,20010414,   84
  273,20010415,   60
  273,20010416,   22
  273,20010417,    7
  273,20010418,   59
  273,20010419,   82
  273,20010420,   35
  273,20010421,    0
  273,20010422,    0
  273,20010423,    0
  273,20010424,   -1
  273,20010425,   98
  273,20010426,   49
  273,20010427,   28
  273,20010428,   30
  273,20010429,    6
  273,20010430,    3
  273,20010501,    2
  273,20010502,    0
  273,20010503,   35
  273,20010504,   13
  273,20010505,    0
  273,20010506,    0
  273,20010507,    0
  273,20010508,    0
  273,20010509,    0
  273,20010510,    0
  273,20010511,    0
  273,20010512,    0
  273,20010513,    0
  273,20010514,   79
  273,20010515,    4
  273,20010516,   99
  273,20010517,   60
  273,20010518,   49
  273,20010519,    0
  273,20010520,    0
  273,20010521,    0
  273,20010522,    0
  273,20010523,    0
  273,20010524,    0
  273,20010525,    0
  273,20010526,    0
  273,20010527,   11
  273,20010528,   13
  273,20010529,    0
  273,20010530,   -1
  273,20010531,   29
  273,20010601,   16
  273,20010602,  145
  273,20010603,   48
  273,20010604,   -1
  273,20010605,    0
  273,20010606,   -1
  273,20010607,   49
  273,20010608,    3
  273,20010609,   -1
  273,20010610,    0
  273,20010611,    0
  273,20010612,    0
  273,20010613,    0
  273,20010614,    0
  273,20010615,   74
  273,20010616,   17
  273,20010617,  152
  273,20010618,   -1
  273,20010619,    0
  273,20010620,   -1
  273,20010621,    0
  273,20010622,   65
  273,20010623,    0
  273,20010624,    0
  273,20010625,    0
  273,20010626,    0
  273,20010627,   -1
  273,20010628,    1
  273,20010629,   -1
  273,20010630,  100
  273,20010701,    0
  273,20010702,    0
  273,20010703,    0
  273,20010704,    0
  273,20010705,    0
  273,20010706,    0
  273,20010707,   53
  273,20010708,   51
  273,20010709,    0
  273,20010710,   83
  273,20010711,   71
  273,20010712,   70
  273,20010713,   26
  273,20010714,   90
  273,20010715,   -1
  273,20010716,    0
  273,20010717,   12
  273,20010718,  172
  273,20010719,    9
  273,20010720,   -1
  273,20010721,    6
  273,20010722,    0
  273,20010723,   13
  273,20010724,    0
  273,20010725,    0
  273,20010726,    0
  275,19960726,    0
  275,19960727,   -1
  275,19960728,    0
  275,19960729,   -1
  275,19960730,   25
  275,19960731,    2
  275,19960801,   -1
  275,19960802,    0
  275,19960803,    0
  275,19960804,    0
  275,19960805,    0
  275,19960806,  161
  275,19960807,    0
  275,19960808,    0
  275,19960809,    0
  275,19960810,   -1
  275,19960811,  118
  275,19960812,  131
  275,19960813,   13
  275,19960814,    4
  275,19960815,    5
  275,19960816,    0
  275,19960817,    0
  275,19960818,    0
  275,19960819,    0
  275,19960820,    0
  275,19960821,    5
  275,19960822,    0
  275,19960823,   29
  275,19960824,   40
  275,19960825,   35
  275,19960826,    2
  275,19960827,    7
  275,19960828,  191
  275,19960829,  169
  275,19960830,   19
  275,19960831,   21
  275,19960901,    9
  275,19960902,    0
  275,19960903,    0
  275,19960904,   -1
  275,19960905,    0
  275,19960906,    0
  275,19960907,    0
  275,19960908,    0
  275,19960909,   -1
  275,19960910,    6
  275,19960911,    1
  275,19960912,   90
  275,19960913,  102
  275,19960914,   -1
  275,19960915,   -1
  275,19960916,    0
  275,19960917,    0
  275,19960918,    0
  275,19960919,    0
  275,19960920,    0
  275,19960921,    0
  275,19960922,   14
  275,19960923,   11
  275,19960924,    0
  275,19960925,    0
  275,19960926,    6
  275,19960927,   99
  275,19960928,   -1
  275,19960929,  132
  275,19960930,  108
  275,19961001,   93
  275,19961002,    0
  275,19961003,    0
  275,19961004,   32
  275,19961005,    2
  275,19961006,    0
  275,19961007,    0
  275,19961008,    0
  275,19961009,   -1
  275,19961010,   15
  275,19961011,    0
  275,19961012,    0
  275,19961013,    0
  275,19961014,    0
  275,19961015,   -1
  275,19961016,    0
  275,19961017,    0
  275,19961018,   17
  275,19961019,   19
  275,19961020,  147
  275,19961021,   72
  275,19961022,    0
  275,19961023,    0
  275,19961024,    0
  275,19961025,   -1
  275,19961026,   11
  275,19961027,  163
  275,19961028,   13
  275,19961029,   87
  275,19961030,   -1
  275,19961031,   93
  275,19961101,   27
  275,19961102,   42
  275,19961103,   74
  275,19961104,   58
  275,19961105,   53
  275,19961106,   60
  275,19961107,  225
  275,19961108,   -1
  275,19961109,   16
  275,19961110,  111
  275,19961111,   82
  275,19961112,   -1
  275,19961113,   11
  275,19961114,   -1
  275,19961115,    0
  275,19961116,    0
  275,19961117,    0
  275,19961118,   63
  275,19961119,   82
  275,19961120,   44
  275,19961121,   84
  275,19961122,   -1
  275,19961123,   46
  275,19961124,    5
  275,19961125,  140
  275,19961126,   -1
  275,19961127,    0
  275,19961128,    0
  275,19961129,  122
  275,19961130,   81
  275,19961201,   37
  275,19961202,   13
  275,19961203,  146
  275,19961204,    3
  275,19961205,   15
  275,19961206,   -1
  275,19961207,   -1
  275,19961208,    0
  275,19961209,    0
  275,19961210,    0
  275,19961211,   -1
  275,19961212,   -1
  275,19961213,   -1
  275,19961214,   -1
  275,19961215,    1
  275,19961216,    0
  275,19961217,    0
  275,19961218,   -1
  275,19961219,  331
  275,19961220,   -1
  275,19961221,    0
  275,19961222,    0
  275,19961223,    0
  275,19961224,    0
  275,19961225,    0
  275,19961226,    0
  275,19961227,    0
  275,19961228,    0
  275,19961229,   24
  275,19961230,   -1
  275,19961231,    0
  275,19970101,    0
  275,19970102,    0
  275,19970103,    0
  275,19970104,    0
  275,19970105,    0
  275,19970106,   -1
  275,19970107,   -1
  275,19970108,   -1
  275,19970109,    0
  275,19970110,   -1
  275,19970111,    0
  275,19970112,   -1
  275,19970113,   -1
  275,19970114,    0
  275,19970115,    0
  275,19970116,    0
  275,19970117,    0
  275,19970118,   -1
  275,19970119,   19
  275,19970120,    1
  275,19970121,    0
  275,19970122,   -1
  275,19970123,    0
  275,19970124,    2
  275,19970125,    0
  275,19970126,    0
  275,19970127,    0
  275,19970128,   -1
  275,19970129,   -1
  275,19970130,   -1
  275,19970131,    2
  275,19970201,    0
  275,19970202,    1
  275,19970203,    2
  275,19970204,   72
  275,19970205,   92
  275,19970206,    0
  275,19970207,   16
  275,19970208,    0
  275,19970209,    0
  275,19970210,   43
  275,19970211,   15
  275,19970212,  160
  275,19970213,  109
  275,19970214,    0
  275,19970215,    0
  275,19970216,    0
  275,19970217,   15
  275,19970218,  116
  275,19970219,   40
  275,19970220,    3
  275,19970221,   22
  275,19970222,    0
  275,19970223,    0
  275,19970224,   97
  275,19970225,   51
  275,19970226,   75
  275,19970227,    0
  275,19970228,    8
  275,19970301,    0
  275,19970302,   15
  275,19970303,    0
  275,19970304,    0
  275,19970305,    0
  275,19970306,   10
  275,19970307,    0
  275,19970308,    0
  275,19970309,    0
  275,19970310,    0
  275,19970311,    0
  275,19970312,    0
  275,19970313,    0
  275,19970314,    2
  275,19970315,   26
  275,19970316,   25
  275,19970317,    1
  275,19970318,   61
  275,19970319,   59
  275,19970320,    5
  275,19970321,    1
  275,19970322,   -1
  275,19970323,   33
  275,19970324,    3
  275,19970325,   22
  275,19970326,   14
  275,19970327,    0
  275,19970328,   17
  275,19970329,   -1
  275,19970330,    0
  275,19970331,    0
  275,19970401,    0
  275,19970402,    0
  275,19970403,    2
  275,19970404,   10
  275,19970405,  149
  275,19970406,    0
  275,19970407,    0
  275,19970408,    0
  275,19970409,    0
  275,19970410,    0
  275,19970411,   -1
  275,19970412,    4
  275,19970413,   -1
  275,19970414,    4
  275,19970415,   -1
  275,19970416,    1
  275,19970417,    0
  275,19970418,   -1
  275,19970419,   -1
  275,19970420,    0
  275,19970421,   -1
  275,19970422,   -1
  275,19970423,    0
  275,19970424,    0
  275,19970425,   18
  275,19970426,   13
  275,19970427,    4
  275,19970428,  140
  275,19970429,   96
  275,19970430,    0
  275,19970501,    0
  275,19970502,    0
  275,19970503,    0
  275,19970504,   19
  275,19970505,   59
  275,19970506,   85
  275,19970507,   -1
  275,19970508,   32
  275,19970509,   56
  275,19970510,   12
  275,19970511,   11
  275,19970512,   -1
  275,19970513,    0
  275,19970514,   85
  275,19970515,    0
  275,19970516,   16
  275,19970517,    4
  275,19970518,   67
  275,19970519,   30
  275,19970520,   71
  275,19970521,   54
  275,19970522,    6
  275,19970523,    0
  275,19970524,    0
  275,19970525,    0
  275,19970526,   -1
  275,19970527,   -1
  275,19970528,    0
  275,19970529,    0
  275,19970530,    0
  275,19970531,    0
  275,19970601,    2
  275,19970602,    0
  275,19970603,    0
  275,19970604,    0
  275,19970605,    0
  275,19970606,    0
  275,19970607,   14
  275,19970608,  190
  275,19970609,    0
  275,19970610,    0
  275,19970611,   53
  275,19970612,    0
  275,19970613,   75
  275,19970614,   58
  275,19970615,    0
  275,19970616,    0
  275,19970617,    0
  275,19970618,    0
  275,19970619,   -1
  275,19970620,   41
  275,19970621,   60
  275,19970622,   75
  275,19970623,   83
  275,19970624,    1
  275,19970625,   19
  275,19970626,  120
  275,19970627,   31
  275,19970628,  107
  275,19970629,  104
  275,19970630,   12
  275,19970701,   25
  275,19970702,   17
  275,19970703,    2
  275,19970704,    0
  275,19970705,  105
  275,19970706,   26
  275,19970707,    0
  275,19970708,    0
  275,19970709,   -1
  275,19970710,    0
  275,19970711,    0
  275,19970712,    8
  275,19970713,   83
  275,19970714,    6
  275,19970715,    0
  275,19970716,   16
  275,19970717,   32
  275,19970718,   79
  275,19970719,    1
  275,19970720,   50
  275,19970721,  292
  275,19970722,   -1
  275,19970723,    0
  275,19970724,    4
  275,19970725,   58
  275,19970726,    4
  275,19970727,    9
  275,19970728,    0
  275,19970729,    0
  275,19970730,   -1
  275,19970731,    2
  275,19970801,  147
  275,19970802,   19
  275,19970803,   -1
  275,19970804,    0
  275,19970805,    0
  275,19970806,    0
  275,19970807,    0
  275,19970808,    0
  275,19970809,    0
  275,19970810,    0
  275,19970811,    0
  275,19970812,    0
  275,19970813,    0
  275,19970814,    0
  275,19970815,    0
  275,19970816,    0
  275,19970817,    0
  275,19970818,    0
  275,19970819,    0
  275,19970820,   -1
  275,19970821,    0
  275,19970822,   46
  275,19970823,    9
  275,19970824,   -1
  275,19970825,  124
  275,19970826,   11
  275,19970827,   56
  275,19970828,   33
  275,19970829,   71
  275,19970830,    5
  275,19970831,    0
  275,19970901,   80
  275,19970902,   74
  275,19970903,    0
  275,19970904,    2
  275,19970905,   -1
  275,19970906,   81
  275,19970907,   80
  275,19970908,   -1
  275,19970909,    0
  275,19970910,    0
  275,19970911,    0
  275,19970912,   18
  275,19970913,    4
  275,19970914,    3
  275,19970915,    0
  275,19970916,    0
  275,19970917,    0
  275,19970918,    0
  275,19970919,   -1
  275,19970920,    0
  275,19970921,    0
  275,19970922,    0
  275,19970923,    0
  275,19970924,    0
  275,19970925,    0
  275,19970926,    0
  275,19970927,    0
  275,19970928,    0
  275,19970929,   -1
  275,19970930,   65
  275,19971001,   69
  275,19971002,   -1
  275,19971003,    0
  275,19971004,   -1
  275,19971005,    0
  275,19971006,    0
  275,19971007,   59
  275,19971008,   99
  275,19971009,   56
  275,19971010,  220
  275,19971011,   42
  275,19971012,   18
  275,19971013,   56
  275,19971014,   16
  275,19971015,   19
  275,19971016,   -1
  275,19971017,    3
  275,19971018,    0
  275,19971019,    0
  275,19971020,    0
  275,19971021,    0
  275,19971022,    0
  275,19971023,    1
  275,19971024,   -1
  275,19971025,    5
  275,19971026,    4
  275,19971027,    0
  275,19971028,    0
  275,19971029,    0
  275,19971030,    0
  275,19971031,    0
  275,19971101,    0
  275,19971102,   -1
  275,19971103,    0
  275,19971104,    7
  275,19971105,   19
  275,19971106,   48
  275,19971107,   36
  275,19971108,   -1
  275,19971109,   72
  275,19971110,   27
  275,19971111,   35
  275,19971112,    0
  275,19971113,    0
  275,19971114,    0
  275,19971115,   26
  275,19971116,    0
  275,19971117,    0
  275,19971118,    0
  275,19971119,    0
  275,19971120,   13
  275,19971121,   -1
  275,19971122,    0
  275,19971123,    0
  275,19971124,    0
  275,19971125,    0
  275,19971126,    0
  275,19971127,   33
  275,19971128,   46
  275,19971129,   12
  275,19971130,    4
  275,19971201,    3
  275,19971202,    6
  275,19971203,    0
  275,19971204,    0
  275,19971205,   -1
  275,19971206,   52
  275,19971207,   -1
  275,19971208,    4
  275,19971209,   78
  275,19971210,  194
  275,19971211,   18
  275,19971212,   42
  275,19971213,    2
  275,19971214,    5
  275,19971215,   -1
  275,19971216,    0
  275,19971217,   -1
  275,19971218,   -1
  275,19971219,    9
  275,19971220,   -1
  275,19971221,   43
  275,19971222,    0
  275,19971223,    5
  275,19971224,   67
  275,19971225,   61
  275,19971226,   46
  275,19971227,   54
  275,19971228,   50
  275,19971229,   19
  275,19971230,    0
  275,19971231,   48
  275,19980101,    2
  275,19980102,  119
  275,19980103,  199
  275,19980104,   36
  275,19980105,  137
  275,19980106,    7
  275,19980107,  114
  275,19980108,   23
  275,19980109,    0
  275,19980110,    0
  275,19980111,    0
  275,19980112,    0
  275,19980113,    0
  275,19980114,   37
  275,19980115,   15
  275,19980116,   18
  275,19980117,   -1
  275,19980118,   44
  275,19980119,   62
  275,19980120,   36
  275,19980121,    0
  275,19980122,    0
  275,19980123,   -1
  275,19980124,    4
  275,19980125,    0
  275,19980126,    0
  275,19980127,    0
  275,19980128,    1
  275,19980129,    3
  275,19980130,   24
  275,19980131,    1
  275,19980201,    0
  275,19980202,   18
  275,19980203,    0
  275,19980204,    0
  275,19980205,    0
  275,19980206,    0
  275,19980207,   29
  275,19980208,    0
  275,19980209,    0
  275,19980210,    0
  275,19980211,    0
  275,19980212,    0
  275,19980213,    0
  275,19980214,    0
  275,19980215,   -1
  275,19980216,   15
  275,19980217,   -1
  275,19980218,    0
  275,19980219,   -1
  275,19980220,    0
  275,19980221,   24
  275,19980222,    3
  275,19980223,    6
  275,19980224,   -1
  275,19980225,    0
  275,19980226,   -1
  275,19980227,   -1
  275,19980228,   72
  275,19980301,   21
  275,19980302,   26
  275,19980303,  211
  275,19980304,   75
  275,19980305,  153
  275,19980306,  337
  275,19980307,  131
  275,19980308,   42
  275,19980309,   -1
  275,19980310,    0
  275,19980311,   80
  275,19980312,    5
  275,19980313,   16
  275,19980314,   10
  275,19980315,   21
  275,19980316,    0
  275,19980317,   -1
  275,19980318,   -1
  275,19980319,   -1
  275,19980320,   -1
  275,19980321,    0
  275,19980322,   47
  275,19980323,    2
  275,19980324,    0
  275,19980325,    0
  275,19980326,   31
  275,19980327,    8
  275,19980328,    1
  275,19980329,    0
  275,19980330,    0
  275,19980331,    0
  275,19980401,   36
  275,19980402,   20
  275,19980403,  162
  275,19980404,   48
  275,19980405,   30
  275,19980406,   45
  275,19980407,   79
  275,19980408,    0
  275,19980409,    2
  275,19980410,    1
  275,19980411,   10
  275,19980412,   -1
  275,19980413,   59
  275,19980414,   -1
  275,19980415,   91
  275,19980416,   18
  275,19980417,    5
  275,19980418,   -1
  275,19980419,   -1
  275,19980420,   52
  275,19980421,    0
  275,19980422,    0
  275,19980423,   15
  275,19980424,   15
  275,19980425,  101
  275,19980426,    2
  275,19980427,   75
  275,19980428,    1
  275,19980429,    0
  275,19980430,    0
  275,19980501,    0
  275,19980502,   10
  275,19980503,    0
  275,19980504,    0
  275,19980505,    5
  275,19980506,   52
  275,19980507,    3
  275,19980508,    0
  275,19980509,    0
  275,19980510,    0
  275,19980511,    0
  275,19980512,    0
  275,19980513,    0
  275,19980514,    0
  275,19980515,    0
  275,19980516,    0
  275,19980517,    0
  275,19980518,    0
  275,19980519,    0
  275,19980520,    0
  275,19980521,    3
  275,19980522,   -1
  275,19980523,    3
  275,19980524,   13
  275,19980525,   31
  275,19980526,   63
  275,19980527,   81
  275,19980528,    2
  275,19980529,  184
  275,19980530,   -1
  275,19980531,    0
  275,19980601,    0
  275,19980602,   21
  275,19980603,   24
  275,19980604,    0
  275,19980605,   42
  275,19980606,  165
  275,19980607,  168
  275,19980608,   -1
  275,19980609,   84
  275,19980610,   19
  275,19980611,   11
  275,19980612,   75
  275,19980613,    0
  275,19980614,  154
  275,19980615,   25
  275,19980616,   60
  275,19980617,    2
  275,19980618,  112
  275,19980619,   -1
  275,19980620,    0
  275,19980621,    4
  275,19980622,    0
  275,19980623,   17
  275,19980624,    2
  275,19980625,   23
  275,19980626,   -1
  275,19980627,   26
  275,19980628,   -1
  275,19980629,    4
  275,19980630,   31
  275,19980701,   -1
  275,19980702,    0
  275,19980703,   -1
  275,19980704,    4
  275,19980705,   32
  275,19980706,    0
  275,19980707,   10
  275,19980708,    8
  275,19980709,    7
  275,19980710,   19
  275,19980711,   50
  275,19980712,  156
  275,19980713,    4
  275,19980714,    1
  275,19980715,   66
  275,19980716,   10
  275,19980717,   16
  275,19980718,   -1
  275,19980719,    0
  275,19980720,    0
  275,19980721,   42
  275,19980722,    0
  275,19980723,    5
  275,19980724,    0
  275,19980725,    0
  275,19980726,    0
  275,19980727,    5
  275,19980728,   13
  275,19980729,   14
  275,19980730,  156
  275,19980731,   16
  275,19980801,   45
  275,19980802,    0
  275,19980803,    0
  275,19980804,    8
  275,19980805,    0
  275,19980806,    0
  275,19980807,    0
  275,19980808,    0
  275,19980809,    0
  275,19980810,    0
  275,19980811,    0
  275,19980812,    0
  275,19980813,    0
  275,19980814,   -1
  275,19980815,    0
  275,19980816,    0
  275,19980817,    0
  275,19980818,   70
  275,19980819,    0
  275,19980820,    0
  275,19980821,  109
  275,19980822,   14
  275,19980823,   96
  275,19980824,  161
  275,19980825,    2
  275,19980826,  197
  275,19980827,    8
  275,19980828,    1
  275,19980829,   -1
  275,19980830,   -1
  275,19980831,    0
  275,19980901,   33
  275,19980902,  177
  275,19980903,  326
  275,19980904,   24
  275,19980905,   27
  275,19980906,    5
  275,19980907,   16
  275,19980908,   38
  275,19980909,   73
  275,19980910,   48
  275,19980911,   -1
  275,19980912,   76
  275,19980913,  120
  275,19980914,  418
  275,19980915,   87
  275,19980916,   93
  275,19980917,   70
  275,19980918,   -1
  275,19980919,   75
  275,19980920,    0
  275,19980921,    0
  275,19980922,    0
  275,19980923,    0
  275,19980924,    0
  275,19980925,    0
  275,19980926,    9
  275,19980927,   -1
  275,19980928,   12
  275,19980929,    0
  275,19980930,   28
  275,19981001,    5
  275,19981002,   -1
  275,19981003,    1
  275,19981004,   -1
  275,19981005,   23
  275,19981006,   13
  275,19981007,   15
  275,19981008,  130
  275,19981009,    0
  275,19981010,   73
  275,19981011,   46
  275,19981012,  121
  275,19981013,   42
  275,19981014,   69
  275,19981015,    1
  275,19981016,    0
  275,19981017,   34
  275,19981018,    5
  275,19981019,    1
  275,19981020,   22
  275,19981021,   49
  275,19981022,    4
  275,19981023,  104
  275,19981024,  188
  275,19981025,   62
  275,19981026,   74
  275,19981027,  216
  275,19981028,  211
  275,19981029,   41
  275,19981030,  127
  275,19981031,  115
  275,19981101,  148
  275,19981102,   84
  275,19981103,  153
  275,19981104,   34
  275,19981105,   77
  275,19981106,   29
  275,19981107,    0
  275,19981108,   86
  275,19981109,   74
  275,19981110,   32
  275,19981111,   10
  275,19981112,    0
  275,19981113,   37
  275,19981114,   62
  275,19981115,   18
  275,19981116,    1
  275,19981117,    3
  275,19981118,    6
  275,19981119,    0
  275,19981120,    0
  275,19981121,    0
  275,19981122,    0
  275,19981123,    0
  275,19981124,    0
  275,19981125,    2
  275,19981126,   40
  275,19981127,    7
  275,19981128,   13
  275,19981129,   49
  275,19981130,   -1
  275,19981201,    0
  275,19981202,    0
  275,19981203,   -1
  275,19981204,   18
  275,19981205,   39
  275,19981206,    7
  275,19981207,   -1
  275,19981208,    2
  275,19981209,   28
  275,19981210,    0
  275,19981211,   11
  275,19981212,   91
  275,19981213,   12
  275,19981214,   22
  275,19981215,  130
  275,19981216,    0
  275,19981217,    0
  275,19981218,   18
  275,19981219,   91
  275,19981220,   -1
  275,19981221,   -1
  275,19981222,   11
  275,19981223,    2
  275,19981224,   19
  275,19981225,   62
  275,19981226,   67
  275,19981227,   51
  275,19981228,  117
  275,19981229,    0
  275,19981230,    0
  275,19981231,    0
  275,19990101,   -1
  275,19990102,   40
  275,19990103,  129
  275,19990104,   78
  275,19990105,   15
  275,19990106,    0
  275,19990107,   38
  275,19990108,   90
  275,19990109,    4
  275,19990110,    0
  275,19990111,   -1
  275,19990112,   89
  275,19990113,   76
  275,19990114,   32
  275,19990115,   36
  275,19990116,  129
  275,19990117,    9
  275,19990118,    0
  275,19990119,    1
  275,19990120,   -1
  275,19990121,    2
  275,19990122,    0
  275,19990123,   -1
  275,19990124,   13
  275,19990125,   27
  275,19990126,   47
  275,19990127,   63
  275,19990128,   80
  275,19990129,    0
  275,19990130,    0
  275,19990131,    0
  275,19990201,    4
  275,19990202,   -1
  275,19990203,   -1
  275,19990204,    8
  275,19990205,   41
  275,19990206,   26
  275,19990207,   67
  275,19990208,   63
  275,19990209,    1
  275,19990210,   24
  275,19990211,   -1
  275,19990212,    0
  275,19990213,    0
  275,19990214,   12
  275,19990215,   14
  275,19990216,   31
  275,19990217,   20
  275,19990218,    2
  275,19990219,   75
  275,19990220,    0
  275,19990221,   80
  275,19990222,   61
  275,19990223,   18
  275,19990224,    2
  275,19990225,    2
  275,19990226,   20
  275,19990227,   24
  275,19990228,    9
  275,19990301,  251
  275,19990302,  155
  275,19990303,    7
  275,19990304,   26
  275,19990305,    3
  275,19990306,   16
  275,19990307,   20
  275,19990308,   70
  275,19990309,   25
  275,19990310,   13
  275,19990311,    0
  275,19990312,    0
  275,19990313,    0
  275,19990314,    0
  275,19990315,    0
  275,19990316,    0
  275,19990317,    2
  275,19990318,   39
  275,19990319,    7
  275,19990320,    3
  275,19990321,   58
  275,19990322,   40
  275,19990323,   48
  275,19990324,    0
  275,19990325,    3
  275,19990326,   19
  275,19990327,    0
  275,19990328,    0
  275,19990329,    0
  275,19990330,    0
  275,19990331,    0
  275,19990401,    0
  275,19990402,    0
  275,19990403,   90
  275,19990404,   -1
  275,19990405,    5
  275,19990406,   10
  275,19990407,   12
  275,19990408,   -1
  275,19990409,    1
  275,19990410,   29
  275,19990411,    0
  275,19990412,  110
  275,19990413,   87
  275,19990414,   32
  275,19990415,    7
  275,19990416,    0
  275,19990417,   -1
  275,19990418,   21
  275,19990419,    0
  275,19990420,   17
  275,19990421,   70
  275,19990422,  104
  275,19990423,    0
  275,19990424,   -1
  275,19990425,   -1
  275,19990426,    0
  275,19990427,    1
  275,19990428,    0
  275,19990429,   -1
  275,19990430,    0
  275,19990501,    0
  275,19990502,    0
  275,19990503,    0
  275,19990504,    0
  275,19990505,   52
  275,19990506,   44
  275,19990507,   24
  275,19990508,   -1
  275,19990509,    0
  275,19990510,   43
  275,19990511,   43
  275,19990512,    2
  275,19990513,    5
  275,19990514,   51
  275,19990515,    1
  275,19990516,   -1
  275,19990517,    0
  275,19990518,    0
  275,19990519,   -1
  275,19990520,   40
  275,19990521,    0
  275,19990522,    1
  275,19990523,    0
  275,19990524,    0
  275,19990525,    0
  275,19990526,    0
  275,19990527,    0
  275,19990528,   -1
  275,19990529,   34
  275,19990530,   14
  275,19990531,   17
  275,19990601,    0
  275,19990602,   86
  275,19990603,   18
  275,19990604,   17
  275,19990605,   74
  275,19990606,   49
  275,19990607,  171
  275,19990608,    2
  275,19990609,   14
  275,19990610,    0
  275,19990611,   -1
  275,19990612,    0
  275,19990613,   -1
  275,19990614,   57
  275,19990615,    0
  275,19990616,    0
  275,19990617,   -1
  275,19990618,    0
  275,19990619,    0
  275,19990620,   72
  275,19990621,   17
  275,19990622,   39
  275,19990623,   -1
  275,19990624,   -1
  275,19990625,    0
  275,19990626,    0
  275,19990627,   44
  275,19990628,    9
  275,19990629,   17
  275,19990630,    6
  275,19990701,    2
  275,19990702,   -1
  275,19990703,    0
  275,19990704,  103
  275,19990705,  114
  275,19990706,   -1
  275,19990707,    9
  275,19990708,    0
  275,19990709,    0
  275,19990710,    0
  275,19990711,    0
  275,19990712,   66
  275,19990713,   -1
  275,19990714,   -1
  275,19990715,   -1
  275,19990716,    0
  275,19990717,    0
  275,19990718,    0
  275,19990719,    9
  275,19990720,    1
  275,19990721,   12
  275,19990722,   76
  275,19990723,   -1
  275,19990724,    0
  275,19990725,    0
  275,19990726,    0
  275,19990727,    0
  275,19990728,    0
  275,19990729,    0
  275,19990730,    0
  275,19990731,    0
  275,19990801,    0
  275,19990802,    0
  275,19990803,    0
  275,19990804,    0
  275,19990805,   16
  275,19990806,    0
  275,19990807,   69
  275,19990808,   -1
  275,19990809,   -1
  275,19990810,   26
  275,19990811,    0
  275,19990812,    0
  275,19990813,    0
  275,19990814,  122
  275,19990815,    7
  275,19990816,   36
  275,19990817,   39
  275,19990818,   80
  275,19990819,   30
  275,19990820,   39
  275,19990821,   -1
  275,19990822,    0
  275,19990823,    0
  275,19990824,   -1
  275,19990825,    0
  275,19990826,   14
  275,19990827,   -1
  275,19990828,    0
  275,19990829,    0
  275,19990830,    0
  275,19990831,   -1
  275,19990901,    1
  275,19990902,    0
  275,19990903,    0
  275,19990904,    0
  275,19990905,    0
  275,19990906,   -1
  275,19990907,    0
  275,19990908,    0
  275,19990909,    0
  275,19990910,    0
  275,19990911,    0
  275,19990912,    0
  275,19990913,    0
  275,19990914,    0
  275,19990915,   11
  275,19990916,    3
  275,19990917,   12
  275,19990918,    0
  275,19990919,   -1
  275,19990920,    7
  275,19990921,   -1
  275,19990922,   14
  275,19990923,    1
  275,19990924,   38
  275,19990925,   -1
  275,19990926,   22
  275,19990927,   62
  275,19990928,    7
  275,19990929,   64
  275,19990930,   90
  275,19991001,   10
  275,19991002,   25
  275,19991003,   26
  275,19991004,   30
  275,19991005,   -1
  275,19991006,   -1
  275,19991007,    9
  275,19991008,   50
  275,19991009,   12
  275,19991010,   19
  275,19991011,   13
  275,19991012,    0
  275,19991013,    0
  275,19991014,    0
  275,19991015,    0
  275,19991016,    0
  275,19991017,    0
  275,19991018,    0
  275,19991019,    0
  275,19991020,    0
  275,19991021,    9
  275,19991022,   54
  275,19991023,   10
  275,19991024,   22
  275,19991025,   43
  275,19991026,    7
  275,19991027,    0
  275,19991028,    2
  275,19991029,    0
  275,19991030,   48
  275,19991031,    0
  275,19991101,   40
  275,19991102,    9
  275,19991103,    0
  275,19991104,    0
  275,19991105,    7
  275,19991106,   97
  275,19991107,   89
  275,19991108,    2
  275,19991109,   22
  275,19991110,    2
  275,19991111,    0
  275,19991112,    0
  275,19991113,   -1
  275,19991114,   12
  275,19991115,    0
  275,19991116,    9
  275,19991117,   41
  275,19991118,  100
  275,19991119,    2
  275,19991120,    3
  275,19991121,   20
  275,19991122,   24
  275,19991123,    2
  275,19991124,    0
  275,19991125,   55
  275,19991126,   -1
  275,19991127,   44
  275,19991128,    0
  275,19991129,    0
  275,19991130,    5
  275,19991201,   10
  275,19991202,   -1
  275,19991203,   66
  275,19991204,   36
  275,19991205,    2
  275,19991206,   50
  275,19991207,   63
  275,19991208,   14
  275,19991209,   24
  275,19991210,   58
  275,19991211,  174
  275,19991212,  163
  275,19991213,  108
  275,19991214,   24
  275,19991215,    9
  275,19991216,   -1
  275,19991217,   96
  275,19991218,   -1
  275,19991219,   35
  275,19991220,   25
  275,19991221,    0
  275,19991222,   15
  275,19991223,   27
  275,19991224,  120
  275,19991225,   33
  275,19991226,  157
  275,19991227,   28
  275,19991228,    1
  275,19991229,   76
  275,19991230,   12
  275,19991231,    1
  275,20000101,   10
  275,20000102,    2
  275,20000103,   47
  275,20000104,  124
  275,20000105,    0
  275,20000106,   23
  275,20000107,    0
  275,20000108,    9
  275,20000109,    0
  275,20000110,    0
  275,20000111,    0
  275,20000112,    0
  275,20000113,    0
  275,20000114,    4
  275,20000115,   -1
  275,20000116,   17
  275,20000117,    8
  275,20000118,   11
  275,20000119,   -1
  275,20000120,   14
  275,20000121,    8
  275,20000122,   42
  275,20000123,    1
  275,20000124,    0
  275,20000125,    0
  275,20000126,   -1
  275,20000127,   -1
  275,20000128,    3
  275,20000129,  116
  275,20000130,   19
  275,20000131,   19
  275,20000201,    9
  275,20000202,   63
  275,20000203,    1
  275,20000204,   19
  275,20000205,    0
  275,20000206,   13
  275,20000207,   72
  275,20000208,   65
  275,20000209,   -1
  275,20000210,   88
  275,20000211,    0
  275,20000212,   61
  275,20000213,    0
  275,20000214,   19
  275,20000215,    9
  275,20000216,  125
  275,20000217,   94
  275,20000218,  137
  275,20000219,   67
  275,20000220,    0
  275,20000221,    1
  275,20000222,    0
  275,20000223,   -1
  275,20000224,   87
  275,20000225,  137
  275,20000226,    0
  275,20000227,    0
  275,20000228,   36
  275,20000229,   77
  275,20000301,   19
  275,20000302,  113
  275,20000303,  194
  275,20000304,   47
  275,20000305,    1
  275,20000306,   -1
  275,20000307,   32
  275,20000308,  123
  275,20000309,   45
  275,20000310,   18
  275,20000311,   21
  275,20000312,   -1
  275,20000313,    5
  275,20000314,   47
  275,20000315,   15
  275,20000316,    5
  275,20000317,    6
  275,20000318,   25
  275,20000319,    2
  275,20000320,    0
  275,20000321,    0
  275,20000322,    0
  275,20000323,    0
  275,20000324,   17
  275,20000325,   43
  275,20000326,   47
  275,20000327,    7
  275,20000328,    1
  275,20000329,   -1
  275,20000330,   -1
  275,20000331,   -1
  275,20000401,    1
  275,20000402,    6
  275,20000403,   13
  275,20000404,    0
  275,20000405,    1
  275,20000406,    0
  275,20000407,    0
  275,20000408,    0
  275,20000409,    0
  275,20000410,    0
  275,20000411,    0
  275,20000412,   42
  275,20000413,   58
  275,20000414,    2
  275,20000415,   35
  275,20000416,    7
  275,20000417,   37
  275,20000418,    0
  275,20000419,    0
  275,20000420,   -1
  275,20000421,    4
  275,20000422,  112
  275,20000423,  156
  275,20000424,    0
  275,20000425,    0
  275,20000426,    3
  275,20000427,   25
  275,20000428,    0
  275,20000429,   45
  275,20000430,    0
  275,20000501,    0
  275,20000502,   14
  275,20000503,   14
  275,20000504,    0
  275,20000505,    0
  275,20000506,    0
  275,20000507,   13
  275,20000508,    4
  275,20000509,   53
  275,20000510,    0
  275,20000511,    0
  275,20000512,    0
  275,20000513,    0
  275,20000514,    0
  275,20000515,    0
  275,20000516,  139
  275,20000517,   62
  275,20000518,    9
  275,20000519,   97
  275,20000520,    3
  275,20000521,   45
  275,20000522,    1
  275,20000523,   60
  275,20000524,   90
  275,20000525,   42
  275,20000526,   20
  275,20000527,    2
  275,20000528,   98
  275,20000529,  116
  275,20000530,    1
  275,20000531,    0
  275,20000601,    1
  275,20000602,    0
  275,20000603,  209
  275,20000604,    9
  275,20000605,  212
  275,20000606,   58
  275,20000607,   -1
  275,20000608,    0
  275,20000609,    0
  275,20000610,   -1
  275,20000611,    0
  275,20000612,    0
  275,20000613,    0
  275,20000614,    9
  275,20000615,    4
  275,20000616,    0
  275,20000617,    0
  275,20000618,    0
  275,20000619,    0
  275,20000620,    0
  275,20000621,    8
  275,20000622,   12
  275,20000623,   24
  275,20000624,   65
  275,20000625,   10
  275,20000626,    0
  275,20000627,    0
  275,20000628,   -1
  275,20000629,    0
  275,20000630,    0
  275,20000701,   55
  275,20000702,   31
  275,20000703,   -1
  275,20000704,    0
  275,20000705,   88
  275,20000706,    0
  275,20000707,    0
  275,20000708,    1
  275,20000709,   35
  275,20000710,  113
  275,20000711,   21
  275,20000712,   -1
  275,20000713,   93
  275,20000714,   91
  275,20000715,   55
  275,20000716,   10
  275,20000717,   -1
  275,20000718,   -1
  275,20000719,    3
  275,20000720,    0
  275,20000721,    0
  275,20000722,    2
  275,20000723,    0
  275,20000724,   67
  275,20000725,   63
  275,20000726,    0
  275,20000727,   50
  275,20000728,   95
  275,20000729,    6
  275,20000730,   63
  275,20000731,    0
  275,20000801,  144
  275,20000802,   11
  275,20000803,   -1
  275,20000804,    0
  275,20000805,    0
  275,20000806,   -1
  275,20000807,   -1
  275,20000808,   13
  275,20000809,   -1
  275,20000810,    2
  275,20000811,    0
  275,20000812,    0
  275,20000813,    0
  275,20000814,   -1
  275,20000815,    0
  275,20000816,   70
  275,20000817,    4
  275,20000818,    1
  275,20000819,  109
  275,20000820,   64
  275,20000821,   59
  275,20000822,   -1
  275,20000823,    0
  275,20000824,    0
  275,20000825,    0
  275,20000826,    0
  275,20000827,  169
  275,20000828,    0
  275,20000829,   -1
  275,20000830,    0
  275,20000831,    0
  275,20000901,   44
  275,20000902,  104
  275,20000903,   72
  275,20000904,    5
  275,20000905,   -1
  275,20000906,   54
  275,20000907,    3
  275,20000908,    8
  275,20000909,    1
  275,20000910,   -1
  275,20000911,    0
  275,20000912,   -1
  275,20000913,   -1
  275,20000914,    0
  275,20000915,   77
  275,20000916,    5
  275,20000917,    2
  275,20000918,    0
  275,20000919,   -1
  275,20000920,  127
  275,20000921,   43
  275,20000922,    0
  275,20000923,    0
  275,20000924,    1
  275,20000925,   23
  275,20000926,   48
  275,20000927,   12
  275,20000928,   31
  275,20000929,    2
  275,20000930,   10
  275,20001001,   97
  275,20001002,   -1
  275,20001003,    0
  275,20001004,    3
  275,20001005,   23
  275,20001006,  105
  275,20001007,    0
  275,20001008,   31
  275,20001009,   16
  275,20001010,   76
  275,20001011,  127
  275,20001012,   -1
  275,20001013,    8
  275,20001014,    0
  275,20001015,    0
  275,20001016,   21
  275,20001017,   18
  275,20001018,    4
  275,20001019,   64
  275,20001020,    0
  275,20001021,    0
  275,20001022,    0
  275,20001023,   35
  275,20001024,   -1
  275,20001025,    3
  275,20001026,   36
  275,20001027,   69
  275,20001028,   33
  275,20001029,   24
  275,20001030,   70
  275,20001031,   13
  275,20001101,   44
  275,20001102,   64
  275,20001103,    0
  275,20001104,    1
  275,20001105,    0
  275,20001106,   65
  275,20001107,   30
  275,20001108,   59
  275,20001109,   14
  275,20001110,   16
  275,20001111,    3
  275,20001112,   60
  275,20001113,    0
  275,20001114,    1
  275,20001115,    2
  275,20001116,   66
  275,20001117,   37
  275,20001118,   25
  275,20001119,   50
  275,20001120,   79
  275,20001121,   27
  275,20001122,   37
  275,20001123,   77
  275,20001124,    2
  275,20001125,   90
  275,20001126,   57
  275,20001127,    2
  275,20001128,   58
  275,20001129,    0
  275,20001130,    0
  275,20001201,   17
  275,20001202,   -1
  275,20001203,   30
  275,20001204,   14
  275,20001205,   -1
  275,20001206,   53
  275,20001207,   24
  275,20001208,   13
  275,20001209,    0
  275,20001210,   58
  275,20001211,  101
  275,20001212,   76
  275,20001213,   14
  275,20001214,    1
  275,20001215,   87
  275,20001216,   82
  275,20001217,    3
  275,20001218,   -1
  275,20001219,    0
  275,20001220,    0
  275,20001221,    0
  275,20001222,    0
  275,20001223,    4
  275,20001224,   61
  275,20001225,   19
  275,20001226,    0
  275,20001227,   37
  275,20001228,   13
  275,20001229,    9
  275,20001230,   67
  275,20001231,    0
  275,20010101,  157
  275,20010102,   11
  275,20010103,   71
  275,20010104,   52
  275,20010105,  203
  275,20010106,   26
  275,20010107,   -1
  275,20010108,   13
  275,20010109,    1
  275,20010110,    0
  275,20010111,    0
  275,20010112,    0
  275,20010113,    0
  275,20010114,    0
  275,20010115,    0
  275,20010116,    0
  275,20010117,    0
  275,20010118,   -1
  275,20010119,   -1
  275,20010120,    7
  275,20010121,   53
  275,20010122,   53
  275,20010123,   40
  275,20010124,   88
  275,20010125,   34
  275,20010126,   12
  275,20010127,  120
  275,20010128,    7
  275,20010129,    0
  275,20010130,    0
  275,20010131,    0
  275,20010201,    1
  275,20010202,   41
  275,20010203,  100
  275,20010204,  217
  275,20010205,   57
  275,20010206,   96
  275,20010207,   39
  275,20010208,   97
  275,20010209,   11
  275,20010210,    7
  275,20010211,    3
  275,20010212,   31
  275,20010213,    0
  275,20010214,   23
  275,20010215,    0
  275,20010216,   90
  275,20010217,    0
  275,20010218,    0
  275,20010219,   11
  275,20010220,    0
  275,20010221,   18
  275,20010222,   45
  275,20010223,   19
  275,20010224,   14
  275,20010225,   32
  275,20010226,    1
  275,20010227,    0
  275,20010228,   -1
  275,20010301,   91
  275,20010302,   -1
  275,20010303,    0
  275,20010304,    0
  275,20010305,    0
  275,20010306,    0
  275,20010307,   32
  275,20010308,   16
  275,20010309,    5
  275,20010310,   54
  275,20010311,   54
  275,20010312,   30
  275,20010313,   26
  275,20010314,   -1
  275,20010315,    3
  275,20010316,    6
  275,20010317,    2
  275,20010318,  162
  275,20010319,   41
  275,20010320,    0
  275,20010321,   72
  275,20010322,   -1
  275,20010323,  123
  275,20010324,    0
  275,20010325,    0
  275,20010326,    0
  275,20010327,    0
  275,20010328,   36
  275,20010329,  105
  275,20010330,   -1
  275,20010331,   -1
  275,20010401,    0
  275,20010402,    0
  275,20010403,   -1
  275,20010404,   33
  275,20010405,   97
  275,20010406,   81
  275,20010407,   16
  275,20010408,    4
  275,20010409,   -1
  275,20010410,    8
  275,20010411,    1
  275,20010412,    7
  275,20010413,   -1
  275,20010414,   76
  275,20010415,   98
  275,20010416,   30
  275,20010417,    4
  275,20010418,   51
  275,20010419,   36
  275,20010420,   13
  275,20010421,    0
  275,20010422,    0
  275,20010423,    0
  275,20010424,   15
  275,20010425,   50
  275,20010426,   26
  275,20010427,   36
  275,20010428,   41
  275,20010429,    6
  275,20010430,    8
  275,20010501,    0
  275,20010502,    0
  275,20010503,   15
  275,20010504,   16
  275,20010505,    0
  275,20010506,    0
  275,20010507,    0
  275,20010508,    0
  275,20010509,    0
  275,20010510,    0
  275,20010511,    0
  275,20010512,    0
  275,20010513,    0
  275,20010514,  278
  275,20010515,    5
  275,20010516,   45
  275,20010517,   32
  275,20010518,   17
  275,20010519,    0
  275,20010520,   -1
  275,20010521,    0
  275,20010522,    0
  275,20010523,    0
  275,20010524,    0
  275,20010525,    0
  275,20010526,    0
  275,20010527,    4
  275,20010528,   11
  275,20010529,    0
  275,20010530,    0
  275,20010531,   22
  275,20010601,   28
  275,20010602,  142
  275,20010603,   70
  275,20010604,    0
  275,20010605,    0
  275,20010606,   53
  275,20010607,   16
  275,20010608,   -1
  275,20010609,    0
  275,20010610,   10
  275,20010611,   -1
  275,20010612,   -1
  275,20010613,    0
  275,20010614,    0
  275,20010615,    2
  275,20010616,   16
  275,20010617,    6
  275,20010618,   -1
  275,20010619,    0
  275,20010620,    0
  275,20010621,    0
  275,20010622,   13
  275,20010623,    0
  275,20010624,    0
  275,20010625,    0
  275,20010626,    0
  275,20010627,    5
  275,20010628,    1
  275,20010629,    0
  275,20010630,  119
  275,20010701,    0
  275,20010702,    0
  275,20010703,    0
  275,20010704,    0
  275,20010705,    0
  275,20010706,    0
  275,20010707,    2
  275,20010708,   64
  275,20010709,    6
  275,20010710,   38
  275,20010711,   29
  275,20010712,   82
  275,20010713,   -1
  275,20010714,  106
  275,20010715,   -1
  275,20010716,    0
  275,20010717,   55
  275,20010718,  197
  275,20010719,  101
  275,20010720,   34
  275,20010721,    3
  275,20010722,    0
  275,20010723,   63
  275,20010724,    0
  275,20010725,    0
  275,20010726,    0
  277,19960726,    0
  277,19960727,   31
  277,19960728,    0
  277,19960729,    3
  277,19960730,   -1
  277,19960731,   29
  277,19960801,    0
  277,19960802,   -1
  277,19960803,    0
  277,19960804,    0
  277,19960805,    0
  277,19960806,    5
  277,19960807,   17
  277,19960808,    0
  277,19960809,   -1
  277,19960810,    7
  277,19960811,  271
  277,19960812,   30
  277,19960813,    0
  277,19960814,   -1
  277,19960815,   -1
  277,19960816,    0
  277,19960817,    0
  277,19960818,    0
  277,19960819,    0
  277,19960820,    0
  277,19960821,   15
  277,19960822,    0
  277,19960823,   17
  277,19960824,    5
  277,19960825,   45
  277,19960826,    0
  277,19960827,   30
  277,19960828,  221
  277,19960829,   53
  277,19960830,  124
  277,19960831,   10
  277,19960901,   14
  277,19960902,    0
  277,19960903,   -1
  277,19960904,    0
  277,19960905,    0
  277,19960906,   -1
  277,19960907,    0
  277,19960908,   10
  277,19960909,   -1
  277,19960910,   26
  277,19960911,   42
  277,19960912,  108
  277,19960913,   45
  277,19960914,   31
  277,19960915,    0
  277,19960916,    1
  277,19960917,    0
  277,19960918,    0
  277,19960919,    0
  277,19960920,    0
  277,19960921,    0
  277,19960922,   -1
  277,19960923,    0
  277,19960924,    0
  277,19960925,    0
  277,19960926,   10
  277,19960927,  157
  277,19960928,   -1
  277,19960929,  184
  277,19960930,   50
  277,19961001,   43
  277,19961002,   55
  277,19961003,    2
  277,19961004,  135
  277,19961005,   43
  277,19961006,    5
  277,19961007,    0
  277,19961008,   -1
  277,19961009,   16
  277,19961010,   -1
  277,19961011,    0
  277,19961012,    0
  277,19961013,    0
  277,19961014,    0
  277,19961015,    0
  277,19961016,    0
  277,19961017,    0
  277,19961018,   20
  277,19961019,    3
  277,19961020,   80
  277,19961021,   26
  277,19961022,    0
  277,19961023,    0
  277,19961024,    0
  277,19961025,    4
  277,19961026,    9
  277,19961027,   99
  277,19961028,   37
  277,19961029,   65
  277,19961030,   20
  277,19961031,   50
  277,19961101,    5
  277,19961102,   26
  277,19961103,    1
  277,19961104,   75
  277,19961105,  102
  277,19961106,   84
  277,19961107,    5
  277,19961108,   13
  277,19961109,   87
  277,19961110,  121
  277,19961111,   71
  277,19961112,   45
  277,19961113,   36
  277,19961114,   -1
  277,19961115,    0
  277,19961116,    0
  277,19961117,    5
  277,19961118,   24
  277,19961119,   21
  277,19961120,   55
  277,19961121,   98
  277,19961122,   19
  277,19961123,   76
  277,19961124,   -1
  277,19961125,  141
  277,19961126,   16
  277,19961127,    4
  277,19961128,   20
  277,19961129,   75
  277,19961130,   31
  277,19961201,   31
  277,19961202,   57
  277,19961203,   54
  277,19961204,   -1
  277,19961205,    0
  277,19961206,    0
  277,19961207,   -1
  277,19961208,    0
  277,19961209,    0
  277,19961210,    0
  277,19961211,   -1
  277,19961212,    2
  277,19961213,    2
  277,19961214,    2
  277,19961215,    3
  277,19961216,    3
  277,19961217,    0
  277,19961218,   79
  277,19961219,   86
  277,19961220,   -1
  277,19961221,    0
  277,19961222,    0
  277,19961223,    0
  277,19961224,   -1
  277,19961225,    2
  277,19961226,    0
  277,19961227,    0
  277,19961228,    0
  277,19961229,    8
  277,19961230,   10
  277,19961231,    0
  277,19970101,   -1
  277,19970102,    0
  277,19970103,    0
  277,19970104,    0
  277,19970105,   -1
  277,19970106,   -1
  277,19970107,   -1
  277,19970108,   -1
  277,19970109,   -1
  277,19970110,   -1
  277,19970111,    0
  277,19970112,   -1
  277,19970113,   -1
  277,19970114,    0
  277,19970115,    0
  277,19970116,    0
  277,19970117,    0
  277,19970118,   -1
  277,19970119,   -1
  277,19970120,   -1
  277,19970121,    0
  277,19970122,   -1
  277,19970123,   -1
  277,19970124,   15
  277,19970125,    1
  277,19970126,    0
  277,19970127,   -1
  277,19970128,    0
  277,19970129,   -1
  277,19970130,   -1
  277,19970131,   -1
  277,19970201,    0
  277,19970202,    4
  277,19970203,    0
  277,19970204,   77
  277,19970205,    0
  277,19970206,   -1
  277,19970207,   13
  277,19970208,    0
  277,19970209,    9
  277,19970210,   71
  277,19970211,   -1
  277,19970212,  147
  277,19970213,   20
  277,19970214,   -1
  277,19970215,    1
  277,19970216,    0
  277,19970217,   29
  277,19970218,  114
  277,19970219,   42
  277,19970220,    1
  277,19970221,   -1
  277,19970222,    0
  277,19970223,    0
  277,19970224,  107
  277,19970225,   30
  277,19970226,   44
  277,19970227,   -1
  277,19970228,   33
  277,19970301,    0
  277,19970302,   16
  277,19970303,    0
  277,19970304,    0
  277,19970305,    0
  277,19970306,   15
  277,19970307,    0
  277,19970308,    0
  277,19970309,    0
  277,19970310,    0
  277,19970311,    0
  277,19970312,    0
  277,19970313,    0
  277,19970314,   37
  277,19970315,    4
  277,19970316,   78
  277,19970317,    0
  277,19970318,   45
  277,19970319,   -1
  277,19970320,   21
  277,19970321,   -1
  277,19970322,    2
  277,19970323,   16
  277,19970324,    3
  277,19970325,    2
  277,19970326,   42
  277,19970327,   10
  277,19970328,   22
  277,19970329,    3
  277,19970330,    0
  277,19970331,    0
  277,19970401,    0
  277,19970402,    0
  277,19970403,   19
  277,19970404,    8
  277,19970405,   78
  277,19970406,   -1
  277,19970407,    0
  277,19970408,    0
  277,19970409,    0
  277,19970410,    0
  277,19970411,   -1
  277,19970412,    7
  277,19970413,   -1
  277,19970414,    1
  277,19970415,   -1
  277,19970416,    0
  277,19970417,    0
  277,19970418,   -1
  277,19970419,   12
  277,19970420,   -1
  277,19970421,    5
  277,19970422,    8
  277,19970423,    0
  277,19970424,   -1
  277,19970425,    0
  277,19970426,    0
  277,19970427,   -1
  277,19970428,   75
  277,19970429,   53
  277,19970430,    0
  277,19970501,   -1
  277,19970502,    0
  277,19970503,    0
  277,19970504,   53
  277,19970505,   34
  277,19970506,   56
  277,19970507,   21
  277,19970508,    8
  277,19970509,  101
  277,19970510,   28
  277,19970511,   64
  277,19970512,    3
  277,19970513,    0
  277,19970514,   31
  277,19970515,    0
  277,19970516,    0
  277,19970517,    2
  277,19970518,  107
  277,19970519,   15
  277,19970520,   39
  277,19970521,  154
  277,19970522,   45
  277,19970523,   -1
  277,19970524,   -1
  277,19970525,    0
  277,19970526,   -1
  277,19970527,   -1
  277,19970528,   -1
  277,19970529,    0
  277,19970530,    0
  277,19970531,    0
  277,19970601,    0
  277,19970602,    0
  277,19970603,    0
  277,19970604,    0
  277,19970605,    0
  277,19970606,    0
  277,19970607,   76
  277,19970608,  176
  277,19970609,    0
  277,19970610,   -1
  277,19970611,   15
  277,19970612,    1
  277,19970613,   31
  277,19970614,    2
  277,19970615,   22
  277,19970616,    0
  277,19970617,   -1
  277,19970618,    0
  277,19970619,    0
  277,19970620,   42
  277,19970621,   17
  277,19970622,   47
  277,19970623,   91
  277,19970624,   19
  277,19970625,    1
  277,19970626,   12
  277,19970627,   36
  277,19970628,    9
  277,19970629,  524
  277,19970630,    3
  277,19970701,   99
  277,19970702,    2
  277,19970703,    6
  277,19970704,   -1
  277,19970705,   -1
  277,19970706,   -1
  277,19970707,    0
  277,19970708,    0
  277,19970709,   -1
  277,19970710,    0
  277,19970711,    0
  277,19970712,    0
  277,19970713,   -1
  277,19970714,    0
  277,19970715,    0
  277,19970716,   47
  277,19970717,  111
  277,19970718,   61
  277,19970719,    2
  277,19970720,   -1
  277,19970721,   29
  277,19970722,   92
  277,19970723,   -1
  277,19970724,  130
  277,19970725,  116
  277,19970726,   56
  277,19970727,   14
  277,19970728,    0
  277,19970729,    0
  277,19970730,   27
  277,19970731,   81
  277,19970801,    4
  277,19970802,    1
  277,19970803,    0
  277,19970804,    0
  277,19970805,    0
  277,19970806,    0
  277,19970807,    0
  277,19970808,    0
  277,19970809,   -1
  277,19970810,    0
  277,19970811,    0
  277,19970812,    0
  277,19970813,    0
  277,19970814,   -1
  277,19970815,   -1
  277,19970816,    0
  277,19970817,    0
  277,19970818,    0
  277,19970819,   -1
  277,19970820,    0
  277,19970821,    0
  277,19970822,   20
  277,19970823,   -1
  277,19970824,   -1
  277,19970825,   69
  277,19970826,    9
  277,19970827,    6
  277,19970828,   70
  277,19970829,   47
  277,19970830,    1
  277,19970831,    0
  277,19970901,    1
  277,19970902,  125
  277,19970903,   -1
  277,19970904,    6
  277,19970905,    0
  277,19970906,   69
  277,19970907,   74
  277,19970908,   -1
  277,19970909,    3
  277,19970910,   -1
  277,19970911,    0
  277,19970912,   49
  277,19970913,   31
  277,19970914,   14
  277,19970915,    0
  277,19970916,    0
  277,19970917,   -1
  277,19970918,    0
  277,19970919,    0
  277,19970920,    0
  277,19970921,    0
  277,19970922,    0
  277,19970923,   -1
  277,19970924,   -1
  277,19970925,    0
  277,19970926,    0
  277,19970927,    0
  277,19970928,    0
  277,19970929,   22
  277,19970930,    2
  277,19971001,   15
  277,19971002,    3
  277,19971003,    1
  277,19971004,   -1
  277,19971005,   -1
  277,19971006,    0
  277,19971007,  106
  277,19971008,  190
  277,19971009,   70
  277,19971010,   58
  277,19971011,   66
  277,19971012,   59
  277,19971013,  110
  277,19971014,   32
  277,19971015,   11
  277,19971016,    2
  277,19971017,   -1
  277,19971018,    0
  277,19971019,    0
  277,19971020,    0
  277,19971021,    0
  277,19971022,   -1
  277,19971023,    8
  277,19971024,   21
  277,19971025,   24
  277,19971026,    7
  277,19971027,    0
  277,19971028,    0
  277,19971029,    0
  277,19971030,    0
  277,19971031,    0
  277,19971101,    0
  277,19971102,   18
  277,19971103,   -1
  277,19971104,    0
  277,19971105,    9
  277,19971106,   -1
  277,19971107,   25
  277,19971108,   -1
  277,19971109,   16
  277,19971110,   12
  277,19971111,   21
  277,19971112,    0
  277,19971113,    0
  277,19971114,   -1
  277,19971115,    5
  277,19971116,    0
  277,19971117,    0
  277,19971118,    0
  277,19971119,    0
  277,19971120,    2
  277,19971121,   -1
  277,19971122,    0
  277,19971123,    0
  277,19971124,    0
  277,19971125,    0
  277,19971126,    0
  277,19971127,   14
  277,19971128,   42
  277,19971129,    9
  277,19971130,   32
  277,19971201,   -1
  277,19971202,   -1
  277,19971203,    3
  277,19971204,   -1
  277,19971205,    6
  277,19971206,   91
  277,19971207,   -1
  277,19971208,    5
  277,19971209,   36
  277,19971210,  119
  277,19971211,   82
  277,19971212,   17
  277,19971213,   23
  277,19971214,   17
  277,19971215,    1
  277,19971216,    0
  277,19971217,   -1
  277,19971218,   -1
  277,19971219,   20
  277,19971220,    0
  277,19971221,    7
  277,19971222,    0
  277,19971223,    0
  277,19971224,   79
  277,19971225,   38
  277,19971226,   42
  277,19971227,   47
  277,19971228,   61
  277,19971229,   10
  277,19971230,    3
  277,19971231,   17
  277,19980101,   -1
  277,19980102,   43
  277,19980103,  147
  277,19980104,   39
  277,19980105,   63
  277,19980106,    6
  277,19980107,   21
  277,19980108,  116
  277,19980109,   12
  277,19980110,    0
  277,19980111,    0
  277,19980112,    0
  277,19980113,    0
  277,19980114,   17
  277,19980115,   33
  277,19980116,   29
  277,19980117,    5
  277,19980118,   40
  277,19980119,  149
  277,19980120,   18
  277,19980121,    0
  277,19980122,    0
  277,19980123,    4
  277,19980124,    1
  277,19980125,    0
  277,19980126,   -1
  277,19980127,   -1
  277,19980128,   18
  277,19980129,   -1
  277,19980130,   37
  277,19980131,    0
  277,19980201,    0
  277,19980202,   27
  277,19980203,    3
  277,19980204,    1
  277,19980205,    0
  277,19980206,   -1
  277,19980207,   39
  277,19980208,    0
  277,19980209,    0
  277,19980210,    0
  277,19980211,   -1
  277,19980212,    2
  277,19980213,    0
  277,19980214,    0
  277,19980215,    0
  277,19980216,    9
  277,19980217,    0
  277,19980218,    0
  277,19980219,    0
  277,19980220,    0
  277,19980221,   73
  277,19980222,    0
  277,19980223,    5
  277,19980224,   -1
  277,19980225,    0
  277,19980226,    0
  277,19980227,   53
  277,19980228,   62
  277,19980301,   16
  277,19980302,   21
  277,19980303,  125
  277,19980304,   58
  277,19980305,  106
  277,19980306,   38
  277,19980307,  139
  277,19980308,    5
  277,19980309,    4
  277,19980310,   -1
  277,19980311,   44
  277,19980312,    3
  277,19980313,    3
  277,19980314,    6
  277,19980315,   17
  277,19980316,   -1
  277,19980317,   -1
  277,19980318,    0
  277,19980319,    6
  277,19980320,    4
  277,19980321,    0
  277,19980322,    1
  277,19980323,    0
  277,19980324,    0
  277,19980325,    0
  277,19980326,   48
  277,19980327,   -1
  277,19980328,   -1
  277,19980329,    0
  277,19980330,    0
  277,19980331,    0
  277,19980401,   -1
  277,19980402,   24
  277,19980403,  240
  277,19980404,   83
  277,19980405,   17
  277,19980406,   49
  277,19980407,    1
  277,19980408,   53
  277,19980409,   78
  277,19980410,  135
  277,19980411,   27
  277,19980412,    5
  277,19980413,   73
  277,19980414,   29
  277,19980415,   36
  277,19980416,   52
  277,19980417,    0
  277,19980418,   -1
  277,19980419,   -1
  277,19980420,   51
  277,19980421,    0
  277,19980422,    0
  277,19980423,   53
  277,19980424,   36
  277,19980425,   52
  277,19980426,    5
  277,19980427,   14
  277,19980428,   73
  277,19980429,    0
  277,19980430,    0
  277,19980501,    2
  277,19980502,    0
  277,19980503,    0
  277,19980504,    0
  277,19980505,    2
  277,19980506,   48
  277,19980507,    3
  277,19980508,    0
  277,19980509,    0
  277,19980510,    0
  277,19980511,    0
  277,19980512,    0
  277,19980513,    0
  277,19980514,    0
  277,19980515,    0
  277,19980516,    0
  277,19980517,    0
  277,19980518,    0
  277,19980519,    0
  277,19980520,    4
  277,19980521,    9
  277,19980522,   -1
  277,19980523,   53
  277,19980524,    7
  277,19980525,   22
  277,19980526,   99
  277,19980527,   22
  277,19980528,    0
  277,19980529,   24
  277,19980530,    0
  277,19980531,    0
  277,19980601,    0
  277,19980602,   16
  277,19980603,   29
  277,19980604,   67
  277,19980605,    3
  277,19980606,   81
  277,19980607,   74
  277,19980608,   15
  277,19980609,   71
  277,19980610,    4
  277,19980611,  167
  277,19980612,    9
  277,19980613,    0
  277,19980614,   52
  277,19980615,   93
  277,19980616,   -1
  277,19980617,    0
  277,19980618,   20
  277,19980619,    7
  277,19980620,    0
  277,19980621,   15
  277,19980622,   28
  277,19980623,   34
  277,19980624,    0
  277,19980625,   88
  277,19980626,   -1
  277,19980627,   46
  277,19980628,   18
  277,19980629,    5
  277,19980630,   67
  277,19980701,    8
  277,19980702,   -1
  277,19980703,   -1
  277,19980704,   -1
  277,19980705,   18
  277,19980706,   -1
  277,19980707,   36
  277,19980708,    8
  277,19980709,   42
  277,19980710,   28
  277,19980711,   53
  277,19980712,   49
  277,19980713,   -1
  277,19980714,   69
  277,19980715,   36
  277,19980716,   11
  277,19980717,   81
  277,19980718,   28
  277,19980719,    0
  277,19980720,    0
  277,19980721,    2
  277,19980722,   -1
  277,19980723,   -1
  277,19980724,   -1
  277,19980725,    3
  277,19980726,    0
  277,19980727,    1
  277,19980728,  330
  277,19980729,   52
  277,19980730,   35
  277,19980731,   85
  277,19980801,    0
  277,19980802,    0
  277,19980803,   24
  277,19980804,   35
  277,19980805,    0
  277,19980806,    0
  277,19980807,    0
  277,19980808,    0
  277,19980809,    0
  277,19980810,    0
  277,19980811,    0
  277,19980812,    0
  277,19980813,   22
  277,19980814,   -1
  277,19980815,    0
  277,19980816,    0
  277,19980817,    0
  277,19980818,    0
  277,19980819,    0
  277,19980820,    0
  277,19980821,  271
  277,19980822,   31
  277,19980823,  152
  277,19980824,   79
  277,19980825,   14
  277,19980826,   93
  277,19980827,    9
  277,19980828,   16
  277,19980829,   11
  277,19980830,    0
  277,19980831,    0
  277,19980901,   -1
  277,19980902,   25
  277,19980903,  112
  277,19980904,   25
  277,19980905,   20
  277,19980906,    0
  277,19980907,    3
  277,19980908,   48
  277,19980909,  119
  277,19980910,   81
  277,19980911,   -1
  277,19980912,   71
  277,19980913,    0
  277,19980914,  238
  277,19980915,   56
  277,19980916,  114
  277,19980917,   48
  277,19980918,    0
  277,19980919,    0
  277,19980920,    0
  277,19980921,    0
  277,19980922,    0
  277,19980923,    0
  277,19980924,    0
  277,19980925,    0
  277,19980926,    0
  277,19980927,   31
  277,19980928,    0
  277,19980929,    0
  277,19980930,   36
  277,19981001,   86
  277,19981002,    0
  277,19981003,    0
  277,19981004,   12
  277,19981005,    2
  277,19981006,    0
  277,19981007,   45
  277,19981008,  233
  277,19981009,   33
  277,19981010,   23
  277,19981011,   28
  277,19981012,   61
  277,19981013,   53
  277,19981014,  112
  277,19981015,    0
  277,19981016,    0
  277,19981017,   78
  277,19981018,    2
  277,19981019,   20
  277,19981020,   35
  277,19981021,   31
  277,19981022,    0
  277,19981023,  179
  277,19981024,  163
  277,19981025,  183
  277,19981026,  120
  277,19981027,   94
  277,19981028,   58
  277,19981029,   65
  277,19981030,   89
  277,19981031,   33
  277,19981101,   40
  277,19981102,   74
  277,19981103,   99
  277,19981104,   49
  277,19981105,   59
  277,19981106,   13
  277,19981107,    0
  277,19981108,   52
  277,19981109,  135
  277,19981110,   24
  277,19981111,   13
  277,19981112,    0
  277,19981113,   10
  277,19981114,    1
  277,19981115,   11
  277,19981116,    0
  277,19981117,   95
  277,19981118,   31
  277,19981119,    0
  277,19981120,    0
  277,19981121,    0
  277,19981122,    0
  277,19981123,    0
  277,19981124,    0
  277,19981125,    5
  277,19981126,   22
  277,19981127,   12
  277,19981128,    4
  277,19981129,    2
  277,19981130,    0
  277,19981201,    0
  277,19981202,    0
  277,19981203,    0
  277,19981204,   36
  277,19981205,   72
  277,19981206,    3
  277,19981207,    0
  277,19981208,    6
  277,19981209,   47
  277,19981210,    0
  277,19981211,    0
  277,19981212,   62
  277,19981213,   49
  277,19981214,    7
  277,19981215,  162
  277,19981216,    5
  277,19981217,    0
  277,19981218,    2
  277,19981219,   57
  277,19981220,   16
  277,19981221,   13
  277,19981222,    7
  277,19981223,   21
  277,19981224,   28
  277,19981225,  107
  277,19981226,  101
  277,19981227,   17
  277,19981228,    7
  277,19981229,    0
  277,19981230,    0
  277,19981231,    0
  277,19990101,   -1
  277,19990102,   26
  277,19990103,   48
  277,19990104,   50
  277,19990105,   18
  277,19990106,   30
  277,19990107,   42
  277,19990108,  103
  277,19990109,   10
  277,19990110,   -1
  277,19990111,    5
  277,19990112,   17
  277,19990113,   26
  277,19990114,   49
  277,19990115,   86
  277,19990116,   83
  277,19990117,    0
  277,19990118,   -1
  277,19990119,   23
  277,19990120,   41
  277,19990121,   14
  277,19990122,    0
  277,19990123,    0
  277,19990124,   40
  277,19990125,   49
  277,19990126,   24
  277,19990127,   10
  277,19990128,   25
  277,19990129,    0
  277,19990130,    0
  277,19990131,    0
  277,19990201,   -1
  277,19990202,   -1
  277,19990203,   -1
  277,19990204,   -1
  277,19990205,   57
  277,19990206,   32
  277,19990207,   77
  277,19990208,   32
  277,19990209,   33
  277,19990210,   69
  277,19990211,    1
  277,19990212,    0
  277,19990213,    0
  277,19990214,   15
  277,19990215,    7
  277,19990216,   79
  277,19990217,   40
  277,19990218,    3
  277,19990219,   54
  277,19990220,   -1
  277,19990221,   34
  277,19990222,   27
  277,19990223,   16
  277,19990224,    3
  277,19990225,    1
  277,19990226,   14
  277,19990227,   14
  277,19990228,   35
  277,19990301,  153
  277,19990302,   96
  277,19990303,    9
  277,19990304,    1
  277,19990305,   -1
  277,19990306,   79
  277,19990307,   38
  277,19990308,   17
  277,19990309,    1
  277,19990310,    0
  277,19990311,    0
  277,19990312,    0
  277,19990313,   -1
  277,19990314,   -1
  277,19990315,    0
  277,19990316,   30
  277,19990317,   38
  277,19990318,   63
  277,19990319,    1
  277,19990320,   14
  277,19990321,   26
  277,19990322,    9
  277,19990323,   28
  277,19990324,   -1
  277,19990325,    1
  277,19990326,   73
  277,19990327,    6
  277,19990328,    0
  277,19990329,    0
  277,19990330,   37
  277,19990331,    5
  277,19990401,    0
  277,19990402,    0
  277,19990403,   19
  277,19990404,   65
  277,19990405,   -1
  277,19990406,   19
  277,19990407,   -1
  277,19990408,    0
  277,19990409,   -1
  277,19990410,    7
  277,19990411,   -1
  277,19990412,   74
  277,19990413,   39
  277,19990414,   74
  277,19990415,    3
  277,19990416,   38
  277,19990417,    0
  277,19990418,    0
  277,19990419,    0
  277,19990420,   -1
  277,19990421,   92
  277,19990422,    4
  277,19990423,   -1
  277,19990424,    7
  277,19990425,    0
  277,19990426,    0
  277,19990427,    0
  277,19990428,    0
  277,19990429,    0
  277,19990430,    0
  277,19990501,    0
  277,19990502,    0
  277,19990503,    0
  277,19990504,    0
  277,19990505,    0
  277,19990506,   18
  277,19990507,    1
  277,19990508,   93
  277,19990509,    9
  277,19990510,    8
  277,19990511,    3
  277,19990512,   16
  277,19990513,   29
  277,19990514,   52
  277,19990515,    0
  277,19990516,   10
  277,19990517,   -1
  277,19990518,    0
  277,19990519,    0
  277,19990520,   -1
  277,19990521,   21
  277,19990522,   -1
  277,19990523,    2
  277,19990524,   24
  277,19990525,    1
  277,19990526,    0
  277,19990527,    0
  277,19990528,   -1
  277,19990529,   15
  277,19990530,   -1
  277,19990531,   -1
  277,19990601,    0
  277,19990602,  163
  277,19990603,   -1
  277,19990604,   94
  277,19990605,   54
  277,19990606,   39
  277,19990607,    7
  277,19990608,   49
  277,19990609,    7
  277,19990610,    9
  277,19990611,    2
  277,19990612,    1
  277,19990613,    0
  277,19990614,    0
  277,19990615,    0
  277,19990616,    0
  277,19990617,   -1
  277,19990618,    0
  277,19990619,    0
  277,19990620,   69
  277,19990621,    1
  277,19990622,    1
  277,19990623,    2
  277,19990624,    0
  277,19990625,    0
  277,19990626,    0
  277,19990627,  103
  277,19990628,   22
  277,19990629,   51
  277,19990630,   15
  277,19990701,   -1
  277,19990702,   32
  277,19990703,  132
  277,19990704,    2
  277,19990705,  102
  277,19990706,   -1
  277,19990707,    0
  277,19990708,    0
  277,19990709,    0
  277,19990710,    0
  277,19990711,    0
  277,19990712,    0
  277,19990713,    0
  277,19990714,   -1
  277,19990715,    3
  277,19990716,   -1
  277,19990717,    0
  277,19990718,    0
  277,19990719,   -1
  277,19990720,   16
  277,19990721,   22
  277,19990722,  106
  277,19990723,    2
  277,19990724,    0
  277,19990725,    0
  277,19990726,    0
  277,19990727,    0
  277,19990728,    0
  277,19990729,    0
  277,19990730,    0
  277,19990731,    0
  277,19990801,    0
  277,19990802,    0
  277,19990803,    0
  277,19990804,    0
  277,19990805,    5
  277,19990806,    0
  277,19990807,   40
  277,19990808,   -1
  277,19990809,   57
  277,19990810,   -1
  277,19990811,    3
  277,19990812,    0
  277,19990813,    1
  277,19990814,   96
  277,19990815,   20
  277,19990816,   -1
  277,19990817,   12
  277,19990818,   34
  277,19990819,  110
  277,19990820,  130
  277,19990821,    2
  277,19990822,   -1
  277,19990823,    9
  277,19990824,    0
  277,19990825,   -1
  277,19990826,    4
  277,19990827,    0
  277,19990828,    0
  277,19990829,    0
  277,19990830,    1
  277,19990831,    0
  277,19990901,   -1
  277,19990902,    0
  277,19990903,    0
  277,19990904,    0
  277,19990905,    0
  277,19990906,    0
  277,19990907,    0
  277,19990908,    0
  277,19990909,    0
  277,19990910,    0
  277,19990911,    0
  277,19990912,    0
  277,19990913,   -1
  277,19990914,   -1
  277,19990915,   93
  277,19990916,  115
  277,19990917,   18
  277,19990918,    0
  277,19990919,    0
  277,19990920,    1
  277,19990921,   -1
  277,19990922,    1
  277,19990923,   15
  277,19990924,   14
  277,19990925,   81
  277,19990926,   86
  277,19990927,   50
  277,19990928,    4
  277,19990929,   30
  277,19990930,   55
  277,19991001,   98
  277,19991002,   22
  277,19991003,  137
  277,19991004,   53
  277,19991005,  100
  277,19991006,   11
  277,19991007,   23
  277,19991008,    4
  277,19991009,   28
  277,19991010,    9
  277,19991011,    2
  277,19991012,    0
  277,19991013,    0
  277,19991014,   -1
  277,19991015,   -1
  277,19991016,    0
  277,19991017,    0
  277,19991018,    0
  277,19991019,    0
  277,19991020,    0
  277,19991021,   27
  277,19991022,   26
  277,19991023,    5
  277,19991024,   11
  277,19991025,   -1
  277,19991026,    1
  277,19991027,    0
  277,19991028,   -1
  277,19991029,    0
  277,19991030,   -1
  277,19991031,    1
  277,19991101,    8
  277,19991102,   -1
  277,19991103,    1
  277,19991104,    0
  277,19991105,   -1
  277,19991106,   27
  277,19991107,   11
  277,19991108,   13
  277,19991109,    1
  277,19991110,    1
  277,19991111,    0
  277,19991112,    0
  277,19991113,   -1
  277,19991114,   -1
  277,19991115,    0
  277,19991116,    1
  277,19991117,  134
  277,19991118,   98
  277,19991119,   51
  277,19991120,   27
  277,19991121,   79
  277,19991122,   43
  277,19991123,    0
  277,19991124,    0
  277,19991125,   26
  277,19991126,    0
  277,19991127,   44
  277,19991128,    0
  277,19991129,   14
  277,19991130,    0
  277,19991201,    8
  277,19991202,   76
  277,19991203,  231
  277,19991204,   32
  277,19991205,    1
  277,19991206,  219
  277,19991207,   65
  277,19991208,   38
  277,19991209,    1
  277,19991210,   21
  277,19991211,  181
  277,19991212,    5
  277,19991213,  110
  277,19991214,   40
  277,19991215,   44
  277,19991216,    3
  277,19991217,   96
  277,19991218,    6
  277,19991219,   89
  277,19991220,    3
  277,19991221,    0
  277,19991222,   13
  277,19991223,   26
  277,19991224,  126
  277,19991225,  175
  277,19991226,   12
  277,19991227,    1
  277,19991228,   28
  277,19991229,   11
  277,19991230,    2
  277,19991231,    0
  277,20000101,    7
  277,20000102,   -1
  277,20000103,  152
  277,20000104,   10
  277,20000105,    0
  277,20000106,    9
  277,20000107,    0
  277,20000108,   12
  277,20000109,    0
  277,20000110,    0
  277,20000111,   -1
  277,20000112,    0
  277,20000113,   -1
  277,20000114,    0
  277,20000115,   -1
  277,20000116,    1
  277,20000117,   -1
  277,20000118,    1
  277,20000119,    1
  277,20000120,   17
  277,20000121,    4
  277,20000122,   31
  277,20000123,    4
  277,20000124,    0
  277,20000125,   -1
  277,20000126,    4
  277,20000127,    2
  277,20000128,   30
  277,20000129,  126
  277,20000130,   29
  277,20000131,    9
  277,20000201,   30
  277,20000202,   10
  277,20000203,    0
  277,20000204,   17
  277,20000205,    0
  277,20000206,    1
  277,20000207,   56
  277,20000208,   55
  277,20000209,   12
  277,20000210,   68
  277,20000211,    0
  277,20000212,   27
  277,20000213,    9
  277,20000214,   10
  277,20000215,   -1
  277,20000216,   74
  277,20000217,   51
  277,20000218,   24
  277,20000219,   27
  277,20000220,   -1
  277,20000221,    8
  277,20000222,    4
  277,20000223,   -1
  277,20000224,   27
  277,20000225,   16
  277,20000226,    0
  277,20000227,    0
  277,20000228,   23
  277,20000229,   44
  277,20000301,   15
  277,20000302,  123
  277,20000303,   64
  277,20000304,   39
  277,20000305,   -1
  277,20000306,   10
  277,20000307,   38
  277,20000308,   17
  277,20000309,   63
  277,20000310,   20
  277,20000311,    6
  277,20000312,   -1
  277,20000313,   -1
  277,20000314,   25
  277,20000315,    1
  277,20000316,   -1
  277,20000317,    1
  277,20000318,   14
  277,20000319,    0
  277,20000320,    0
  277,20000321,    0
  277,20000322,    0
  277,20000323,    0
  277,20000324,   23
  277,20000325,   -1
  277,20000326,   78
  277,20000327,    0
  277,20000328,   -1
  277,20000329,    0
  277,20000330,    0
  277,20000331,   -1
  277,20000401,   -1
  277,20000402,    7
  277,20000403,    7
  277,20000404,   10
  277,20000405,   -1
  277,20000406,    0
  277,20000407,    0
  277,20000408,   -1
  277,20000409,    0
  277,20000410,    0
  277,20000411,    0
  277,20000412,   18
  277,20000413,   42
  277,20000414,   -1
  277,20000415,   35
  277,20000416,   16
  277,20000417,   47
  277,20000418,    0
  277,20000419,    0
  277,20000420,   -1
  277,20000421,   -1
  277,20000422,   -1
  277,20000423,   20
  277,20000424,    0
  277,20000425,    0
  277,20000426,    5
  277,20000427,   -1
  277,20000428,    0
  277,20000429,   -1
  277,20000430,   -1
  277,20000501,    0
  277,20000502,    0
  277,20000503,   91
  277,20000504,    0
  277,20000505,    0
  277,20000506,    0
  277,20000507,    1
  277,20000508,    5
  277,20000509,   -1
  277,20000510,    0
  277,20000511,    0
  277,20000512,    0
  277,20000513,    0
  277,20000514,    0
  277,20000515,    0
  277,20000516,   40
  277,20000517,   29
  277,20000518,  117
  277,20000519,   71
  277,20000520,    6
  277,20000521,   11
  277,20000522,   -1
  277,20000523,   26
  277,20000524,   32
  277,20000525,  122
  277,20000526,   32
  277,20000527,   -1
  277,20000528,  102
  277,20000529,   57
  277,20000530,    0
  277,20000531,    0
  277,20000601,   12
  277,20000602,    0
  277,20000603,    2
  277,20000604,   16
  277,20000605,   16
  277,20000606,   -1
  277,20000607,   -1
  277,20000608,    0
  277,20000609,    0
  277,20000610,    0
  277,20000611,    0
  277,20000612,    0
  277,20000613,    0
  277,20000614,   69
  277,20000615,    0
  277,20000616,    0
  277,20000617,   -1
  277,20000618,    7
  277,20000619,    0
  277,20000620,    0
  277,20000621,    5
  277,20000622,   -1
  277,20000623,   53
  277,20000624,   54
  277,20000625,    6
  277,20000626,    6
  277,20000627,   -1
  277,20000628,   -1
  277,20000629,   -1
  277,20000630,   -1
  277,20000701,   16
  277,20000702,    0
  277,20000703,    0
  277,20000704,    0
  277,20000705,  105
  277,20000706,   -1
  277,20000707,   -1
  277,20000708,   11
  277,20000709,   67
  277,20000710,  198
  277,20000711,    8
  277,20000712,   16
  277,20000713,   13
  277,20000714,   42
  277,20000715,   47
  277,20000716,   -1
  277,20000717,    3
  277,20000718,    7
  277,20000719,    1
  277,20000720,    0
  277,20000721,    0
  277,20000722,   -1
  277,20000723,   -1
  277,20000724,    0
  277,20000725,   -1
  277,20000726,    0
  277,20000727,   -1
  277,20000728,    2
  277,20000729,    0
  277,20000730,    0
  277,20000731,    0
  277,20000801,    5
  277,20000802,    8
  277,20000803,   84
  277,20000804,    0
  277,20000805,   -1
  277,20000806,   -1
  277,20000807,    0
  277,20000808,   52
  277,20000809,   -1
  277,20000810,    3
  277,20000811,   -1
  277,20000812,    0
  277,20000813,    0
  277,20000814,   47
  277,20000815,   -1
  277,20000816,    3
  277,20000817,    0
  277,20000818,   -1
  277,20000819,    0
  277,20000820,   10
  277,20000821,   35
  277,20000822,    0
  277,20000823,    0
  277,20000824,    0
  277,20000825,   -1
  277,20000826,    0
  277,20000827,  127
  277,20000828,   32
  277,20000829,   21
  277,20000830,   -1
  277,20000831,    0
  277,20000901,   27
  277,20000902,   18
  277,20000903,   39
  277,20000904,   16
  277,20000905,    6
  277,20000906,   83
  277,20000907,   33
  277,20000908,   79
  277,20000909,    0
  277,20000910,    0
  277,20000911,    0
  277,20000912,    0
  277,20000913,    2
  277,20000914,   -1
  277,20000915,   38
  277,20000916,  116
  277,20000917,   30
  277,20000918,    0
  277,20000919,    0
  277,20000920,   95
  277,20000921,  105
  277,20000922,    0
  277,20000923,    0
  277,20000924,    0
  277,20000925,   62
  277,20000926,  112
  277,20000927,   -1
  277,20000928,   24
  277,20000929,    0
  277,20000930,    0
  277,20001001,   55
  277,20001002,    0
  277,20001003,    0
  277,20001004,    3
  277,20001005,   20
  277,20001006,   39
  277,20001007,    0
  277,20001008,   57
  277,20001009,   -1
  277,20001010,  133
  277,20001011,  124
  277,20001012,    1
  277,20001013,   -1
  277,20001014,    0
  277,20001015,    1
  277,20001016,   41
  277,20001017,   18
  277,20001018,   -1
  277,20001019,   86
  277,20001020,   -1
  277,20001021,   -1
  277,20001022,   12
  277,20001023,   27
  277,20001024,   46
  277,20001025,   46
  277,20001026,   53
  277,20001027,   68
  277,20001028,   31
  277,20001029,   37
  277,20001030,  140
  277,20001031,   26
  277,20001101,   10
  277,20001102,   84
  277,20001103,    0
  277,20001104,   28
  277,20001105,    3
  277,20001106,   24
  277,20001107,    6
  277,20001108,   57
  277,20001109,   40
  277,20001110,   91
  277,20001111,   19
  277,20001112,   47
  277,20001113,    0
  277,20001114,    0
  277,20001115,    1
  277,20001116,   15
  277,20001117,    6
  277,20001118,   14
  277,20001119,   62
  277,20001120,   45
  277,20001121,    4
  277,20001122,   47
  277,20001123,   27
  277,20001124,   37
  277,20001125,    9
  277,20001126,  104
  277,20001127,    6
  277,20001128,   33
  277,20001129,   -1
  277,20001130,   -1
  277,20001201,   11
  277,20001202,    8
  277,20001203,   98
  277,20001204,    1
  277,20001205,   -1
  277,20001206,   33
  277,20001207,   13
  277,20001208,   22
  277,20001209,    9
  277,20001210,   42
  277,20001211,  172
  277,20001212,   70
  277,20001213,   26
  277,20001214,   13
  277,20001215,   73
  277,20001216,   16
  277,20001217,    3
  277,20001218,    0
  277,20001219,    0
  277,20001220,    0
  277,20001221,    0
  277,20001222,    0
  277,20001223,    0
  277,20001224,   31
  277,20001225,    0
  277,20001226,    0
  277,20001227,   26
  277,20001228,   20
  277,20001229,   63
  277,20001230,   48
  277,20001231,   -1
  277,20010101,   35
  277,20010102,   38
  277,20010103,   18
  277,20010104,   51
  277,20010105,  137
  277,20010106,    1
  277,20010107,   -1
  277,20010108,    6
  277,20010109,    9
  277,20010110,    0
  277,20010111,   -1
  277,20010112,   -1
  277,20010113,    0
  277,20010114,    0
  277,20010115,    0
  277,20010116,    0
  277,20010117,    0
  277,20010118,   -1
  277,20010119,   -1
  277,20010120,   43
  277,20010121,   -1
  277,20010122,    5
  277,20010123,   37
  277,20010124,   47
  277,20010125,    9
  277,20010126,   11
  277,20010127,   52
  277,20010128,   13
  277,20010129,   14
  277,20010130,    0
  277,20010131,    0
  277,20010201,   15
  277,20010202,   10
  277,20010203,   36
  277,20010204,   94
  277,20010205,  132
  277,20010206,   51
  277,20010207,    9
  277,20010208,  109
  277,20010209,    0
  277,20010210,   -1
  277,20010211,   11
  277,20010212,   32
  277,20010213,    0
  277,20010214,    0
  277,20010215,    0
  277,20010216,   -1
  277,20010217,    0
  277,20010218,    0
  277,20010219,   -1
  277,20010220,    0
  277,20010221,    2
  277,20010222,   19
  277,20010223,    2
  277,20010224,   16
  277,20010225,   45
  277,20010226,    6
  277,20010227,    0
  277,20010228,    4
  277,20010301,    1
  277,20010302,    3
  277,20010303,    1
  277,20010304,    0
  277,20010305,    0
  277,20010306,    0
  277,20010307,   11
  277,20010308,   30
  277,20010309,   -1
  277,20010310,   17
  277,20010311,   50
  277,20010312,   -1
  277,20010313,   73
  277,20010314,   21
  277,20010315,    0
  277,20010316,   -1
  277,20010317,   49
  277,20010318,   74
  277,20010319,   69
  277,20010320,    2
  277,20010321,    0
  277,20010322,    0
  277,20010323,   33
  277,20010324,    3
  277,20010325,    0
  277,20010326,    0
  277,20010327,    0
  277,20010328,   41
  277,20010329,   10
  277,20010330,   -1
  277,20010331,    1
  277,20010401,   -1
  277,20010402,    0
  277,20010403,   -1
  277,20010404,   41
  277,20010405,   43
  277,20010406,   31
  277,20010407,   11
  277,20010408,   -1
  277,20010409,    0
  277,20010410,   14
  277,20010411,   -1
  277,20010412,   -1
  277,20010413,   -1
  277,20010414,   59
  277,20010415,   27
  277,20010416,   13
  277,20010417,   46
  277,20010418,   55
  277,20010419,   18
  277,20010420,   16
  277,20010421,    0
  277,20010422,    0
  277,20010423,    0
  277,20010424,    5
  277,20010425,   13
  277,20010426,   19
  277,20010427,    0
  277,20010428,   23
  277,20010429,   16
  277,20010430,   23
  277,20010501,    0
  277,20010502,    0
  277,20010503,   46
  277,20010504,   13
  277,20010505,    0
  277,20010506,    0
  277,20010507,    0
  277,20010508,    0
  277,20010509,    0
  277,20010510,    0
  277,20010511,    0
  277,20010512,    0
  277,20010513,    0
  277,20010514,   11
  277,20010515,   29
  277,20010516,  113
  277,20010517,  138
  277,20010518,    4
  277,20010519,    0
  277,20010520,    0
  277,20010521,    0
  277,20010522,    0
  277,20010523,    0
  277,20010524,    0
  277,20010525,    0
  277,20010526,    0
  277,20010527,   47
  277,20010528,   40
  277,20010529,    0
  277,20010530,    0
  277,20010531,   69
  277,20010601,    6
  277,20010602,  109
  277,20010603,   26
  277,20010604,    2
  277,20010605,    0
  277,20010606,    2
  277,20010607,   30
  277,20010608,   -1
  277,20010609,   15
  277,20010610,   80
  277,20010611,    8
  277,20010612,   -1
  277,20010613,    0
  277,20010614,    0
  277,20010615,   48
  277,20010616,   55
  277,20010617,   79
  277,20010618,    3
  277,20010619,    0
  277,20010620,   -1
  277,20010621,    4
  277,20010622,    9
  277,20010623,    0
  277,20010624,    0
  277,20010625,    0
  277,20010626,    0
  277,20010627,   -1
  277,20010628,    1
  277,20010629,    0
  277,20010630,    9
  277,20010701,    0
  277,20010702,    0
  277,20010703,    0
  277,20010704,    0
  277,20010705,    0
  277,20010706,    0
  277,20010707,   -1
  277,20010708,   -1
  277,20010709,   -1
  277,20010710,   33
  277,20010711,   49
  277,20010712,   27
  277,20010713,    4
  277,20010714,   62
  277,20010715,    0
  277,20010716,    0
  277,20010717,    0
  277,20010718,  149
  277,20010719,   96
  277,20010720,   14
  277,20010721,    4
  277,20010722,   -1
  277,20010723,    0
  277,20010724,    0
  277,20010725,    0
  277,20010726,    0
  278,19960726,    0
  278,19960727,   -1
  278,19960728,   -1
  278,19960729,   62
  278,19960730,    0
  278,19960731,   -1
  278,19960801,   -1
  278,19960802,    0
  278,19960803,    0
  278,19960804,    0
  278,19960805,    0
  278,19960806,   56
  278,19960807,    2
  278,19960808,    0
  278,19960809,    0
  278,19960810,   40
  278,19960811,  146
  278,19960812,   92
  278,19960813,    0
  278,19960814,    1
  278,19960815,   -1
  278,19960816,    0
  278,19960817,    0
  278,19960818,    0
  278,19960819,    0
  278,19960820,    0
  278,19960821,   22
  278,19960822,    0
  278,19960823,   13
  278,19960824,   16
  278,19960825,   62
  278,19960826,    0
  278,19960827,   -1
  278,19960828,  338
  278,19960829,  171
  278,19960830,  151
  278,19960831,    8
  278,19960901,   14
  278,19960902,    0
  278,19960903,   -1
  278,19960904,   -1
  278,19960905,    0
  278,19960906,   -1
  278,19960907,    0
  278,19960908,   -1
  278,19960909,    0
  278,19960910,    6
  278,19960911,   15
  278,19960912,   75
  278,19960913,   41
  278,19960914,    1
  278,19960915,    0
  278,19960916,    0
  278,19960917,    0
  278,19960918,    0
  278,19960919,    0
  278,19960920,    0
  278,19960921,    0
  278,19960922,   56
  278,19960923,   14
  278,19960924,    0
  278,19960925,    0
  278,19960926,    4
  278,19960927,  121
  278,19960928,   18
  278,19960929,   99
  278,19960930,   90
  278,19961001,   85
  278,19961002,    1
  278,19961003,    0
  278,19961004,    5
  278,19961005,   67
  278,19961006,    0
  278,19961007,    0
  278,19961008,    0
  278,19961009,    5
  278,19961010,    1
  278,19961011,   -1
  278,19961012,    0
  278,19961013,    0
  278,19961014,    0
  278,19961015,    0
  278,19961016,    0
  278,19961017,    0
  278,19961018,   18
  278,19961019,    8
  278,19961020,  121
  278,19961021,   72
  278,19961022,    0
  278,19961023,    0
  278,19961024,    0
  278,19961025,    1
  278,19961026,   -1
  278,19961027,  156
  278,19961028,    7
  278,19961029,   59
  278,19961030,   14
  278,19961031,   85
  278,19961101,   17
  278,19961102,   54
  278,19961103,   17
  278,19961104,   49
  278,19961105,   27
  278,19961106,   79
  278,19961107,  152
  278,19961108,    1
  278,19961109,    3
  278,19961110,   69
  278,19961111,   76
  278,19961112,    4
  278,19961113,    8
  278,19961114,    0
  278,19961115,    0
  278,19961116,    0
  278,19961117,    0
  278,19961118,   82
  278,19961119,   56
  278,19961120,   43
  278,19961121,   67
  278,19961122,  136
  278,19961123,   30
  278,19961124,    1
  278,19961125,  107
  278,19961126,    1
  278,19961127,    0
  278,19961128,    0
  278,19961129,  126
  278,19961130,   94
  278,19961201,    5
  278,19961202,   11
  278,19961203,   64
  278,19961204,    1
  278,19961205,    8
  278,19961206,    1
  278,19961207,    1
  278,19961208,    0
  278,19961209,    0
  278,19961210,    0
  278,19961211,   -1
  278,19961212,   -1
  278,19961213,   -1
  278,19961214,   -1
  278,19961215,   -1
  278,19961216,    0
  278,19961217,   -1
  278,19961218,   -1
  278,19961219,  300
  278,19961220,    1
  278,19961221,    0
  278,19961222,    0
  278,19961223,    0
  278,19961224,    0
  278,19961225,    0
  278,19961226,    0
  278,19961227,    0
  278,19961228,    0
  278,19961229,   11
  278,19961230,   -1
  278,19961231,    0
  278,19970101,    0
  278,19970102,    0
  278,19970103,    0
  278,19970104,    0
  278,19970105,    0
  278,19970106,    0
  278,19970107,    0
  278,19970108,    0
  278,19970109,    0
  278,19970110,    0
  278,19970111,    0
  278,19970112,   -1
  278,19970113,    0
  278,19970114,    0
  278,19970115,    0
  278,19970116,    0
  278,19970117,    0
  278,19970118,   -1
  278,19970119,   26
  278,19970120,    1
  278,19970121,    0
  278,19970122,    0
  278,19970123,    0
  278,19970124,   29
  278,19970125,    0
  278,19970126,    0
  278,19970127,   -1
  278,19970128,   -1
  278,19970129,   -1
  278,19970130,   -1
  278,19970131,    3
  278,19970201,    0
  278,19970202,   -1
  278,19970203,   -1
  278,19970204,   61
  278,19970205,    9
  278,19970206,    0
  278,19970207,   20
  278,19970208,    0
  278,19970209,    0
  278,19970210,   42
  278,19970211,    7
  278,19970212,  150
  278,19970213,  112
  278,19970214,    0
  278,19970215,   -1
  278,19970216,    0
  278,19970217,    3
  278,19970218,  147
  278,19970219,   47
  278,19970220,    1
  278,19970221,   30
  278,19970222,    0
  278,19970223,    0
  278,19970224,  105
  278,19970225,   38
  278,19970226,   58
  278,19970227,    0
  278,19970228,    8
  278,19970301,    1
  278,19970302,   19
  278,19970303,    0
  278,19970304,    0
  278,19970305,    0
  278,19970306,   10
  278,19970307,    0
  278,19970308,    0
  278,19970309,    0
  278,19970310,    0
  278,19970311,    0
  278,19970312,    0
  278,19970313,   -1
  278,19970314,   -1
  278,19970315,    9
  278,19970316,   64
  278,19970317,    0
  278,19970318,   37
  278,19970319,   39
  278,19970320,    5
  278,19970321,   20
  278,19970322,   -1
  278,19970323,   24
  278,19970324,    6
  278,19970325,   13
  278,19970326,   21
  278,19970327,   -1
  278,19970328,   17
  278,19970329,   -1
  278,19970330,    0
  278,19970331,    0
  278,19970401,    0
  278,19970402,    0
  278,19970403,   -1
  278,19970404,    3
  278,19970405,  100
  278,19970406,    0
  278,19970407,    0
  278,19970408,    0
  278,19970409,    0
  278,19970410,    0
  278,19970411,    1
  278,19970412,    2
  278,19970413,   -1
  278,19970414,   -1
  278,19970415,   -1
  278,19970416,   -1
  278,19970417,    0
  278,19970418,   -1
  278,19970419,   -1
  278,19970420,    0
  278,19970421,   -1
  278,19970422,   -1
  278,19970423,    0
  278,19970424,    0
  278,19970425,    8
  278,19970426,   11
  278,19970427,    6
  278,19970428,   75
  278,19970429,   81
  278,19970430,    0
  278,19970501,    0
  278,19970502,    0
  278,19970503,    0
  278,19970504,   11
  278,19970505,  101
  278,19970506,  137
  278,19970507,   10
  278,19970508,    7
  278,19970509,   51
  278,19970510,   11
  278,19970511,    3
  278,19970512,    1
  278,19970513,    0
  278,19970514,   72
  278,19970515,    0
  278,19970516,    0
  278,19970517,   -1
  278,19970518,   34
  278,19970519,   14
  278,19970520,  176
  278,19970521,   39
  278,19970522,    9
  278,19970523,    0
  278,19970524,    0
  278,19970525,    0
  278,19970526,   -1
  278,19970527,   -1
  278,19970528,    0
  278,19970529,    0
  278,19970530,    0
  278,19970531,    0
  278,19970601,   -1
  278,19970602,    0
  278,19970603,    0
  278,19970604,    0
  278,19970605,    0
  278,19970606,   -1
  278,19970607,   78
  278,19970608,   94
  278,19970609,    0
  278,19970610,    0
  278,19970611,  111
  278,19970612,    0
  278,19970613,   30
  278,19970614,   20
  278,19970615,    7
  278,19970616,    0
  278,19970617,    0
  278,19970618,    0
  278,19970619,    0
  278,19970620,   64
  278,19970621,   29
  278,19970622,   21
  278,19970623,   66
  278,19970624,   12
  278,19970625,   20
  278,19970626,   91
  278,19970627,   62
  278,19970628,   39
  278,19970629,  484
  278,19970630,    7
  278,19970701,    2
  278,19970702,    7
  278,19970703,   24
  278,19970704,   16
  278,19970705,   -1
  278,19970706,   10
  278,19970707,    0
  278,19970708,    0
  278,19970709,    0
  278,19970710,    0
  278,19970711,    0
  278,19970712,   -1
  278,19970713,   23
  278,19970714,    0
  278,19970715,    1
  278,19970716,   21
  278,19970717,   32
  278,19970718,   58
  278,19970719,   -1
  278,19970720,   -1
  278,19970721,  181
  278,19970722,    7
  278,19970723,    0
  278,19970724,   16
  278,19970725,   22
  278,19970726,   -1
  278,19970727,    5
  278,19970728,   43
  278,19970729,    0
  278,19970730,    3
  278,19970731,   29
  278,19970801,   15
  278,19970802,   35
  278,19970803,    0
  278,19970804,    0
  278,19970805,    0
  278,19970806,    0
  278,19970807,    0
  278,19970808,    0
  278,19970809,    0
  278,19970810,    0
  278,19970811,    0
  278,19970812,    0
  278,19970813,    0
  278,19970814,   -1
  278,19970815,    0
  278,19970816,    0
  278,19970817,    0
  278,19970818,   -1
  278,19970819,    4
  278,19970820,   -1
  278,19970821,    0
  278,19970822,   38
  278,19970823,   -1
  278,19970824,   10
  278,19970825,  171
  278,19970826,    6
  278,19970827,   77
  278,19970828,   71
  278,19970829,    1
  278,19970830,    3
  278,19970831,    0
  278,19970901,   26
  278,19970902,   99
  278,19970903,    0
  278,19970904,    3
  278,19970905,   -1
  278,19970906,   13
  278,19970907,   71
  278,19970908,    1
  278,19970909,   -1
  278,19970910,    0
  278,19970911,    0
  278,19970912,   54
  278,19970913,   37
  278,19970914,    4
  278,19970915,    0
  278,19970916,    0
  278,19970917,   -1
  278,19970918,    0
  278,19970919,   -1
  278,19970920,    0
  278,19970921,    0
  278,19970922,    0
  278,19970923,   -1
  278,19970924,   -1
  278,19970925,    0
  278,19970926,    0
  278,19970927,    0
  278,19970928,    0
  278,19970929,    1
  278,19970930,   43
  278,19971001,   29
  278,19971002,    4
  278,19971003,    0
  278,19971004,   -1
  278,19971005,   -1
  278,19971006,    0
  278,19971007,  125
  278,19971008,  102
  278,19971009,  160
  278,19971010,  226
  278,19971011,   38
  278,19971012,    5
  278,19971013,  121
  278,19971014,   12
  278,19971015,    2
  278,19971016,    1
  278,19971017,    6
  278,19971018,    0
  278,19971019,    0
  278,19971020,    0
  278,19971021,    0
  278,19971022,    0
  278,19971023,    1
  278,19971024,   -1
  278,19971025,   17
  278,19971026,    4
  278,19971027,    0
  278,19971028,    0
  278,19971029,    0
  278,19971030,    0
  278,19971031,    0
  278,19971101,    0
  278,19971102,   -1
  278,19971103,    0
  278,19971104,    1
  278,19971105,   17
  278,19971106,   18
  278,19971107,   11
  278,19971108,    2
  278,19971109,   34
  278,19971110,   11
  278,19971111,   21
  278,19971112,    0
  278,19971113,    0
  278,19971114,    0
  278,19971115,   72
  278,19971116,    0
  278,19971117,    0
  278,19971118,    0
  278,19971119,    0
  278,19971120,   11
  278,19971121,   -1
  278,19971122,    0
  278,19971123,    0
  278,19971124,   -1
  278,19971125,    0
  278,19971126,    0
  278,19971127,   10
  278,19971128,   51
  278,19971129,   12
  278,19971130,    7
  278,19971201,   -1
  278,19971202,    0
  278,19971203,    0
  278,19971204,    0
  278,19971205,    4
  278,19971206,   69
  278,19971207,   -1
  278,19971208,    1
  278,19971209,   41
  278,19971210,  105
  278,19971211,   45
  278,19971212,   54
  278,19971213,    2
  278,19971214,    4
  278,19971215,    0
  278,19971216,    0
  278,19971217,   -1
  278,19971218,   -1
  278,19971219,    8
  278,19971220,   -1
  278,19971221,   56
  278,19971222,    0
  278,19971223,    3
  278,19971224,   97
  278,19971225,   56
  278,19971226,   44
  278,19971227,   28
  278,19971228,   39
  278,19971229,   14
  278,19971230,   -1
  278,19971231,   27
  278,19980101,   -1
  278,19980102,  103
  278,19980103,  166
  278,19980104,   28
  278,19980105,   93
  278,19980106,   10
  278,19980107,   80
  278,19980108,   41
  278,19980109,    0
  278,19980110,    0
  278,19980111,    0
  278,19980112,    0
  278,19980113,   -1
  278,19980114,    4
  278,19980115,   15
  278,19980116,   17
  278,19980117,   -1
  278,19980118,   18
  278,19980119,   77
  278,19980120,    8
  278,19980121,    0
  278,19980122,    0
  278,19980123,   -1
  278,19980124,    2
  278,19980125,    0
  278,19980126,    0
  278,19980127,    0
  278,19980128,    5
  278,19980129,    0
  278,19980130,   11
  278,19980131,   -1
  278,19980201,    0
  278,19980202,   12
  278,19980203,   -1
  278,19980204,    0
  278,19980205,    0
  278,19980206,    0
  278,19980207,   21
  278,19980208,    0
  278,19980209,    0
  278,19980210,    0
  278,19980211,    0
  278,19980212,    0
  278,19980213,   -1
  278,19980214,    0
  278,19980215,    0
  278,19980216,   21
  278,19980217,   -1
  278,19980218,    0
  278,19980219,    0
  278,19980220,    0
  278,19980221,   15
  278,19980222,   -1
  278,19980223,   11
  278,19980224,    0
  278,19980225,   -1
  278,19980226,   -1
  278,19980227,   -1
  278,19980228,   97
  278,19980301,   22
  278,19980302,   14
  278,19980303,  116
  278,19980304,   90
  278,19980305,   66
  278,19980306,  239
  278,19980307,  172
  278,19980308,   20
  278,19980309,    3
  278,19980310,   -1
  278,19980311,   32
  278,19980312,    2
  278,19980313,    8
  278,19980314,    9
  278,19980315,   11
  278,19980316,   -1
  278,19980317,    1
  278,19980318,    0
  278,19980319,   -1
  278,19980320,   -1
  278,19980321,    0
  278,19980322,    2
  278,19980323,   -1
  278,19980324,    0
  278,19980325,    0
  278,19980326,   17
  278,19980327,    5
  278,19980328,    2
  278,19980329,   -1
  278,19980330,    0
  278,19980331,    0
  278,19980401,   16
  278,19980402,   19
  278,19980403,   43
  278,19980404,   39
  278,19980405,   26
  278,19980406,   22
  278,19980407,   61
  278,19980408,   65
  278,19980409,    6
  278,19980410,   41
  278,19980411,    7
  278,19980412,    4
  278,19980413,   27
  278,19980414,   -1
  278,19980415,   76
  278,19980416,   21
  278,19980417,   -1
  278,19980418,   16
  278,19980419,    0
  278,19980420,   40
  278,19980421,   -1
  278,19980422,    0
  278,19980423,   75
  278,19980424,    8
  278,19980425,   51
  278,19980426,    4
  278,19980427,   57
  278,19980428,   -1
  278,19980429,    0
  278,19980430,    1
  278,19980501,    0
  278,19980502,   -1
  278,19980503,    0
  278,19980504,    0
  278,19980505,   16
  278,19980506,   38
  278,19980507,    6
  278,19980508,    0
  278,19980509,    0
  278,19980510,    0
  278,19980511,    0
  278,19980512,    0
  278,19980513,    0
  278,19980514,    0
  278,19980515,    0
  278,19980516,    0
  278,19980517,    0
  278,19980518,    0
  278,19980519,    0
  278,19980520,   -1
  278,19980521,   -1
  278,19980522,   -1
  278,19980523,    1
  278,19980524,   52
  278,19980525,  146
  278,19980526,  102
  278,19980527,    4
  278,19980528,   -1
  278,19980529,   64
  278,19980530,    5
  278,19980531,    0
  278,19980601,   -1
  278,19980602,    3
  278,19980603,   27
  278,19980604,   -1
  278,19980605,   44
  278,19980606,  119
  278,19980607,  132
  278,19980608,   -1
  278,19980609,   96
  278,19980610,   37
  278,19980611,   94
  278,19980612,  124
  278,19980613,    0
  278,19980614,   22
  278,19980615,   -1
  278,19980616,   25
  278,19980617,    3
  278,19980618,   79
  278,19980619,    6
  278,19980620,    0
  278,19980621,    5
  278,19980622,   -1
  278,19980623,   26
  278,19980624,   -1
  278,19980625,   42
  278,19980626,    0
  278,19980627,   64
  278,19980628,    1
  278,19980629,    1
  278,19980630,  104
  278,19980701,    2
  278,19980702,    0
  278,19980703,    2
  278,19980704,   -1
  278,19980705,   23
  278,19980706,    7
  278,19980707,   33
  278,19980708,    9
  278,19980709,   13
  278,19980710,   -1
  278,19980711,   18
  278,19980712,  122
  278,19980713,    2
  278,19980714,    4
  278,19980715,   21
  278,19980716,   11
  278,19980717,   23
  278,19980718,    7
  278,19980719,    0
  278,19980720,   -1
  278,19980721,   15
  278,19980722,    0
  278,19980723,    6
  278,19980724,    0
  278,19980725,    0
  278,19980726,    0
  278,19980727,   -1
  278,19980728,   59
  278,19980729,   67
  278,19980730,  181
  278,19980731,  163
  278,19980801,    0
  278,19980802,    0
  278,19980803,   -1
  278,19980804,   17
  278,19980805,   -1
  278,19980806,    0
  278,19980807,    0
  278,19980808,    0
  278,19980809,    0
  278,19980810,    0
  278,19980811,    0
  278,19980812,    0
  278,19980813,    0
  278,19980814,    0
  278,19980815,    0
  278,19980816,    0
  278,19980817,    0
  278,19980818,    1
  278,19980819,    0
  278,19980820,    0
  278,19980821,  115
  278,19980822,  129
  278,19980823,  102
  278,19980824,   68
  278,19980825,    0
  278,19980826,     
  278,19980827,     
  278,19980828,     
  278,19980829,     
  278,19980830,     
  278,19980831,     
  278,19980901,     
  278,19980902,     
  278,19980903,     
  278,19980904,     
  278,19980905,     
  278,19980906,     
  278,19980907,     
  278,19980908,     
  278,19980909,     
  278,19980910,     
  278,19980911,     
  278,19980912,     
  278,19980913,     
  278,19980914,     
  278,19980915,     
  278,19980916,     
  278,19980917,     
  278,19980918,     
  278,19980919,     
  278,19980920,     
  278,19980921,     
  278,19980922,     
  278,19980923,     
  278,19980924,     
  278,19980925,     
  278,19980926,     
  278,19980927,     
  278,19980928,     
  278,19980929,     
  278,19980930,     
  278,19981001,     
  278,19981002,     
  278,19981003,     
  278,19981004,     
  278,19981005,     
  278,19981006,     
  278,19981007,     
  278,19981008,     
  278,19981009,     
  278,19981010,     
  278,19981011,     
  278,19981012,     
  278,19981013,     
  278,19981014,     
  278,19981015,     
  278,19981016,     
  278,19981017,     
  278,19981018,     
  278,19981019,     
  278,19981020,     
  278,19981021,     
  278,19981022,     
  278,19981023,     
  278,19981024,     
  278,19981025,     
  278,19981026,     
  278,19981027,     
  278,19981028,     
  278,19981029,     
  278,19981030,     
  278,19981031,     
  278,19981101,     
  278,19981102,     
  278,19981103,     
  278,19981104,     
  278,19981105,     
  278,19981106,     
  278,19981107,     
  278,19981108,     
  278,19981109,     
  278,19981110,     
  278,19981111,     
  278,19981112,     
  278,19981113,   27
  278,19981114,   15
  278,19981115,    0
  278,19981116,   -1
  278,19981117,   -1
  278,19981118,   13
  278,19981119,    0
  278,19981120,    0
  278,19981121,    0
  278,19981122,    0
  278,19981123,    0
  278,19981124,    0
  278,19981125,    1
  278,19981126,   34
  278,19981127,    9
  278,19981128,   11
  278,19981129,   42
  278,19981130,    0
  278,19981201,    0
  278,19981202,    0
  278,19981203,    0
  278,19981204,   30
  278,19981205,   41
  278,19981206,    1
  278,19981207,    0
  278,19981208,    6
  278,19981209,   40
  278,19981210,    0
  278,19981211,    2
  278,19981212,   93
  278,19981213,   18
  278,19981214,   10
  278,19981215,  170
  278,19981216,    1
  278,19981217,    0
  278,19981218,    5
  278,19981219,   46
  278,19981220,    2
  278,19981221,   -1
  278,19981222,    4
  278,19981223,   -1
  278,19981224,   19
  278,19981225,   48
  278,19981226,   49
  278,19981227,   47
  278,19981228,   48
  278,19981229,    0
  278,19981230,    0
  278,19981231,    0
  278,19990101,    0
  278,19990102,   16
  278,19990103,   46
  278,19990104,   35
  278,19990105,    7
  278,19990106,    0
  278,19990107,   21
  278,19990108,   45
  278,19990109,    1
  278,19990110,    0
  278,19990111,    0
  278,19990112,   22
  278,19990113,   37
  278,19990114,   31
  278,19990115,   32
  278,19990116,   55
  278,19990117,    0
  278,19990118,    0
  278,19990119,    1
  278,19990120,    1
  278,19990121,   10
  278,19990122,    0
  278,19990123,    0
  278,19990124,   18
  278,19990125,   65
  278,19990126,   59
  278,19990127,   22
  278,19990128,  108
  278,19990129,    0
  278,19990130,    0
  278,19990131,   -1
  278,19990201,    1
  278,19990202,   -1
  278,19990203,    2
  278,19990204,   -1
  278,19990205,   24
  278,19990206,   19
  278,19990207,   73
  278,19990208,   19
  278,19990209,    0
  278,19990210,   33
  278,19990211,    1
  278,19990212,    0
  278,19990213,    0
  278,19990214,   12
  278,19990215,   16
  278,19990216,   47
  278,19990217,   30
  278,19990218,   -1
  278,19990219,   37
  278,19990220,    0
  278,19990221,   59
  278,19990222,   69
  278,19990223,   37
  278,19990224,    3
  278,19990225,   -1
  278,19990226,    7
  278,19990227,    8
  278,19990228,    3
  278,19990301,  208
  278,19990302,  120
  278,19990303,   33
  278,19990304,   11
  278,19990305,   37
  278,19990306,   -1
  278,19990307,   -1
  278,19990308,   12
  278,19990309,   19
  278,19990310,   18
  278,19990311,    0
  278,19990312,    0
  278,19990313,    0
  278,19990314,    0
  278,19990315,    0
  278,19990316,    0
  278,19990317,    1
  278,19990318,   38
  278,19990319,    4
  278,19990320,   12
  278,19990321,   31
  278,19990322,   24
  278,19990323,   26
  278,19990324,    2
  278,19990325,   -1
  278,19990326,   24
  278,19990327,    0
  278,19990328,    0
  278,19990329,    0
  278,19990330,   -1
  278,19990331,    0
  278,19990401,    0
  278,19990402,    0
  278,19990403,   67
  278,19990404,   12
  278,19990405,   -1
  278,19990406,    5
  278,19990407,   23
  278,19990408,   -1
  278,19990409,   -1
  278,19990410,   22
  278,19990411,   -1
  278,19990412,   76
  278,19990413,  130
  278,19990414,  129
  278,19990415,    5
  278,19990416,    1
  278,19990417,    0
  278,19990418,    0
  278,19990419,    0
  278,19990420,   -1
  278,19990421,   35
  278,19990422,   15
  278,19990423,    0
  278,19990424,    0
  278,19990425,   -1
  278,19990426,   -1
  278,19990427,   -1
  278,19990428,    0
  278,19990429,    0
  278,19990430,    0
  278,19990501,    0
  278,19990502,    0
  278,19990503,    0
  278,19990504,    0
  278,19990505,   50
  278,19990506,  139
  278,19990507,    8
  278,19990508,   13
  278,19990509,    0
  278,19990510,   41
  278,19990511,   18
  278,19990512,    2
  278,19990513,   -1
  278,19990514,   54
  278,19990515,    0
  278,19990516,   -1
  278,19990517,    0
  278,19990518,    0
  278,19990519,    0
  278,19990520,    5
  278,19990521,    0
  278,19990522,    5
  278,19990523,    0
  278,19990524,   -1
  278,19990525,    0
  278,19990526,    0
  278,19990527,    0
  278,19990528,   -1
  278,19990529,   28
  278,19990530,   48
  278,19990531,    7
  278,19990601,    0
  278,19990602,  105
  278,19990603,   10
  278,19990604,   21
  278,19990605,  104
  278,19990606,   19
  278,19990607,   59
  278,19990608,   -1
  278,19990609,    7
  278,19990610,   -1
  278,19990611,    6
  278,19990612,    0
  278,19990613,   41
  278,19990614,    0
  278,19990615,    0
  278,19990616,    0
  278,19990617,   -1
  278,19990618,    0
  278,19990619,    0
  278,19990620,   62
  278,19990621,   28
  278,19990622,   50
  278,19990623,   -1
  278,19990624,   -1
  278,19990625,    0
  278,19990626,    0
  278,19990627,   72
  278,19990628,  136
  278,19990629,    4
  278,19990630,   15
  278,19990701,    3
  278,19990702,   -1
  278,19990703,    0
  278,19990704,   90
  278,19990705,  391
  278,19990706,   17
  278,19990707,    0
  278,19990708,    0
  278,19990709,    0
  278,19990710,    0
  278,19990711,    0
  278,19990712,   22
  278,19990713,    1
  278,19990714,    9
  278,19990715,    0
  278,19990716,    0
  278,19990717,    0
  278,19990718,    0
  278,19990719,   43
  278,19990720,   13
  278,19990721,   16
  278,19990722,   74
  278,19990723,   -1
  278,19990724,    0
  278,19990725,    0
  278,19990726,    0
  278,19990727,    0
  278,19990728,    0
  278,19990729,    0
  278,19990730,    0
  278,19990731,    0
  278,19990801,    0
  278,19990802,    0
  278,19990803,   -1
  278,19990804,    0
  278,19990805,   33
  278,19990806,    0
  278,19990807,  151
  278,19990808,   10
  278,19990809,   -1
  278,19990810,   41
  278,19990811,   -1
  278,19990812,    0
  278,19990813,    0
  278,19990814,   74
  278,19990815,   -1
  278,19990816,   15
  278,19990817,   72
  278,19990818,   90
  278,19990819,   29
  278,19990820,   39
  278,19990821,    0
  278,19990822,    0
  278,19990823,    0
  278,19990824,    0
  278,19990825,   -1
  278,19990826,   92
  278,19990827,    0
  278,19990828,    0
  278,19990829,    0
  278,19990830,   -1
  278,19990831,   -1
  278,19990901,   -1
  278,19990902,    0
  278,19990903,    0
  278,19990904,    0
  278,19990905,    0
  278,19990906,   -1
  278,19990907,    0
  278,19990908,    0
  278,19990909,    0
  278,19990910,    0
  278,19990911,    0
  278,19990912,    0
  278,19990913,    0
  278,19990914,    0
  278,19990915,   50
  278,19990916,   12
  278,19990917,   26
  278,19990918,    0
  278,19990919,    0
  278,19990920,    1
  278,19990921,   -1
  278,19990922,   10
  278,19990923,   20
  278,19990924,   67
  278,19990925,    0
  278,19990926,   27
  278,19990927,   50
  278,19990928,    9
  278,19990929,   64
  278,19990930,   54
  278,19991001,   32
  278,19991002,   52
  278,19991003,   25
  278,19991004,   16
  278,19991005,   -1
  278,19991006,   -1
  278,19991007,    7
  278,19991008,   18
  278,19991009,    6
  278,19991010,    2
  278,19991011,   11
  278,19991012,    0
  278,19991013,    0
  278,19991014,    0
  278,19991015,    0
  278,19991016,    0
  278,19991017,    0
  278,19991018,    0
  278,19991019,    0
  278,19991020,    0
  278,19991021,   18
  278,19991022,   23
  278,19991023,    7
  278,19991024,   11
  278,19991025,   20
  278,19991026,   -1
  278,19991027,    0
  278,19991028,   -1
  278,19991029,    0
  278,19991030,   35
  278,19991031,   -1
  278,19991101,    3
  278,19991102,    1
  278,19991103,   -1
  278,19991104,    0
  278,19991105,   -1
  278,19991106,  165
  278,19991107,   37
  278,19991108,   24
  278,19991109,   14
  278,19991110,    4
  278,19991111,    0
  278,19991112,    0
  278,19991113,    5
  278,19991114,    2
  278,19991115,    0
  278,19991116,    3
  278,19991117,   31
  278,19991118,   44
  278,19991119,   -1
  278,19991120,    4
  278,19991121,   25
  278,19991122,   69
  278,19991123,    0
  278,19991124,    0
  278,19991125,   32
  278,19991126,    0
  278,19991127,   35
  278,19991128,    0
  278,19991129,    2
  278,19991130,   -1
  278,19991201,   -1
  278,19991202,   19
  278,19991203,   71
  278,19991204,   21
  278,19991205,    3
  278,19991206,   67
  278,19991207,  109
  278,19991208,   18
  278,19991209,   18
  278,19991210,   26
  278,19991211,  120
  278,19991212,  100
  278,19991213,  115
  278,19991214,   56
  278,19991215,   15
  278,19991216,    3
  278,19991217,   56
  278,19991218,    2
  278,19991219,   66
  278,19991220,    2
  278,19991221,    0
  278,19991222,    3
  278,19991223,   17
  278,19991224,  118
  278,19991225,   34
  278,19991226,  158
  278,19991227,   56
  278,19991228,   29
  278,19991229,   10
  278,19991230,    7
  278,19991231,    0
  278,20000101,    9
  278,20000102,    0
  278,20000103,   42
  278,20000104,   62
  278,20000105,    0
  278,20000106,   11
  278,20000107,    0
  278,20000108,   13
  278,20000109,    0
  278,20000110,    0
  278,20000111,    0
  278,20000112,    0
  278,20000113,    0
  278,20000114,    3
  278,20000115,   -1
  278,20000116,    8
  278,20000117,    1
  278,20000118,    4
  278,20000119,    5
  278,20000120,    5
  278,20000121,    3
  278,20000122,   38
  278,20000123,    7
  278,20000124,    0
  278,20000125,    0
  278,20000126,    4
  278,20000127,   -1
  278,20000128,   12
  278,20000129,  186
  278,20000130,   44
  278,20000131,   21
  278,20000201,   13
  278,20000202,   24
  278,20000203,   -1
  278,20000204,   62
  278,20000205,    0
  278,20000206,    4
  278,20000207,   60
  278,20000208,   66
  278,20000209,    7
  278,20000210,   86
  278,20000211,    0
  278,20000212,   55
  278,20000213,   -1
  278,20000214,   22
  278,20000215,    2
  278,20000216,  118
  278,20000217,   50
  278,20000218,   75
  278,20000219,   41
  278,20000220,    2
  278,20000221,    1
  278,20000222,    9
  278,20000223,    0
  278,20000224,   72
  278,20000225,  111
  278,20000226,    0
  278,20000227,    0
  278,20000228,   58
  278,20000229,   69
  278,20000301,   15
  278,20000302,  112
  278,20000303,  215
  278,20000304,   30
  278,20000305,   13
  278,20000306,    0
  278,20000307,   30
  278,20000308,   92
  278,20000309,  130
  278,20000310,   22
  278,20000311,   22
  278,20000312,    2
  278,20000313,   -1
  278,20000314,   71
  278,20000315,   30
  278,20000316,    4
  278,20000317,    3
  278,20000318,    9
  278,20000319,    0
  278,20000320,    0
  278,20000321,    0
  278,20000322,    0
  278,20000323,    0
  278,20000324,   59
  278,20000325,    8
  278,20000326,   33
  278,20000327,   34
  278,20000328,    1
  278,20000329,    0
  278,20000330,    0
  278,20000331,    0
  278,20000401,    7
  278,20000402,    3
  278,20000403,    7
  278,20000404,   -1
  278,20000405,    1
  278,20000406,    0
  278,20000407,    0
  278,20000408,    0
  278,20000409,    0
  278,20000410,    0
  278,20000411,    0
  278,20000412,   17
  278,20000413,   47
  278,20000414,   11
  278,20000415,   28
  278,20000416,    6
  278,20000417,   28
  278,20000418,    0
  278,20000419,   -1
  278,20000420,    1
  278,20000421,    1
  278,20000422,  115
  278,20000423,  181
  278,20000424,    0
  278,20000425,    0
  278,20000426,   12
  278,20000427,    0
  278,20000428,    0
  278,20000429,   79
  278,20000430,   -1
  278,20000501,    0
  278,20000502,    5
  278,20000503,   70
  278,20000504,    0
  278,20000505,    0
  278,20000506,    0
  278,20000507,   -1
  278,20000508,    0
  278,20000509,    0
  278,20000510,    0
  278,20000511,    0
  278,20000512,    0
  278,20000513,    0
  278,20000514,    0
  278,20000515,    0
  278,20000516,  169
  278,20000517,   95
  278,20000518,   35
  278,20000519,  106
  278,20000520,   20
  278,20000521,   39
  278,20000522,    3
  278,20000523,   52
  278,20000524,   92
  278,20000525,   47
  278,20000526,   26
  278,20000527,   -1
  278,20000528,   69
  278,20000529,   85
  278,20000530,   32
  278,20000531,    0
  278,20000601,   16
  278,20000602,    0
  278,20000603,   79
  278,20000604,   12
  278,20000605,  251
  278,20000606,   77
  278,20000607,   19
  278,20000608,    0
  278,20000609,   -1
  278,20000610,    0
  278,20000611,    0
  278,20000612,    0
  278,20000613,    0
  278,20000614,   60
  278,20000615,   -1
  278,20000616,    0
  278,20000617,    0
  278,20000618,    0
  278,20000619,    0
  278,20000620,    0
  278,20000621,   12
  278,20000622,    9
  278,20000623,   53
  278,20000624,   96
  278,20000625,   14
  278,20000626,    3
  278,20000627,    0
  278,20000628,    0
  278,20000629,   -1
  278,20000630,    0
  278,20000701,   55
  278,20000702,    3
  278,20000703,    0
  278,20000704,    0
  278,20000705,   40
  278,20000706,   11
  278,20000707,    0
  278,20000708,   33
  278,20000709,   41
  278,20000710,  144
  278,20000711,   23
  278,20000712,    9
  278,20000713,   62
  278,20000714,   54
  278,20000715,   66
  278,20000716,   -1
  278,20000717,   -1
  278,20000718,   -1
  278,20000719,   11
  278,20000720,    0
  278,20000721,    0
  278,20000722,    3
  278,20000723,    0
  278,20000724,   -1
  278,20000725,   19
  278,20000726,    0
  278,20000727,   21
  278,20000728,   23
  278,20000729,    0
  278,20000730,    0
  278,20000731,    0
  278,20000801,  159
  278,20000802,    7
  278,20000803,   17
  278,20000804,    0
  278,20000805,    0
  278,20000806,    0
  278,20000807,   -1
  278,20000808,    4
  278,20000809,   -1
  278,20000810,    7
  278,20000811,    0
  278,20000812,    0
  278,20000813,    0
  278,20000814,    8
  278,20000815,   -1
  278,20000816,   -1
  278,20000817,   -1
  278,20000818,   -1
  278,20000819,   85
  278,20000820,   43
  278,20000821,   68
  278,20000822,   25
  278,20000823,    0
  278,20000824,    0
  278,20000825,    0
  278,20000826,    0
  278,20000827,  168
  278,20000828,   -1
  278,20000829,   16
  278,20000830,    0
  278,20000831,    0
  278,20000901,   43
  278,20000902,   38
  278,20000903,   42
  278,20000904,    8
  278,20000905,    1
  278,20000906,  157
  278,20000907,   40
  278,20000908,   32
  278,20000909,   61
  278,20000910,    0
  278,20000911,    0
  278,20000912,   -1
  278,20000913,    0
  278,20000914,    0
  278,20000915,  112
  278,20000916,   46
  278,20000917,    5
  278,20000918,    0
  278,20000919,    0
  278,20000920,  178
  278,20000921,   96
  278,20000922,    0
  278,20000923,    0
  278,20000924,    0
  278,20000925,   37
  278,20000926,  160
  278,20000927,    3
  278,20000928,   21
  278,20000929,    0
  278,20000930,    0
  278,20001001,  112
  278,20001002,   -1
  278,20001003,    0
  278,20001004,    1
  278,20001005,   19
  278,20001006,   52
  278,20001007,    0
  278,20001008,   64
  278,20001009,    1
  278,20001010,   55
  278,20001011,  117
  278,20001012,   -1
  278,20001013,    0
  278,20001014,    0
  278,20001015,    0
  278,20001016,   13
  278,20001017,  102
  278,20001018,    2
  278,20001019,   60
  278,20001020,    0
  278,20001021,    0
  278,20001022,    0
  278,20001023,   43
  278,20001024,    3
  278,20001025,   33
  278,20001026,   36
  278,20001027,   59
  278,20001028,    4
  278,20001029,   23
  278,20001030,   82
  278,20001031,    8
  278,20001101,   42
  278,20001102,   63
  278,20001103,    0
  278,20001104,    3
  278,20001105,    0
  278,20001106,    8
  278,20001107,   12
  278,20001108,   35
  278,20001109,   43
  278,20001110,   75
  278,20001111,    9
  278,20001112,   48
  278,20001113,    0
  278,20001114,    0
  278,20001115,   17
  278,20001116,   24
  278,20001117,    9
  278,20001118,   10
  278,20001119,   38
  278,20001120,   47
  278,20001121,   13
  278,20001122,   21
  278,20001123,   36
  278,20001124,    3
  278,20001125,   40
  278,20001126,   63
  278,20001127,    6
  278,20001128,   51
  278,20001129,    0
  278,20001130,    0
  278,20001201,   14
  278,20001202,    0
  278,20001203,   35
  278,20001204,    2
  278,20001205,    0
  278,20001206,   56
  278,20001207,   11
  278,20001208,   10
  278,20001209,    0
  278,20001210,   51
  278,20001211,   85
  278,20001212,   55
  278,20001213,   52
  278,20001214,    5
  278,20001215,   42
  278,20001216,   30
  278,20001217,    0
  278,20001218,    0
  278,20001219,    0
  278,20001220,    0
  278,20001221,    0
  278,20001222,    0
  278,20001223,    0
  278,20001224,   64
  278,20001225,    3
  278,20001226,    0
  278,20001227,   29
  278,20001228,   18
  278,20001229,   16
  278,20001230,   20
  278,20001231,    0
  278,20010101,   58
  278,20010102,   15
  278,20010103,   52
  278,20010104,   32
  278,20010105,  125
  278,20010106,   30
  278,20010107,    1
  278,20010108,   18
  278,20010109,    0
  278,20010110,    0
  278,20010111,    0
  278,20010112,    0
  278,20010113,    0
  278,20010114,    0
  278,20010115,    0
  278,20010116,    0
  278,20010117,    0
  278,20010118,    0
  278,20010119,    7
  278,20010120,    2
  278,20010121,   21
  278,20010122,   11
  278,20010123,   29
  278,20010124,   52
  278,20010125,   26
  278,20010126,    3
  278,20010127,   87
  278,20010128,   32
  278,20010129,    0
  278,20010130,    0
  278,20010131,    0
  278,20010201,    2
  278,20010202,   51
  278,20010203,   53
  278,20010204,  223
  278,20010205,   45
  278,20010206,   39
  278,20010207,   14
  278,20010208,  117
  278,20010209,    6
  278,20010210,    1
  278,20010211,   -1
  278,20010212,   40
  278,20010213,    0
  278,20010214,    0
  278,20010215,    0
  278,20010216,   72
  278,20010217,    0
  278,20010218,    0
  278,20010219,   13
  278,20010220,    0
  278,20010221,   12
  278,20010222,   24
  278,20010223,   27
  278,20010224,    9
  278,20010225,    9
  278,20010226,    8
  278,20010227,    0
  278,20010228,    1
  278,20010301,    3
  278,20010302,    0
  278,20010303,    0
  278,20010304,    0
  278,20010305,    0
  278,20010306,    0
  278,20010307,   45
  278,20010308,    9
  278,20010309,    1
  278,20010310,   42
  278,20010311,   24
  278,20010312,    8
  278,20010313,   39
  278,20010314,    6
  278,20010315,    0
  278,20010316,    5
  278,20010317,   21
  278,20010318,  126
  278,20010319,   39
  278,20010320,    0
  278,20010321,   53
  278,20010322,    0
  278,20010323,  127
  278,20010324,    0
  278,20010325,    0
  278,20010326,    0
  278,20010327,    0
  278,20010328,   26
  278,20010329,   84
  278,20010330,   -1
  278,20010331,    0
  278,20010401,    0
  278,20010402,    0
  278,20010403,    0
  278,20010404,   67
  278,20010405,   42
  278,20010406,   80
  278,20010407,   42
  278,20010408,   -1
  278,20010409,    0
  278,20010410,   41
  278,20010411,    1
  278,20010412,    9
  278,20010413,    0
  278,20010414,   73
  278,20010415,   72
  278,20010416,   22
  278,20010417,    1
  278,20010418,   62
  278,20010419,   51
  278,20010420,   10
  278,20010421,    0
  278,20010422,    0
  278,20010423,    0
  278,20010424,    2
  278,20010425,  218
  278,20010426,   26
  278,20010427,   22
  278,20010428,   19
  278,20010429,    2
  278,20010430,    6
  278,20010501,    0
  278,20010502,    0
  278,20010503,   54
  278,20010504,   10
  278,20010505,    0
  278,20010506,    0
  278,20010507,    0
  278,20010508,    0
  278,20010509,    0
  278,20010510,    0
  278,20010511,    0
  278,20010512,    0
  278,20010513,    0
  278,20010514,  129
  278,20010515,    9
  278,20010516,   55
  278,20010517,   33
  278,20010518,   16
  278,20010519,    0
  278,20010520,    0
  278,20010521,    0
  278,20010522,    0
  278,20010523,    0
  278,20010524,    0
  278,20010525,    0
  278,20010526,    0
  278,20010527,    9
  278,20010528,    6
  278,20010529,    0
  278,20010530,    0
  278,20010531,   40
  278,20010601,   13
  278,20010602,  116
  278,20010603,   29
  278,20010604,    0
  278,20010605,    0
  278,20010606,    9
  278,20010607,   10
  278,20010608,   -1
  278,20010609,    0
  278,20010610,    2
  278,20010611,    1
  278,20010612,    0
  278,20010613,    0
  278,20010614,    0
  278,20010615,   14
  278,20010616,   22
  278,20010617,    4
  278,20010618,    0
  278,20010619,    0
  278,20010620,    0
  278,20010621,    0
  278,20010622,   88
  278,20010623,    0
  278,20010624,    0
  278,20010625,    0
  278,20010626,    0
  278,20010627,    2
  278,20010628,    0
  278,20010629,    0
  278,20010630,   87
  278,20010701,    0
  278,20010702,    0
  278,20010703,    0
  278,20010704,    0
  278,20010705,    0
  278,20010706,    0
  278,20010707,    0
  278,20010708,  110
  278,20010709,    0
  278,20010710,   38
  278,20010711,   25
  278,20010712,   89
  278,20010713,   26
  278,20010714,  124
  278,20010715,    0
  278,20010716,    0
  278,20010717,    0
  278,20010718,   81
  278,20010719,   66
  278,20010720,   18
  278,20010721,    6
  278,20010722,   16
  278,20010723,   99
  278,20010724,    0
  278,20010725,    0
  278,20010726,    0
  279,19960726,    0
  279,19960727,    3
  279,19960728,   -1
  279,19960729,    1
  279,19960730,   -1
  279,19960731,    2
  279,19960801,    2
  279,19960802,    0
  279,19960803,    0
  279,19960804,    0
  279,19960805,    0
  279,19960806,   58
  279,19960807,    3
  279,19960808,    0
  279,19960809,    0
  279,19960810,   -1
  279,19960811,   68
  279,19960812,  145
  279,19960813,   -1
  279,19960814,   -1
  279,19960815,    7
  279,19960816,    0
  279,19960817,   -1
  279,19960818,    0
  279,19960819,    0
  279,19960820,    0
  279,19960821,   38
  279,19960822,    2
  279,19960823,    5
  279,19960824,   54
  279,19960825,    2
  279,19960826,   -1
  279,19960827,   64
  279,19960828,   82
  279,19960829,  155
  279,19960830,   33
  279,19960831,    5
  279,19960901,    8
  279,19960902,    0
  279,19960903,    0
  279,19960904,   -1
  279,19960905,    0
  279,19960906,   -1
  279,19960907,    0
  279,19960908,    0
  279,19960909,    0
  279,19960910,   13
  279,19960911,   17
  279,19960912,  149
  279,19960913,   58
  279,19960914,   -1
  279,19960915,   -1
  279,19960916,    0
  279,19960917,   -1
  279,19960918,    0
  279,19960919,    0
  279,19960920,    0
  279,19960921,   -1
  279,19960922,   61
  279,19960923,   -1
  279,19960924,    0
  279,19960925,    0
  279,19960926,   -1
  279,19960927,   86
  279,19960928,   -1
  279,19960929,   99
  279,19960930,   64
  279,19961001,   68
  279,19961002,    0
  279,19961003,    0
  279,19961004,   33
  279,19961005,    1
  279,19961006,    0
  279,19961007,    0
  279,19961008,    0
  279,19961009,    4
  279,19961010,    0
  279,19961011,    0
  279,19961012,    0
  279,19961013,    0
  279,19961014,    0
  279,19961015,   -1
  279,19961016,    0
  279,19961017,    0
  279,19961018,   14
  279,19961019,   14
  279,19961020,   80
  279,19961021,   72
  279,19961022,    0
  279,19961023,    0
  279,19961024,    0
  279,19961025,   -1
  279,19961026,   10
  279,19961027,  160
  279,19961028,   18
  279,19961029,   79
  279,19961030,   -1
  279,19961031,   75
  279,19961101,   13
  279,19961102,   53
  279,19961103,   17
  279,19961104,   47
  279,19961105,  107
  279,19961106,  214
  279,19961107,   29
  279,19961108,    1
  279,19961109,    1
  279,19961110,   75
  279,19961111,   74
  279,19961112,    9
  279,19961113,    8
  279,19961114,    0
  279,19961115,    0
  279,19961116,    0
  279,19961117,    0
  279,19961118,   86
  279,19961119,   33
  279,19961120,   60
  279,19961121,   48
  279,19961122,   81
  279,19961123,   53
  279,19961124,   -1
  279,19961125,  146
  279,19961126,   10
  279,19961127,   -1
  279,19961128,   -1
  279,19961129,   82
  279,19961130,   56
  279,19961201,   39
  279,19961202,    8
  279,19961203,   85
  279,19961204,    4
  279,19961205,    3
  279,19961206,   -1
  279,19961207,    7
  279,19961208,    0
  279,19961209,    0
  279,19961210,    0
  279,19961211,   -1
  279,19961212,   -1
  279,19961213,    8
  279,19961214,   -1
  279,19961215,    1
  279,19961216,    0
  279,19961217,   -1
  279,19961218,   -1
  279,19961219,  210
  279,19961220,   55
  279,19961221,    0
  279,19961222,    0
  279,19961223,    0
  279,19961224,    0
  279,19961225,    0
  279,19961226,    0
  279,19961227,    0
  279,19961228,    0
  279,19961229,    3
  279,19961230,    2
  279,19961231,    0
  279,19970101,    0
  279,19970102,    0
  279,19970103,    0
  279,19970104,    0
  279,19970105,    0
  279,19970106,   -1
  279,19970107,    0
  279,19970108,    0
  279,19970109,    0
  279,19970110,   -1
  279,19970111,    0
  279,19970112,   -1
  279,19970113,    0
  279,19970114,    0
  279,19970115,    0
  279,19970116,    0
  279,19970117,    0
  279,19970118,   -1
  279,19970119,   38
  279,19970120,    3
  279,19970121,    0
  279,19970122,    0
  279,19970123,    0
  279,19970124,   14
  279,19970125,    0
  279,19970126,    0
  279,19970127,    1
  279,19970128,    1
  279,19970129,   -1
  279,19970130,   -1
  279,19970131,    4
  279,19970201,    0
  279,19970202,   -1
  279,19970203,   -1
  279,19970204,   48
  279,19970205,    0
  279,19970206,    0
  279,19970207,   29
  279,19970208,    0
  279,19970209,    1
  279,19970210,   66
  279,19970211,    7
  279,19970212,  171
  279,19970213,   87
  279,19970214,   -1
  279,19970215,    1
  279,19970216,    0
  279,19970217,    4
  279,19970218,  162
  279,19970219,   44
  279,19970220,    1
  279,19970221,   21
  279,19970222,    0
  279,19970223,    0
  279,19970224,  103
  279,19970225,   69
  279,19970226,   88
  279,19970227,    2
  279,19970228,   11
  279,19970301,    2
  279,19970302,   17
  279,19970303,    0
  279,19970304,    0
  279,19970305,    0
  279,19970306,    7
  279,19970307,    0
  279,19970308,    0
  279,19970309,    0
  279,19970310,    0
  279,19970311,    0
  279,19970312,    0
  279,19970313,    0
  279,19970314,    6
  279,19970315,   12
  279,19970316,   73
  279,19970317,   -1
  279,19970318,   53
  279,19970319,   27
  279,19970320,    2
  279,19970321,    6
  279,19970322,   -1
  279,19970323,   29
  279,19970324,   -1
  279,19970325,    5
  279,19970326,   25
  279,19970327,    2
  279,19970328,   15
  279,19970329,   10
  279,19970330,   -1
  279,19970331,    0
  279,19970401,    0
  279,19970402,    0
  279,19970403,   17
  279,19970404,    9
  279,19970405,   97
  279,19970406,   -1
  279,19970407,    0
  279,19970408,    0
  279,19970409,    0
  279,19970410,    0
  279,19970411,    4
  279,19970412,    1
  279,19970413,   -1
  279,19970414,   -1
  279,19970415,    4
  279,19970416,    0
  279,19970417,    0
  279,19970418,   -1
  279,19970419,    2
  279,19970420,    0
  279,19970421,   -1
  279,19970422,   -1
  279,19970423,    0
  279,19970424,    0
  279,19970425,    9
  279,19970426,    0
  279,19970427,    2
  279,19970428,  130
  279,19970429,   82
  279,19970430,    0
  279,19970501,    0
  279,19970502,    0
  279,19970503,    0
  279,19970504,   43
  279,19970505,  194
  279,19970506,  170
  279,19970507,   21
  279,19970508,   14
  279,19970509,   38
  279,19970510,    5
  279,19970511,   23
  279,19970512,   -1
  279,19970513,    0
  279,19970514,   79
  279,19970515,    0
  279,19970516,    0
  279,19970517,   -1
  279,19970518,   15
  279,19970519,   72
  279,19970520,   27
  279,19970521,  265
  279,19970522,    4
  279,19970523,   -1
  279,19970524,   -1
  279,19970525,    0
  279,19970526,   -1
  279,19970527,   -1
  279,19970528,    0
  279,19970529,    0
  279,19970530,    0
  279,19970531,    0
  279,19970601,    0
  279,19970602,    0
  279,19970603,    0
  279,19970604,    0
  279,19970605,    0
  279,19970606,    0
  279,19970607,   31
  279,19970608,  141
  279,19970609,    0
  279,19970610,    0
  279,19970611,   99
  279,19970612,    0
  279,19970613,   72
  279,19970614,   13
  279,19970615,   31
  279,19970616,    0
  279,19970617,    0
  279,19970618,    0
  279,19970619,   -1
  279,19970620,   43
  279,19970621,   25
  279,19970622,   15
  279,19970623,  102
  279,19970624,   16
  279,19970625,   -1
  279,19970626,   47
  279,19970627,  106
  279,19970628,   50
  279,19970629,  167
  279,19970630,    4
  279,19970701,   18
  279,19970702,    2
  279,19970703,   -1
  279,19970704,    4
  279,19970705,    0
  279,19970706,    1
  279,19970707,    0
  279,19970708,    0
  279,19970709,    0
  279,19970710,    0
  279,19970711,    0
  279,19970712,   -1
  279,19970713,  329
  279,19970714,    0
  279,19970715,    0
  279,19970716,    6
  279,19970717,   43
  279,19970718,   54
  279,19970719,   -1
  279,19970720,    0
  279,19970721,  140
  279,19970722,  107
  279,19970723,    0
  279,19970724,   33
  279,19970725,   51
  279,19970726,   12
  279,19970727,   10
  279,19970728,    3
  279,19970729,    0
  279,19970730,   16
  279,19970731,   98
  279,19970801,    9
  279,19970802,   29
  279,19970803,   -1
  279,19970804,    0
  279,19970805,    0
  279,19970806,    0
  279,19970807,    0
  279,19970808,    0
  279,19970809,    0
  279,19970810,    0
  279,19970811,    0
  279,19970812,    0
  279,19970813,    0
  279,19970814,   -1
  279,19970815,   -1
  279,19970816,    0
  279,19970817,   -1
  279,19970818,    0
  279,19970819,    1
  279,19970820,   35
  279,19970821,    0
  279,19970822,   67
  279,19970823,   -1
  279,19970824,   -1
  279,19970825,  127
  279,19970826,    9
  279,19970827,   53
  279,19970828,  110
  279,19970829,   18
  279,19970830,    4
  279,19970831,    0
  279,19970901,   11
  279,19970902,  172
  279,19970903,    0
  279,19970904,    3
  279,19970905,    0
  279,19970906,   13
  279,19970907,   37
  279,19970908,    3
  279,19970909,   -1
  279,19970910,    0
  279,19970911,    0
  279,19970912,   81
  279,19970913,   48
  279,19970914,   -1
  279,19970915,    0
  279,19970916,    0
  279,19970917,   -1
  279,19970918,    0
  279,19970919,    0
  279,19970920,    0
  279,19970921,    0
  279,19970922,    0
  279,19970923,    0
  279,19970924,   -1
  279,19970925,    0
  279,19970926,    0
  279,19970927,    0
  279,19970928,    0
  279,19970929,    4
  279,19970930,   16
  279,19971001,   15
  279,19971002,   -1
  279,19971003,    4
  279,19971004,   -1
  279,19971005,   -1
  279,19971006,    0
  279,19971007,  113
  279,19971008,  150
  279,19971009,  126
  279,19971010,  161
  279,19971011,   29
  279,19971012,   17
  279,19971013,  121
  279,19971014,   47
  279,19971015,   12
  279,19971016,    2
  279,19971017,    1
  279,19971018,    0
  279,19971019,    0
  279,19971020,    0
  279,19971021,    0
  279,19971022,    0
  279,19971023,   -1
  279,19971024,    1
  279,19971025,    9
  279,19971026,   -1
  279,19971027,    0
  279,19971028,    0
  279,19971029,    0
  279,19971030,    0
  279,19971031,    0
  279,19971101,    0
  279,19971102,    7
  279,19971103,    0
  279,19971104,   -1
  279,19971105,   28
  279,19971106,   10
  279,19971107,    6
  279,19971108,   -1
  279,19971109,   35
  279,19971110,   22
  279,19971111,   33
  279,19971112,    0
  279,19971113,    0
  279,19971114,    0
  279,19971115,   37
  279,19971116,    0
  279,19971117,    0
  279,19971118,    0
  279,19971119,    0
  279,19971120,    7
  279,19971121,   -1
  279,19971122,    1
  279,19971123,    0
  279,19971124,    0
  279,19971125,    0
  279,19971126,    0
  279,19971127,    9
  279,19971128,   46
  279,19971129,   25
  279,19971130,    4
  279,19971201,    0
  279,19971202,   -1
  279,19971203,   -1
  279,19971204,    2
  279,19971205,   -1
  279,19971206,   86
  279,19971207,    2
  279,19971208,    1
  279,19971209,   35
  279,19971210,  123
  279,19971211,   87
  279,19971212,   57
  279,19971213,   15
  279,19971214,    3
  279,19971215,    0
  279,19971216,    0
  279,19971217,   -1
  279,19971218,   -1
  279,19971219,   14
  279,19971220,   -1
  279,19971221,   32
  279,19971222,   -1
  279,19971223,   -1
  279,19971224,   92
  279,19971225,   95
  279,19971226,   42
  279,19971227,   46
  279,19971228,   50
  279,19971229,   18
  279,19971230,   -1
  279,19971231,   20
  279,19980101,    0
  279,19980102,   83
  279,19980103,  102
  279,19980104,   23
  279,19980105,  102
  279,19980106,   20
  279,19980107,  100
  279,19980108,   71
  279,19980109,    0
  279,19980110,    0
  279,19980111,    0
  279,19980112,    0
  279,19980113,    0
  279,19980114,   12
  279,19980115,    4
  279,19980116,   16
  279,19980117,    1
  279,19980118,   12
  279,19980119,   95
  279,19980120,   22
  279,19980121,    0
  279,19980122,    0
  279,19980123,   -1
  279,19980124,    1
  279,19980125,    0
  279,19980126,    0
  279,19980127,   -1
  279,19980128,    9
  279,19980129,   -1
  279,19980130,    9
  279,19980131,    0
  279,19980201,    0
  279,19980202,   18
  279,19980203,   -1
  279,19980204,   -1
  279,19980205,    0
  279,19980206,    0
  279,19980207,   17
  279,19980208,    0
  279,19980209,    0
  279,19980210,    0
  279,19980211,    0
  279,19980212,    0
  279,19980213,    0
  279,19980214,    0
  279,19980215,    0
  279,19980216,   22
  279,19980217,    0
  279,19980218,    0
  279,19980219,    0
  279,19980220,    0
  279,19980221,   22
  279,19980222,   -1
  279,19980223,   14
  279,19980224,   -1
  279,19980225,   -1
  279,19980226,    0
  279,19980227,    4
  279,19980228,  111
  279,19980301,   75
  279,19980302,   34
  279,19980303,  142
  279,19980304,  119
  279,19980305,   41
  279,19980306,  186
  279,19980307,  214
  279,19980308,    6
  279,19980309,    6
  279,19980310,    2
  279,19980311,    6
  279,19980312,   -1
  279,19980313,    7
  279,19980314,   16
  279,19980315,   20
  279,19980316,   -1
  279,19980317,   -1
  279,19980318,    0
  279,19980319,   -1
  279,19980320,   -1
  279,19980321,    0
  279,19980322,   34
  279,19980323,   -1
  279,19980324,    0
  279,19980325,    0
  279,19980326,   33
  279,19980327,    9
  279,19980328,    3
  279,19980329,    0
  279,19980330,    0
  279,19980331,    0
  279,19980401,   12
  279,19980402,   18
  279,19980403,   96
  279,19980404,   41
  279,19980405,   20
  279,19980406,   12
  279,19980407,   71
  279,19980408,  150
  279,19980409,   19
  279,19980410,  122
  279,19980411,    3
  279,19980412,   -1
  279,19980413,   30
  279,19980414,   30
  279,19980415,   56
  279,19980416,   24
  279,19980417,   -1
  279,19980418,   -1
  279,19980419,   -1
  279,19980420,   79
  279,19980421,   -1
  279,19980422,    0
  279,19980423,  105
  279,19980424,   41
  279,19980425,  143
  279,19980426,    3
  279,19980427,   37
  279,19980428,   15
  279,19980429,   -1
  279,19980430,   -1
  279,19980501,   26
  279,19980502,    0
  279,19980503,   -1
  279,19980504,    0
  279,19980505,   11
  279,19980506,   81
  279,19980507,    2
  279,19980508,    0
  279,19980509,    0
  279,19980510,    0
  279,19980511,    0
  279,19980512,    0
  279,19980513,    0
  279,19980514,    0
  279,19980515,    0
  279,19980516,    0
  279,19980517,    0
  279,19980518,    0
  279,19980519,    0
  279,19980520,   -1
  279,19980521,   -1
  279,19980522,   -1
  279,19980523,    2
  279,19980524,   17
  279,19980525,   52
  279,19980526,   70
  279,19980527,   21
  279,19980528,   -1
  279,19980529,   53
  279,19980530,   18
  279,19980531,    0
  279,19980601,   -1
  279,19980602,   12
  279,19980603,   75
  279,19980604,    0
  279,19980605,  104
  279,19980606,  326
  279,19980607,   77
  279,19980608,    1
  279,19980609,  173
  279,19980610,   44
  279,19980611,   38
  279,19980612,   58
  279,19980613,    0
  279,19980614,   18
  279,19980615,    2
  279,19980616,   23
  279,19980617,   38
  279,19980618,   37
  279,19980619,   22
  279,19980620,    0
  279,19980621,    6
  279,19980622,    1
  279,19980623,   38
  279,19980624,    1
  279,19980625,  182
  279,19980626,   -1
  279,19980627,   38
  279,19980628,   20
  279,19980629,   22
  279,19980630,  201
  279,19980701,   20
  279,19980702,    0
  279,19980703,   -1
  279,19980704,   -1
  279,19980705,   53
  279,19980706,    2
  279,19980707,   17
  279,19980708,    1
  279,19980709,   45
  279,19980710,   -1
  279,19980711,   29
  279,19980712,   78
  279,19980713,   19
  279,19980714,   39
  279,19980715,   14
  279,19980716,   26
  279,19980717,   49
  279,19980718,   10
  279,19980719,    0
  279,19980720,   -1
  279,19980721,   18
  279,19980722,   -1
  279,19980723,    1
  279,19980724,    0
  279,19980725,    0
  279,19980726,    0
  279,19980727,   -1
  279,19980728,   85
  279,19980729,   35
  279,19980730,   48
  279,19980731,  179
  279,19980801,    0
  279,19980802,   -1
  279,19980803,   -1
  279,19980804,   16
  279,19980805,   -1
  279,19980806,    0
  279,19980807,    0
  279,19980808,    0
  279,19980809,    0
  279,19980810,    0
  279,19980811,    0
  279,19980812,    0
  279,19980813,    6
  279,19980814,   -1
  279,19980815,   -1
  279,19980816,    0
  279,19980817,    0
  279,19980818,    1
  279,19980819,    0
  279,19980820,    0
  279,19980821,  147
  279,19980822,   58
  279,19980823,  151
  279,19980824,   52
  279,19980825,    0
  279,19980826,  115
  279,19980827,   17
  279,19980828,   11
  279,19980829,   -1
  279,19980830,    7
  279,19980831,    0
  279,19980901,   -1
  279,19980902,    8
  279,19980903,  128
  279,19980904,   30
  279,19980905,   23
  279,19980906,    0
  279,19980907,    1
  279,19980908,   42
  279,19980909,   62
  279,19980910,   46
  279,19980911,    0
  279,19980912,   99
  279,19980913,    5
  279,19980914,  275
  279,19980915,   94
  279,19980916,  122
  279,19980917,   83
  279,19980918,   -1
  279,19980919,    1
  279,19980920,   -1
  279,19980921,    0
  279,19980922,    0
  279,19980923,    0
  279,19980924,    0
  279,19980925,    0
  279,19980926,    2
  279,19980927,   46
  279,19980928,    0
  279,19980929,    0
  279,19980930,   63
  279,19981001,  112
  279,19981002,   -1
  279,19981003,   15
  279,19981004,   21
  279,19981005,   -1
  279,19981006,   10
  279,19981007,   31
  279,19981008,  134
  279,19981009,   -1
  279,19981010,   69
  279,19981011,   73
  279,19981012,  146
  279,19981013,   20
  279,19981014,   95
  279,19981015,    5
  279,19981016,   -1
  279,19981017,   73
  279,19981018,    5
  279,19981019,   11
  279,19981020,  115
  279,19981021,   67
  279,19981022,    1
  279,19981023,  242
  279,19981024,  171
  279,19981025,  165
  279,19981026,   91
  279,19981027,  477
  279,19981028,  432
  279,19981029,   74
  279,19981030,  169
  279,19981031,   81
  279,19981101,   64
  279,19981102,   15
  279,19981103,   45
  279,19981104,   44
  279,19981105,   90
  279,19981106,   37
  279,19981107,    0
  279,19981108,   46
  279,19981109,  145
  279,19981110,   34
  279,19981111,    3
  279,19981112,    0
  279,19981113,   36
  279,19981114,    3
  279,19981115,    1
  279,19981116,    2
  279,19981117,   -1
  279,19981118,   -1
  279,19981119,    0
  279,19981120,    0
  279,19981121,    0
  279,19981122,    0
  279,19981123,    0
  279,19981124,    0
  279,19981125,    4
  279,19981126,   36
  279,19981127,    3
  279,19981128,   -1
  279,19981129,   -1
  279,19981130,    0
  279,19981201,    0
  279,19981202,    0
  279,19981203,    0
  279,19981204,   37
  279,19981205,   47
  279,19981206,   20
  279,19981207,    0
  279,19981208,   -1
  279,19981209,   28
  279,19981210,    6
  279,19981211,   -1
  279,19981212,   98
  279,19981213,   49
  279,19981214,   16
  279,19981215,  202
  279,19981216,    2
  279,19981217,    0
  279,19981218,   17
  279,19981219,   68
  279,19981220,    6
  279,19981221,   10
  279,19981222,    8
  279,19981223,    6
  279,19981224,   23
  279,19981225,   77
  279,19981226,  165
  279,19981227,   43
  279,19981228,   48
  279,19981229,    0
  279,19981230,    0
  279,19981231,    0
  279,19990101,   -1
  279,19990102,   17
  279,19990103,   49
  279,19990104,   29
  279,19990105,   27
  279,19990106,    0
  279,19990107,   40
  279,19990108,  109
  279,19990109,   -1
  279,19990110,    0
  279,19990111,    0
  279,19990112,   12
  279,19990113,   45
  279,19990114,   28
  279,19990115,   41
  279,19990116,   90
  279,19990117,    0
  279,19990118,    0
  279,19990119,    7
  279,19990120,    5
  279,19990121,   16
  279,19990122,    0
  279,19990123,    0
  279,19990124,   21
  279,19990125,   60
  279,19990126,   37
  279,19990127,  106
  279,19990128,   49
  279,19990129,    0
  279,19990130,    0
  279,19990131,   -1
  279,19990201,    2
  279,19990202,   -1
  279,19990203,    2
  279,19990204,    1
  279,19990205,   32
  279,19990206,   41
  279,19990207,   91
  279,19990208,   10
  279,19990209,   -1
  279,19990210,   14
  279,19990211,    6
  279,19990212,    0
  279,19990213,    0
  279,19990214,   10
  279,19990215,   13
  279,19990216,  144
  279,19990217,   38
  279,19990218,    1
  279,19990219,   66
  279,19990220,    0
  279,19990221,   35
  279,19990222,   52
  279,19990223,   31
  279,19990224,    3
  279,19990225,    3
  279,19990226,   20
  279,19990227,   23
  279,19990228,    1
  279,19990301,  279
  279,19990302,  117
  279,19990303,    4
  279,19990304,   15
  279,19990305,    0
  279,19990306,   16
  279,19990307,   -1
  279,19990308,   21
  279,19990309,    9
  279,19990310,   13
  279,19990311,    0
  279,19990312,    0
  279,19990313,    0
  279,19990314,    0
  279,19990315,    0
  279,19990316,   -1
  279,19990317,   10
  279,19990318,   38
  279,19990319,    9
  279,19990320,    8
  279,19990321,   42
  279,19990322,   29
  279,19990323,   26
  279,19990324,    1
  279,19990325,   -1
  279,19990326,   16
  279,19990327,    0
  279,19990328,    0
  279,19990329,    0
  279,19990330,    1
  279,19990331,   -1
  279,19990401,    0
  279,19990402,    0
  279,19990403,   26
  279,19990404,  147
  279,19990405,    6
  279,19990406,   30
  279,19990407,   67
  279,19990408,    0
  279,19990409,    5
  279,19990410,   20
  279,19990411,   -1
  279,19990412,   72
  279,19990413,   82
  279,19990414,   73
  279,19990415,   20
  279,19990416,    0
  279,19990417,   78
  279,19990418,    0
  279,19990419,    0
  279,19990420,   -1
  279,19990421,   51
  279,19990422,   41
  279,19990423,    0
  279,19990424,   -1
  279,19990425,    0
  279,19990426,    0
  279,19990427,    0
  279,19990428,    0
  279,19990429,    0
  279,19990430,    0
  279,19990501,    0
  279,19990502,    0
  279,19990503,    0
  279,19990504,    0
  279,19990505,   -1
  279,19990506,   87
  279,19990507,   -1
  279,19990508,   18
  279,19990509,    0
  279,19990510,   28
  279,19990511,   29
  279,19990512,    6
  279,19990513,   18
  279,19990514,   63
  279,19990515,    0
  279,19990516,   -1
  279,19990517,    0
  279,19990518,    0
  279,19990519,    0
  279,19990520,    6
  279,19990521,    0
  279,19990522,   10
  279,19990523,    0
  279,19990524,   -1
  279,19990525,    0
  279,19990526,    0
  279,19990527,    0
  279,19990528,   -1
  279,19990529,    7
  279,19990530,    9
  279,19990531,   -1
  279,19990601,   -1
  279,19990602,   72
  279,19990603,    2
  279,19990604,   64
  279,19990605,   82
  279,19990606,   30
  279,19990607,   34
  279,19990608,    5
  279,19990609,   32
  279,19990610,    1
  279,19990611,   78
  279,19990612,    0
  279,19990613,    0
  279,19990614,    0
  279,19990615,    0
  279,19990616,    0
  279,19990617,    1
  279,19990618,    0
  279,19990619,    0
  279,19990620,   68
  279,19990621,   16
  279,19990622,   36
  279,19990623,   -1
  279,19990624,    0
  279,19990625,    0
  279,19990626,    0
  279,19990627,  193
  279,19990628,   29
  279,19990629,   44
  279,19990630,    8
  279,19990701,   10
  279,19990702,    1
  279,19990703,   -1
  279,19990704,   -1
  279,19990705,  552
  279,19990706,   -1
  279,19990707,   60
  279,19990708,    0
  279,19990709,    0
  279,19990710,    0
  279,19990711,    0
  279,19990712,    4
  279,19990713,    3
  279,19990714,   21
  279,19990715,   -1
  279,19990716,    0
  279,19990717,    0
  279,19990718,    0
  279,19990719,   61
  279,19990720,    4
  279,19990721,   17
  279,19990722,   77
  279,19990723,    0
  279,19990724,    0
  279,19990725,    0
  279,19990726,    0
  279,19990727,    0
  279,19990728,    0
  279,19990729,    0
  279,19990730,    0
  279,19990731,    0
  279,19990801,    0
  279,19990802,    0
  279,19990803,    0
  279,19990804,    0
  279,19990805,   47
  279,19990806,    0
  279,19990807,   82
  279,19990808,   17
  279,19990809,   -1
  279,19990810,   79
  279,19990811,    0
  279,19990812,    0
  279,19990813,   -1
  279,19990814,   66
  279,19990815,   13
  279,19990816,   70
  279,19990817,   55
  279,19990818,   55
  279,19990819,   41
  279,19990820,  104
  279,19990821,   -1
  279,19990822,    0
  279,19990823,    0
  279,19990824,    0
  279,19990825,   -1
  279,19990826,   70
  279,19990827,    0
  279,19990828,    0
  279,19990829,    0
  279,19990830,   -1
  279,19990831,    3
  279,19990901,    4
  279,19990902,   -1
  279,19990903,    0
  279,19990904,    0
  279,19990905,    0
  279,19990906,    0
  279,19990907,   -1
  279,19990908,    0
  279,19990909,    0
  279,19990910,    0
  279,19990911,    0
  279,19990912,    0
  279,19990913,    0
  279,19990914,   -1
  279,19990915,  107
  279,19990916,   50
  279,19990917,  149
  279,19990918,    0
  279,19990919,    0
  279,19990920,    3
  279,19990921,    2
  279,19990922,    2
  279,19990923,   30
  279,19990924,    1
  279,19990925,    0
  279,19990926,   76
  279,19990927,   78
  279,19990928,    7
  279,19990929,   77
  279,19990930,   92
  279,19991001,   90
  279,19991002,   36
  279,19991003,   63
  279,19991004,   28
  279,19991005,    8
  279,19991006,    2
  279,19991007,   13
  279,19991008,   29
  279,19991009,   13
  279,19991010,   -1
  279,19991011,   10
  279,19991012,    0
  279,19991013,    0
  279,19991014,    0
  279,19991015,    0
  279,19991016,    0
  279,19991017,    0
  279,19991018,    0
  279,19991019,    0
  279,19991020,    0
  279,19991021,   27
  279,19991022,   14
  279,19991023,   13
  279,19991024,    5
  279,19991025,   10
  279,19991026,    3
  279,19991027,    0
  279,19991028,    6
  279,19991029,    0
  279,19991030,   43
  279,19991031,    2
  279,19991101,   11
  279,19991102,    1
  279,19991103,    0
  279,19991104,    0
  279,19991105,   -1
  279,19991106,  108
  279,19991107,   21
  279,19991108,   14
  279,19991109,   39
  279,19991110,    4
  279,19991111,    0
  279,19991112,    0
  279,19991113,    4
  279,19991114,    3
  279,19991115,    0
  279,19991116,   -1
  279,19991117,   18
  279,19991118,  106
  279,19991119,   11
  279,19991120,    2
  279,19991121,   34
  279,19991122,  125
  279,19991123,    2
  279,19991124,    0
  279,19991125,   41
  279,19991126,    0
  279,19991127,   36
  279,19991128,    0
  279,19991129,    6
  279,19991130,   -1
  279,19991201,    1
  279,19991202,   31
  279,19991203,   81
  279,19991204,   51
  279,19991205,    4
  279,19991206,  131
  279,19991207,  202
  279,19991208,   24
  279,19991209,   11
  279,19991210,   28
  279,19991211,  143
  279,19991212,   81
  279,19991213,  106
  279,19991214,   11
  279,19991215,    5
  279,19991216,   -1
  279,19991217,   46
  279,19991218,   -1
  279,19991219,   51
  279,19991220,   -1
  279,19991221,    0
  279,19991222,   21
  279,19991223,   24
  279,19991224,  121
  279,19991225,   21
  279,19991226,  143
  279,19991227,   21
  279,19991228,   47
  279,19991229,   10
  279,19991230,    5
  279,19991231,    0
  279,20000101,   16
  279,20000102,    1
  279,20000103,   96
  279,20000104,   61
  279,20000105,    0
  279,20000106,   30
  279,20000107,    0
  279,20000108,   11
  279,20000109,    0
  279,20000110,    0
  279,20000111,    0
  279,20000112,    0
  279,20000113,    0
  279,20000114,    1
  279,20000115,   -1
  279,20000116,    8
  279,20000117,    2
  279,20000118,   -1
  279,20000119,    1
  279,20000120,    9
  279,20000121,    4
  279,20000122,   83
  279,20000123,   10
  279,20000124,   -1
  279,20000125,    2
  279,20000126,    1
  279,20000127,   -1
  279,20000128,    7
  279,20000129,  160
  279,20000130,   75
  279,20000131,   15
  279,20000201,   18
  279,20000202,   35
  279,20000203,   -1
  279,20000204,   88
  279,20000205,    0
  279,20000206,    2
  279,20000207,   72
  279,20000208,   81
  279,20000209,   16
  279,20000210,   80
  279,20000211,    0
  279,20000212,   38
  279,20000213,   46
  279,20000214,   24
  279,20000215,    7
  279,20000216,  148
  279,20000217,   26
  279,20000218,   46
  279,20000219,   26
  279,20000220,   -1
  279,20000221,    2
  279,20000222,    7
  279,20000223,    1
  279,20000224,   59
  279,20000225,   71
  279,20000226,    0
  279,20000227,    0
  279,20000228,   76
  279,20000229,   55
  279,20000301,   23
  279,20000302,  141
  279,20000303,  266
  279,20000304,   27
  279,20000305,    2
  279,20000306,    0
  279,20000307,   46
  279,20000308,   55
  279,20000309,  134
  279,20000310,   26
  279,20000311,   21
  279,20000312,    3
  279,20000313,    1
  279,20000314,   85
  279,20000315,   37
  279,20000316,   -1
  279,20000317,    5
  279,20000318,   10
  279,20000319,    0
  279,20000320,    0
  279,20000321,    0
  279,20000322,    0
  279,20000323,    0
  279,20000324,   50
  279,20000325,   35
  279,20000326,  108
  279,20000327,    7
  279,20000328,   -1
  279,20000329,    0
  279,20000330,    0
  279,20000331,    0
  279,20000401,   21
  279,20000402,    3
  279,20000403,   11
  279,20000404,    2
  279,20000405,   -1
  279,20000406,   -1
  279,20000407,    0
  279,20000408,    0
  279,20000409,    0
  279,20000410,    0
  279,20000411,   -1
  279,20000412,   34
  279,20000413,   50
  279,20000414,    4
  279,20000415,   36
  279,20000416,    9
  279,20000417,   18
  279,20000418,    0
  279,20000419,    0
  279,20000420,   -1
  279,20000421,   -1
  279,20000422,   67
  279,20000423,  155
  279,20000424,    0
  279,20000425,    0
  279,20000426,   19
  279,20000427,    0
  279,20000428,    0
  279,20000429,   10
  279,20000430,    6
  279,20000501,    0
  279,20000502,    1
  279,20000503,  125
  279,20000504,    0
  279,20000505,    0
  279,20000506,    0
  279,20000507,   97
  279,20000508,   14
  279,20000509,    0
  279,20000510,    0
  279,20000511,    0
  279,20000512,    0
  279,20000513,    0
  279,20000514,    0
  279,20000515,    0
  279,20000516,   38
  279,20000517,  136
  279,20000518,   34
  279,20000519,   63
  279,20000520,   23
  279,20000521,   62
  279,20000522,    3
  279,20000523,   51
  279,20000524,   68
  279,20000525,   48
  279,20000526,   25
  279,20000527,   26
  279,20000528,   90
  279,20000529,    8
  279,20000530,    0
  279,20000531,    0
  279,20000601,    4
  279,20000602,    0
  279,20000603,   59
  279,20000604,    9
  279,20000605,  168
  279,20000606,    4
  279,20000607,   76
  279,20000608,    0
  279,20000609,    4
  279,20000610,   -1
  279,20000611,    0
  279,20000612,    0
  279,20000613,   -1
  279,20000614,   70
  279,20000615,    2
  279,20000616,    0
  279,20000617,    0
  279,20000618,    0
  279,20000619,    0
  279,20000620,    0
  279,20000621,   50
  279,20000622,   22
  279,20000623,   33
  279,20000624,   22
  279,20000625,   -1
  279,20000626,    4
  279,20000627,    0
  279,20000628,   -1
  279,20000629,    0
  279,20000630,    0
  279,20000701,   10
  279,20000702,    0
  279,20000703,  244
  279,20000704,    0
  279,20000705,  102
  279,20000706,   13
  279,20000707,   -1
  279,20000708,   11
  279,20000709,   29
  279,20000710,   92
  279,20000711,   13
  279,20000712,   -1
  279,20000713,    4
  279,20000714,   73
  279,20000715,  122
  279,20000716,    5
  279,20000717,   -1
  279,20000718,    3
  279,20000719,    9
  279,20000720,    0
  279,20000721,    0
  279,20000722,   -1
  279,20000723,    0
  279,20000724,  236
  279,20000725,   30
  279,20000726,   -1
  279,20000727,    1
  279,20000728,   66
  279,20000729,    4
  279,20000730,    0
  279,20000731,    0
  279,20000801,   31
  279,20000802,   43
  279,20000803,  257
  279,20000804,    0
  279,20000805,    0
  279,20000806,   -1
  279,20000807,   -1
  279,20000808,   46
  279,20000809,   -1
  279,20000810,   13
  279,20000811,   -1
  279,20000812,    0
  279,20000813,    0
  279,20000814,   -1
  279,20000815,    5
  279,20000816,    0
  279,20000817,    0
  279,20000818,   -1
  279,20000819,   22
  279,20000820,   45
  279,20000821,   71
  279,20000822,   11
  279,20000823,    0
  279,20000824,    0
  279,20000825,   -1
  279,20000826,    0
  279,20000827,  133
  279,20000828,    2
  279,20000829,    9
  279,20000830,    0
  279,20000831,    0
  279,20000901,   86
  279,20000902,   25
  279,20000903,   53
  279,20000904,   19
  279,20000905,   -1
  279,20000906,  106
  279,20000907,    4
  279,20000908,   41
  279,20000909,   37
  279,20000910,    0
  279,20000911,    0
  279,20000912,   -1
  279,20000913,   -1
  279,20000914,   -1
  279,20000915,    2
  279,20000916,  199
  279,20000917,   40
  279,20000918,    0
  279,20000919,    0
  279,20000920,  102
  279,20000921,  120
  279,20000922,    0
  279,20000923,    0
  279,20000924,    0
  279,20000925,   54
  279,20000926,  154
  279,20000927,   -1
  279,20000928,   38
  279,20000929,    0
  279,20000930,    0
  279,20001001,  122
  279,20001002,    0
  279,20001003,    0
  279,20001004,    1
  279,20001005,    9
  279,20001006,   28
  279,20001007,    0
  279,20001008,   86
  279,20001009,    6
  279,20001010,   40
  279,20001011,  107
  279,20001012,   -1
  279,20001013,    0
  279,20001014,    0
  279,20001015,    0
  279,20001016,    4
  279,20001017,   44
  279,20001018,   -1
  279,20001019,   71
  279,20001020,    0
  279,20001021,   -1
  279,20001022,    0
  279,20001023,   96
  279,20001024,   35
  279,20001025,   13
  279,20001026,   53
  279,20001027,   78
  279,20001028,   23
  279,20001029,   28
  279,20001030,   71
  279,20001031,   31
  279,20001101,   16
  279,20001102,   68
  279,20001103,    0
  279,20001104,    1
  279,20001105,    0
  279,20001106,   10
  279,20001107,    2
  279,20001108,   27
  279,20001109,   61
  279,20001110,  120
  279,20001111,   19
  279,20001112,   53
  279,20001113,    0
  279,20001114,   -1
  279,20001115,   15
  279,20001116,   25
  279,20001117,    1
  279,20001118,    2
  279,20001119,   51
  279,20001120,   53
  279,20001121,    6
  279,20001122,   16
  279,20001123,   28
  279,20001124,    4
  279,20001125,    0
  279,20001126,   52
  279,20001127,   -1
  279,20001128,   38
  279,20001129,    0
  279,20001130,    0
  279,20001201,   15
  279,20001202,    0
  279,20001203,   30
  279,20001204,    3
  279,20001205,   -1
  279,20001206,   71
  279,20001207,   16
  279,20001208,    8
  279,20001209,    0
  279,20001210,  109
  279,20001211,   98
  279,20001212,   77
  279,20001213,   43
  279,20001214,    5
  279,20001215,   39
  279,20001216,   10
  279,20001217,   -1
  279,20001218,    0
  279,20001219,   -1
  279,20001220,    0
  279,20001221,    0
  279,20001222,    0
  279,20001223,    0
  279,20001224,  207
  279,20001225,    2
  279,20001226,    0
  279,20001227,   17
  279,20001228,   40
  279,20001229,   18
  279,20001230,   36
  279,20001231,    0
  279,20010101,   64
  279,20010102,   14
  279,20010103,   29
  279,20010104,   47
  279,20010105,  151
  279,20010106,   24
  279,20010107,    4
  279,20010108,   26
  279,20010109,    2
  279,20010110,    0
  279,20010111,    0
  279,20010112,    0
  279,20010113,    0
  279,20010114,    0
  279,20010115,    0
  279,20010116,    0
  279,20010117,    0
  279,20010118,   -1
  279,20010119,   -1
  279,20010120,   27
  279,20010121,    7
  279,20010122,   16
  279,20010123,   26
  279,20010124,   21
  279,20010125,   22
  279,20010126,   10
  279,20010127,   53
  279,20010128,   18
  279,20010129,   -1
  279,20010130,    0
  279,20010131,    0
  279,20010201,    7
  279,20010202,   26
  279,20010203,   49
  279,20010204,  141
  279,20010205,   69
  279,20010206,  113
  279,20010207,   13
  279,20010208,  168
  279,20010209,    5
  279,20010210,    1
  279,20010211,    5
  279,20010212,   19
  279,20010213,    0
  279,20010214,    0
  279,20010215,    0
  279,20010216,   57
  279,20010217,    0
  279,20010218,    0
  279,20010219,   10
  279,20010220,    0
  279,20010221,   15
  279,20010222,   43
  279,20010223,   12
  279,20010224,    4
  279,20010225,   33
  279,20010226,    2
  279,20010227,    0
  279,20010228,    0
  279,20010301,    7
  279,20010302,    6
  279,20010303,    0
  279,20010304,    0
  279,20010305,    0
  279,20010306,    0
  279,20010307,   12
  279,20010308,   12
  279,20010309,    3
  279,20010310,   38
  279,20010311,   49
  279,20010312,    9
  279,20010313,   75
  279,20010314,   88
  279,20010315,   -1
  279,20010316,    3
  279,20010317,   38
  279,20010318,   97
  279,20010319,   37
  279,20010320,    0
  279,20010321,   19
  279,20010322,    0
  279,20010323,  115
  279,20010324,    0
  279,20010325,    0
  279,20010326,    7
  279,20010327,    0
  279,20010328,   50
  279,20010329,   48
  279,20010330,    1
  279,20010331,   -1
  279,20010401,   -1
  279,20010402,    0
  279,20010403,   -1
  279,20010404,   54
  279,20010405,   25
  279,20010406,   64
  279,20010407,   51
  279,20010408,   -1
  279,20010409,    0
  279,20010410,   24
  279,20010411,    5
  279,20010412,    5
  279,20010413,   -1
  279,20010414,   67
  279,20010415,   51
  279,20010416,    5
  279,20010417,    3
  279,20010418,   91
  279,20010419,   60
  279,20010420,   11
  279,20010421,    0
  279,20010422,    0
  279,20010423,    0
  279,20010424,    3
  279,20010425,  165
  279,20010426,   24
  279,20010427,   80
  279,20010428,   51
  279,20010429,    9
  279,20010430,    5
  279,20010501,   -1
  279,20010502,    0
  279,20010503,   53
  279,20010504,   19
  279,20010505,    0
  279,20010506,    0
  279,20010507,    0
  279,20010508,    0
  279,20010509,    0
  279,20010510,    0
  279,20010511,    0
  279,20010512,    0
  279,20010513,    0
  279,20010514,  120
  279,20010515,    6
  279,20010516,  104
  279,20010517,   37
  279,20010518,  171
  279,20010519,    0
  279,20010520,    0
  279,20010521,    0
  279,20010522,    0
  279,20010523,    0
  279,20010524,    0
  279,20010525,    0
  279,20010526,    0
  279,20010527,    4
  279,20010528,   34
  279,20010529,    0
  279,20010530,    0
  279,20010531,   20
  279,20010601,   13
  279,20010602,  108
  279,20010603,   51
  279,20010604,   -1
  279,20010605,    0
  279,20010606,    4
  279,20010607,   24
  279,20010608,   -1
  279,20010609,    0
  279,20010610,    2
  279,20010611,    6
  279,20010612,   -1
  279,20010613,    0
  279,20010614,    0
  279,20010615,   56
  279,20010616,   71
  279,20010617,   81
  279,20010618,   27
  279,20010619,    0
  279,20010620,    0
  279,20010621,   -1
  279,20010622,   15
  279,20010623,    0
  279,20010624,    0
  279,20010625,    0
  279,20010626,    0
  279,20010627,    2
  279,20010628,   -1
  279,20010629,    0
  279,20010630,   56
  279,20010701,    0
  279,20010702,    0
  279,20010703,    0
  279,20010704,    0
  279,20010705,    0
  279,20010706,    0
  279,20010707,   -1
  279,20010708,   18
  279,20010709,   -1
  279,20010710,   37
  279,20010711,  122
  279,20010712,   53
  279,20010713,  157
  279,20010714,  120
  279,20010715,    0
  279,20010716,    0
  279,20010717,    0
  279,20010718,  157
  279,20010719,  256
  279,20010720,   24
  279,20010721,    4
  279,20010722,    6
  279,20010723,  130
  279,20010724,    0
  279,20010725,    0
  279,20010726,    0
  280,19960726,    0
  280,19960727,   12
  280,19960728,    0
  280,19960729,   -1
  280,19960730,   -1
  280,19960731,   19
  280,19960801,    0
  280,19960802,    0
  280,19960803,    0
  280,19960804,    0
  280,19960805,    0
  280,19960806,   -1
  280,19960807,   33
  280,19960808,    0
  280,19960809,    0
  280,19960810,   35
  280,19960811,  125
  280,19960812,   17
  280,19960813,   -1
  280,19960814,   -1
  280,19960815,   19
  280,19960816,    0
  280,19960817,    0
  280,19960818,    0
  280,19960819,    0
  280,19960820,    0
  280,19960821,   23
  280,19960822,   -1
  280,19960823,   26
  280,19960824,    7
  280,19960825,   -1
  280,19960826,    0
  280,19960827,  243
  280,19960828,  288
  280,19960829,   67
  280,19960830,   39
  280,19960831,   11
  280,19960901,   23
  280,19960902,    0
  280,19960903,    0
  280,19960904,    3
  280,19960905,    0
  280,19960906,   -1
  280,19960907,    0
  280,19960908,    2
  280,19960909,    0
  280,19960910,   21
  280,19960911,   22
  280,19960912,  118
  280,19960913,  108
  280,19960914,   49
  280,19960915,   -1
  280,19960916,    0
  280,19960917,    0
  280,19960918,    0
  280,19960919,    0
  280,19960920,    0
  280,19960921,   -1
  280,19960922,   15
  280,19960923,   -1
  280,19960924,    0
  280,19960925,    0
  280,19960926,    2
  280,19960927,   91
  280,19960928,    8
  280,19960929,  150
  280,19960930,   47
  280,19961001,   51
  280,19961002,   13
  280,19961003,    0
  280,19961004,   10
  280,19961005,   59
  280,19961006,    0
  280,19961007,    0
  280,19961008,    0
  280,19961009,    8
  280,19961010,    0
  280,19961011,    0
  280,19961012,    0
  280,19961013,    0
  280,19961014,    0
  280,19961015,   -1
  280,19961016,    0
  280,19961017,    0
  280,19961018,   19
  280,19961019,   16
  280,19961020,   82
  280,19961021,   45
  280,19961022,    0
  280,19961023,    0
  280,19961024,    0
  280,19961025,   -1
  280,19961026,   -1
  280,19961027,   99
  280,19961028,   41
  280,19961029,   63
  280,19961030,   18
  280,19961031,   35
  280,19961101,   14
  280,19961102,   48
  280,19961103,   17
  280,19961104,   37
  280,19961105,  114
  280,19961106,  124
  280,19961107,   14
  280,19961108,   -1
  280,19961109,    2
  280,19961110,   92
  280,19961111,   60
  280,19961112,   22
  280,19961113,   27
  280,19961114,    0
  280,19961115,    0
  280,19961116,    0
  280,19961117,   -1
  280,19961118,   55
  280,19961119,   23
  280,19961120,   51
  280,19961121,   58
  280,19961122,   52
  280,19961123,   53
  280,19961124,    0
  280,19961125,  199
  280,19961126,   -1
  280,19961127,    0
  280,19961128,    7
  280,19961129,   71
  280,19961130,   40
  280,19961201,   21
  280,19961202,   78
  280,19961203,   61
  280,19961204,   -1
  280,19961205,   -1
  280,19961206,    0
  280,19961207,   -1
  280,19961208,    0
  280,19961209,    0
  280,19961210,    0
  280,19961211,   -1
  280,19961212,    1
  280,19961213,   14
  280,19961214,   -1
  280,19961215,   -1
  280,19961216,    1
  280,19961217,    0
  280,19961218,   41
  280,19961219,  138
  280,19961220,    8
  280,19961221,    0
  280,19961222,    0
  280,19961223,    0
  280,19961224,   -1
  280,19961225,   -1
  280,19961226,    0
  280,19961227,    0
  280,19961228,    0
  280,19961229,   11
  280,19961230,    1
  280,19961231,    0
  280,19970101,    0
  280,19970102,    0
  280,19970103,    0
  280,19970104,    0
  280,19970105,   -1
  280,19970106,   -1
  280,19970107,   -1
  280,19970108,   -1
  280,19970109,    0
  280,19970110,   -1
  280,19970111,    0
  280,19970112,   -1
  280,19970113,   -1
  280,19970114,    0
  280,19970115,    0
  280,19970116,    0
  280,19970117,    0
  280,19970118,    0
  280,19970119,   14
  280,19970120,   13
  280,19970121,    0
  280,19970122,    0
  280,19970123,    0
  280,19970124,   13
  280,19970125,    1
  280,19970126,   -1
  280,19970127,    1
  280,19970128,    0
  280,19970129,   -1
  280,19970130,   -1
  280,19970131,    2
  280,19970201,    0
  280,19970202,   -1
  280,19970203,    0
  280,19970204,   60
  280,19970205,    0
  280,19970206,    0
  280,19970207,   39
  280,19970208,    0
  280,19970209,   24
  280,19970210,   61
  280,19970211,   -1
  280,19970212,  182
  280,19970213,   58
  280,19970214,   -1
  280,19970215,    2
  280,19970216,    0
  280,19970217,    7
  280,19970218,  116
  280,19970219,   45
  280,19970220,    4
  280,19970221,   48
  280,19970222,    0
  280,19970223,    0
  280,19970224,   71
  280,19970225,   66
  280,19970226,   41
  280,19970227,   -1
  280,19970228,   28
  280,19970301,    0
  280,19970302,   12
  280,19970303,    0
  280,19970304,    0
  280,19970305,    0
  280,19970306,   10
  280,19970307,    0
  280,19970308,    0
  280,19970309,    0
  280,19970310,    0
  280,19970311,    0
  280,19970312,    0
  280,19970313,    0
  280,19970314,   25
  280,19970315,    5
  280,19970316,   89
  280,19970317,   -1
  280,19970318,   17
  280,19970319,   -1
  280,19970320,   26
  280,19970321,   12
  280,19970322,   -1
  280,19970323,   19
  280,19970324,   -1
  280,19970325,    7
  280,19970326,   29
  280,19970327,   -1
  280,19970328,   33
  280,19970329,   19
  280,19970330,   -1
  280,19970331,    0
  280,19970401,    0
  280,19970402,    0
  280,19970403,    9
  280,19970404,    2
  280,19970405,   90
  280,19970406,   -1
  280,19970407,    0
  280,19970408,    0
  280,19970409,    0
  280,19970410,    0
  280,19970411,    1
  280,19970412,    6
  280,19970413,   -1
  280,19970414,   -1
  280,19970415,    3
  280,19970416,   -1
  280,19970417,    0
  280,19970418,   -1
  280,19970419,    3
  280,19970420,   -1
  280,19970421,    4
  280,19970422,   -1
  280,19970423,    0
  280,19970424,    0
  280,19970425,   -1
  280,19970426,    0
  280,19970427,   -1
  280,19970428,   83
  280,19970429,   51
  280,19970430,    0
  280,19970501,    0
  280,19970502,    0
  280,19970503,    0
  280,19970504,   60
  280,19970505,   36
  280,19970506,   97
  280,19970507,   49
  280,19970508,   39
  280,19970509,   76
  280,19970510,    7
  280,19970511,   65
  280,19970512,    1
  280,19970513,   -1
  280,19970514,   45
  280,19970515,    0
  280,19970516,    0
  280,19970517,   -1
  280,19970518,  109
  280,19970519,   24
  280,19970520,  104
  280,19970521,  239
  280,19970522,   95
  280,19970523,    0
  280,19970524,    0
  280,19970525,    0
  280,19970526,    2
  280,19970527,   -1
  280,19970528,   -1
  280,19970529,    0
  280,19970530,    0
  280,19970531,    0
  280,19970601,    0
  280,19970602,    0
  280,19970603,    0
  280,19970604,    0
  280,19970605,    0
  280,19970606,    0
  280,19970607,  107
  280,19970608,   82
  280,19970609,    0
  280,19970610,    0
  280,19970611,   15
  280,19970612,    0
  280,19970613,  222
  280,19970614,   78
  280,19970615,   23
  280,19970616,    0
  280,19970617,    0
  280,19970618,    0
  280,19970619,    0
  280,19970620,   37
  280,19970621,   76
  280,19970622,   39
  280,19970623,   38
  280,19970624,   30
  280,19970625,   -1
  280,19970626,   52
  280,19970627,   38
  280,19970628,    6
  280,19970629,  209
  280,19970630,    3
  280,19970701,  133
  280,19970702,    5
  280,19970703,   -1
  280,19970704,   -1
  280,19970705,    4
  280,19970706,    2
  280,19970707,    0
  280,19970708,   -1
  280,19970709,    0
  280,19970710,    0
  280,19970711,    0
  280,19970712,    0
  280,19970713,   43
  280,19970714,   -1
  280,19970715,    0
  280,19970716,   22
  280,19970717,  102
  280,19970718,   50
  280,19970719,   -1
  280,19970720,    0
  280,19970721,   25
  280,19970722,    5
  280,19970723,    0
  280,19970724,   25
  280,19970725,   20
  280,19970726,   13
  280,19970727,   71
  280,19970728,    5
  280,19970729,    0
  280,19970730,    7
  280,19970731,   37
  280,19970801,    6
  280,19970802,    1
  280,19970803,    0
  280,19970804,    0
  280,19970805,    0
  280,19970806,    0
  280,19970807,    0
  280,19970808,    0
  280,19970809,    0
  280,19970810,    0
  280,19970811,    0
  280,19970812,    0
  280,19970813,    0
  280,19970814,   -1
  280,19970815,   -1
  280,19970816,    7
  280,19970817,    0
  280,19970818,    0
  280,19970819,   -1
  280,19970820,    0
  280,19970821,    0
  280,19970822,   99
  280,19970823,    0
  280,19970824,    3
  280,19970825,  101
  280,19970826,   -1
  280,19970827,   29
  280,19970828,   98
  280,19970829,    9
  280,19970830,    5
  280,19970831,   -1
  280,19970901,    3
  280,19970902,  141
  280,19970903,    0
  280,19970904,    4
  280,19970905,    0
  280,19970906,    5
  280,19970907,   36
  280,19970908,   -1
  280,19970909,    4
  280,19970910,    0
  280,19970911,    0
  280,19970912,   70
  280,19970913,   19
  280,19970914,    5
  280,19970915,    0
  280,19970916,    0
  280,19970917,    0
  280,19970918,    0
  280,19970919,    0
  280,19970920,    0
  280,19970921,    0
  280,19970922,    0
  280,19970923,    0
  280,19970924,    0
  280,19970925,    0
  280,19970926,    0
  280,19970927,    0
  280,19970928,    0
  280,19970929,   14
  280,19970930,   11
  280,19971001,   14
  280,19971002,    5
  280,19971003,   -1
  280,19971004,   -1
  280,19971005,    0
  280,19971006,    0
  280,19971007,   49
  280,19971008,  155
  280,19971009,   40
  280,19971010,   54
  280,19971011,   21
  280,19971012,   49
  280,19971013,  182
  280,19971014,   77
  280,19971015,   21
  280,19971016,   -1
  280,19971017,   -1
  280,19971018,    0
  280,19971019,    0
  280,19971020,    0
  280,19971021,    0
  280,19971022,    0
  280,19971023,    4
  280,19971024,    7
  280,19971025,   14
  280,19971026,    9
  280,19971027,    0
  280,19971028,    0
  280,19971029,    0
  280,19971030,    0
  280,19971031,    0
  280,19971101,    0
  280,19971102,    6
  280,19971103,    4
  280,19971104,    0
  280,19971105,   15
  280,19971106,    6
  280,19971107,   41
  280,19971108,    0
  280,19971109,   53
  280,19971110,   15
  280,19971111,   27
  280,19971112,    0
  280,19971113,    0
  280,19971114,    0
  280,19971115,   13
  280,19971116,   -1
  280,19971117,    0
  280,19971118,    0
  280,19971119,    0
  280,19971120,    4
  280,19971121,    1
  280,19971122,    0
  280,19971123,   -1
  280,19971124,   -1
  280,19971125,    0
  280,19971126,    0
  280,19971127,   20
  280,19971128,   30
  280,19971129,   17
  280,19971130,   10
  280,19971201,    3
  280,19971202,    0
  280,19971203,    4
  280,19971204,   -1
  280,19971205,    4
  280,19971206,   88
  280,19971207,    2
  280,19971208,    5
  280,19971209,   45
  280,19971210,  165
  280,19971211,   78
  280,19971212,   90
  280,19971213,   24
  280,19971214,    1
  280,19971215,    0
  280,19971216,    0
  280,19971217,   -1
  280,19971218,   -1
  280,19971219,   21
  280,19971220,    0
  280,19971221,    4
  280,19971222,   -1
  280,19971223,   -1
  280,19971224,   87
  280,19971225,   40
  280,19971226,   60
  280,19971227,   10
  280,19971228,   41
  280,19971229,   14
  280,19971230,    1
  280,19971231,   18
  280,19980101,   -1
  280,19980102,   48
  280,19980103,  164
  280,19980104,   34
  280,19980105,   98
  280,19980106,    9
  280,19980107,   24
  280,19980108,  117
  280,19980109,   -1
  280,19980110,    0
  280,19980111,    0
  280,19980112,    0
  280,19980113,    0
  280,19980114,    4
  280,19980115,   25
  280,19980116,   30
  280,19980117,   17
  280,19980118,   23
  280,19980119,  171
  280,19980120,   46
  280,19980121,    0
  280,19980122,    0
  280,19980123,    3
  280,19980124,   -1
  280,19980125,    0
  280,19980126,    0
  280,19980127,   -1
  280,19980128,    9
  280,19980129,    0
  280,19980130,   43
  280,19980131,    0
  280,19980201,    0
  280,19980202,   31
  280,19980203,    3
  280,19980204,    2
  280,19980205,    0
  280,19980206,    0
  280,19980207,   33
  280,19980208,    0
  280,19980209,    0
  280,19980210,    0
  280,19980211,   -1
  280,19980212,   -1
  280,19980213,    0
  280,19980214,    0
  280,19980215,    0
  280,19980216,   25
  280,19980217,    0
  280,19980218,    0
  280,19980219,   -1
  280,19980220,    0
  280,19980221,   33
  280,19980222,    0
  280,19980223,    8
  280,19980224,   -1
  280,19980225,    0
  280,19980226,    0
  280,19980227,   10
  280,19980228,   74
  280,19980301,   34
  280,19980302,   11
  280,19980303,  157
  280,19980304,   90
  280,19980305,  122
  280,19980306,   95
  280,19980307,  207
  280,19980308,   11
  280,19980309,   10
  280,19980310,    0
  280,19980311,   16
  280,19980312,   10
  280,19980313,    4
  280,19980314,   21
  280,19980315,   43
  280,19980316,   -1
  280,19980317,   -1
  280,19980318,    0
  280,19980319,   -1
  280,19980320,   -1
  280,19980321,    0
  280,19980322,   10
  280,19980323,   -1
  280,19980324,    0
  280,19980325,    0
  280,19980326,   31
  280,19980327,   10
  280,19980328,   -1
  280,19980329,    0
  280,19980330,    0
  280,19980331,    0
  280,19980401,    4
  280,19980402,   51
  280,19980403,  109
  280,19980404,   96
  280,19980405,   52
  280,19980406,   38
  280,19980407,   87
  280,19980408,   97
  280,19980409,   16
  280,19980410,   62
  280,19980411,   16
  280,19980412,    0
  280,19980413,   30
  280,19980414,    6
  280,19980415,   31
  280,19980416,   45
  280,19980417,    0
  280,19980418,    0
  280,19980419,    1
  280,19980420,   42
  280,19980421,   -1
  280,19980422,    0
  280,19980423,   44
  280,19980424,   38
  280,19980425,  122
  280,19980426,    6
  280,19980427,   22
  280,19980428,    6
  280,19980429,    2
  280,19980430,    0
  280,19980501,   -1
  280,19980502,    0
  280,19980503,    0
  280,19980504,    0
  280,19980505,   -1
  280,19980506,  122
  280,19980507,   -1
  280,19980508,    0
  280,19980509,    0
  280,19980510,    0
  280,19980511,    0
  280,19980512,    0
  280,19980513,    0
  280,19980514,    0
  280,19980515,    0
  280,19980516,    0
  280,19980517,    0
  280,19980518,    0
  280,19980519,    0
  280,19980520,    4
  280,19980521,    8
  280,19980522,    3
  280,19980523,   28
  280,19980524,    7
  280,19980525,   26
  280,19980526,   32
  280,19980527,   -1
  280,19980528,    0
  280,19980529,   12
  280,19980530,    2
  280,19980531,   -1
  280,19980601,    8
  280,19980602,   12
  280,19980603,   54
  280,19980604,   80
  280,19980605,   43
  280,19980606,  170
  280,19980607,  168
  280,19980608,    4
  280,19980609,   93
  280,19980610,  122
  280,19980611,   66
  280,19980612,   28
  280,19980613,    0
  280,19980614,    4
  280,19980615,   28
  280,19980616,   50
  280,19980617,    6
  280,19980618,   20
  280,19980619,   -1
  280,19980620,    0
  280,19980621,    8
  280,19980622,   15
  280,19980623,   47
  280,19980624,    1
  280,19980625,  137
  280,19980626,   11
  280,19980627,   40
  280,19980628,   41
  280,19980629,   82
  280,19980630,   25
  280,19980701,   10
  280,19980702,   -1
  280,19980703,   -1
  280,19980704,   -1
  280,19980705,   34
  280,19980706,    1
  280,19980707,   53
  280,19980708,   25
  280,19980709,   50
  280,19980710,   53
  280,19980711,  136
  280,19980712,   34
  280,19980713,    4
  280,19980714,   79
  280,19980715,   44
  280,19980716,   16
  280,19980717,   99
  280,19980718,   36
  280,19980719,    0
  280,19980720,   -1
  280,19980721,   21
  280,19980722,    0
  280,19980723,   -1
  280,19980724,    1
  280,19980725,   -1
  280,19980726,    0
  280,19980727,    6
  280,19980728,   66
  280,19980729,  129
  280,19980730,   91
  280,19980731,   66
  280,19980801,   -1
  280,19980802,    0
  280,19980803,    4
  280,19980804,   62
  280,19980805,   -1
  280,19980806,    0
  280,19980807,   -1
  280,19980808,    0
  280,19980809,    0
  280,19980810,    0
  280,19980811,    0
  280,19980812,    0
  280,19980813,    6
  280,19980814,   -1
  280,19980815,   -1
  280,19980816,    0
  280,19980817,   -1
  280,19980818,   -1
  280,19980819,    0
  280,19980820,    0
  280,19980821,  280
  280,19980822,   93
  280,19980823,  211
  280,19980824,  141
  280,19980825,   -1
  280,19980826,   57
  280,19980827,   56
  280,19980828,   14
  280,19980829,   -1
  280,19980830,   -1
  280,19980831,    0
  280,19980901,   -1
  280,19980902,    5
  280,19980903,  116
  280,19980904,   20
  280,19980905,   20
  280,19980906,    0
  280,19980907,    0
  280,19980908,   91
  280,19980909,   53
  280,19980910,   30
  280,19980911,   17
  280,19980912,   75
  280,19980913,   -1
  280,19980914,  127
  280,19980915,  114
  280,19980916,   97
  280,19980917,   47
  280,19980918,    6
  280,19980919,   -1
  280,19980920,    0
  280,19980921,    0
  280,19980922,    0
  280,19980923,    0
  280,19980924,    0
  280,19980925,   -1
  280,19980926,   -1
  280,19980927,   76
  280,19980928,    0
  280,19980929,    0
  280,19980930,   32
  280,19981001,   80
  280,19981002,    0
  280,19981003,   14
  280,19981004,   10
  280,19981005,   -1
  280,19981006,    6
  280,19981007,   44
  280,19981008,  195
  280,19981009,   -1
  280,19981010,   70
  280,19981011,   49
  280,19981012,   79
  280,19981013,   33
  280,19981014,   93
  280,19981015,    2
  280,19981016,   -1
  280,19981017,   63
  280,19981018,    8
  280,19981019,   11
  280,19981020,   65
  280,19981021,   50
  280,19981022,    2
  280,19981023,  137
  280,19981024,  157
  280,19981025,   99
  280,19981026,   75
  280,19981027,  166
  280,19981028,  119
  280,19981029,   28
  280,19981030,  128
  280,19981031,   28
  280,19981101,   26
  280,19981102,   33
  280,19981103,   78
  280,19981104,   29
  280,19981105,   70
  280,19981106,   31
  280,19981107,    0
  280,19981108,   39
  280,19981109,  129
  280,19981110,   53
  280,19981111,   24
  280,19981112,    0
  280,19981113,   26
  280,19981114,    1
  280,19981115,   15
  280,19981116,    7
  280,19981117,   29
  280,19981118,   52
  280,19981119,    0
  280,19981120,    0
  280,19981121,    0
  280,19981122,    0
  280,19981123,    0
  280,19981124,    0
  280,19981125,   -1
  280,19981126,   38
  280,19981127,    7
  280,19981128,    1
  280,19981129,   -1
  280,19981130,   -1
  280,19981201,    0
  280,19981202,    0
  280,19981203,   -1
  280,19981204,   33
  280,19981205,   41
  280,19981206,   13
  280,19981207,    0
  280,19981208,   -1
  280,19981209,   28
  280,19981210,   -1
  280,19981211,    0
  280,19981212,   73
  280,19981213,   53
  280,19981214,    9
  280,19981215,  187
  280,19981216,    4
  280,19981217,    0
  280,19981218,   12
  280,19981219,  137
  280,19981220,   10
  280,19981221,   12
  280,19981222,    8
  280,19981223,    8
  280,19981224,   20
  280,19981225,   97
  280,19981226,   91
  280,19981227,   42
  280,19981228,   39
  280,19981229,    0
  280,19981230,    0
  280,19981231,    0
  280,19990101,   -1
  280,19990102,   34
  280,19990103,   29
  280,19990104,   31
  280,19990105,   32
  280,19990106,    0
  280,19990107,   31
  280,19990108,   69
  280,19990109,    0
  280,19990110,    0
  280,19990111,   -1
  280,19990112,   28
  280,19990113,   31
  280,19990114,   52
  280,19990115,   66
  280,19990116,   75
  280,19990117,    0
  280,19990118,    0
  280,19990119,   13
  280,19990120,   49
  280,19990121,    7
  280,19990122,    0
  280,19990123,    0
  280,19990124,   30
  280,19990125,   68
  280,19990126,   48
  280,19990127,   60
  280,19990128,   17
  280,19990129,    0
  280,19990130,    0
  280,19990131,    1
  280,19990201,   -1
  280,19990202,   -1
  280,19990203,   -1
  280,19990204,    4
  280,19990205,   52
  280,19990206,   22
  280,19990207,   92
  280,19990208,   30
  280,19990209,    2
  280,19990210,   38
  280,19990211,    7
  280,19990212,    0
  280,19990213,    0
  280,19990214,   11
  280,19990215,   12
  280,19990216,  116
  280,19990217,   19
  280,19990218,    2
  280,19990219,   56
  280,19990220,    0
  280,19990221,   19
  280,19990222,   92
  280,19990223,   15
  280,19990224,   10
  280,19990225,    4
  280,19990226,   31
  280,19990227,   16
  280,19990228,   27
  280,19990301,  234
  280,19990302,   92
  280,19990303,   24
  280,19990304,   23
  280,19990305,   19
  280,19990306,   76
  280,19990307,    3
  280,19990308,   15
  280,19990309,   13
  280,19990310,   -1
  280,19990311,    0
  280,19990312,    0
  280,19990313,    0
  280,19990314,    0
  280,19990315,    0
  280,19990316,   -1
  280,19990317,    5
  280,19990318,   50
  280,19990319,    0
  280,19990320,   15
  280,19990321,   28
  280,19990322,   21
  280,19990323,   26
  280,19990324,    2
  280,19990325,    3
  280,19990326,   24
  280,19990327,   -1
  280,19990328,    0
  280,19990329,    0
  280,19990330,   22
  280,19990331,   -1
  280,19990401,    0
  280,19990402,    0
  280,19990403,    6
  280,19990404,  116
  280,19990405,   -1
  280,19990406,   20
  280,19990407,   26
  280,19990408,   -1
  280,19990409,   -1
  280,19990410,   27
  280,19990411,    5
  280,19990412,   80
  280,19990413,   84
  280,19990414,   74
  280,19990415,    7
  280,19990416,    6
  280,19990417,    1
  280,19990418,    0
  280,19990419,    0
  280,19990420,   -1
  280,19990421,   92
  280,19990422,   16
  280,19990423,    0
  280,19990424,    4
  280,19990425,    0
  280,19990426,    0
  280,19990427,    0
  280,19990428,    0
  280,19990429,   -1
  280,19990430,    0
  280,19990501,    0
  280,19990502,    0
  280,19990503,    0
  280,19990504,    0
  280,19990505,    0
  280,19990506,   70
  280,19990507,   25
  280,19990508,   46
  280,19990509,   -1
  280,19990510,    7
  280,19990511,   -1
  280,19990512,   -1
  280,19990513,   19
  280,19990514,   48
  280,19990515,   -1
  280,19990516,    0
  280,19990517,    0
  280,19990518,    0
  280,19990519,    0
  280,19990520,    7
  280,19990521,   -1
  280,19990522,   -1
  280,19990523,    0
  280,19990524,   -1
  280,19990525,   -1
  280,19990526,    0
  280,19990527,    0
  280,19990528,    3
  280,19990529,    1
  280,19990530,    0
  280,19990531,    0
  280,19990601,    0
  280,19990602,   47
  280,19990603,   61
  280,19990604,   32
  280,19990605,   46
  280,19990606,   33
  280,19990607,   82
  280,19990608,   20
  280,19990609,   20
  280,19990610,    1
  280,19990611,   24
  280,19990612,    0
  280,19990613,    0
  280,19990614,    0
  280,19990615,    0
  280,19990616,    0
  280,19990617,   -1
  280,19990618,    0
  280,19990619,    0
  280,19990620,  100
  280,19990621,    9
  280,19990622,   38
  280,19990623,   -1
  280,19990624,   -1
  280,19990625,    0
  280,19990626,    0
  280,19990627,   83
  280,19990628,   42
  280,19990629,  106
  280,19990630,   -1
  280,19990701,    6
  280,19990702,    4
  280,19990703,   19
  280,19990704,   34
  280,19990705,  283
  280,19990706,    0
  280,19990707,  131
  280,19990708,    0
  280,19990709,    0
  280,19990710,    0
  280,19990711,    0
  280,19990712,    0
  280,19990713,   -1
  280,19990714,   10
  280,19990715,    8
  280,19990716,    0
  280,19990717,   -1
  280,19990718,    0
  280,19990719,    9
  280,19990720,   29
  280,19990721,    2
  280,19990722,  112
  280,19990723,    5
  280,19990724,    0
  280,19990725,    0
  280,19990726,    0
  280,19990727,    0
  280,19990728,    0
  280,19990729,    0
  280,19990730,    0
  280,19990731,    0
  280,19990801,    0
  280,19990802,    0
  280,19990803,    0
  280,19990804,    0
  280,19990805,  316
  280,19990806,    0
  280,19990807,   61
  280,19990808,    6
  280,19990809,    6
  280,19990810,   50
  280,19990811,    0
  280,19990812,    3
  280,19990813,   -1
  280,19990814,   88
  280,19990815,   71
  280,19990816,   -1
  280,19990817,   22
  280,19990818,  123
  280,19990819,   52
  280,19990820,   39
  280,19990821,    4
  280,19990822,    0
  280,19990823,    0
  280,19990824,    0
  280,19990825,   -1
  280,19990826,   15
  280,19990827,    0
  280,19990828,    0
  280,19990829,    0
  280,19990830,   -1
  280,19990831,   -1
  280,19990901,   -1
  280,19990902,    0
  280,19990903,    0
  280,19990904,    0
  280,19990905,    0
  280,19990906,    0
  280,19990907,    0
  280,19990908,    0
  280,19990909,    0
  280,19990910,    0
  280,19990911,    0
  280,19990912,    0
  280,19990913,    0
  280,19990914,    0
  280,19990915,  237
  280,19990916,   65
  280,19990917,   77
  280,19990918,    0
  280,19990919,    0
  280,19990920,    2
  280,19990921,    4
  280,19990922,   45
  280,19990923,   36
  280,19990924,  116
  280,19990925,    7
  280,19990926,   15
  280,19990927,   57
  280,19990928,   -1
  280,19990929,   84
  280,19990930,  217
  280,19991001,   83
  280,19991002,   27
  280,19991003,   52
  280,19991004,   15
  280,19991005,   63
  280,19991006,    1
  280,19991007,   22
  280,19991008,   24
  280,19991009,   28
  280,19991010,    7
  280,19991011,   12
  280,19991012,   -1
  280,19991013,    0
  280,19991014,    0
  280,19991015,    0
  280,19991016,    0
  280,19991017,    0
  280,19991018,    0
  280,19991019,    0
  280,19991020,    0
  280,19991021,   24
  280,19991022,    2
  280,19991023,    7
  280,19991024,    6
  280,19991025,   10
  280,19991026,   15
  280,19991027,    0
  280,19991028,   -1
  280,19991029,    0
  280,19991030,    7
  280,19991031,    5
  280,19991101,   -1
  280,19991102,    0
  280,19991103,    0
  280,19991104,    0
  280,19991105,   -1
  280,19991106,  128
  280,19991107,   10
  280,19991108,    5
  280,19991109,   55
  280,19991110,    3
  280,19991111,    0
  280,19991112,    0
  280,19991113,   10
  280,19991114,    4
  280,19991115,    0
  280,19991116,    2
  280,19991117,   78
  280,19991118,  126
  280,19991119,   23
  280,19991120,    1
  280,19991121,   72
  280,19991122,   93
  280,19991123,    1
  280,19991124,    0
  280,19991125,   43
  280,19991126,    0
  280,19991127,   30
  280,19991128,    0
  280,19991129,   22
  280,19991130,   -1
  280,19991201,    3
  280,19991202,   48
  280,19991203,  180
  280,19991204,   36
  280,19991205,   10
  280,19991206,  181
  280,19991207,   98
  280,19991208,   43
  280,19991209,    2
  280,19991210,   21
  280,19991211,  185
  280,19991212,   56
  280,19991213,  110
  280,19991214,   71
  280,19991215,   41
  280,19991216,    5
  280,19991217,   64
  280,19991218,    4
  280,19991219,   69
  280,19991220,    5
  280,19991221,    0
  280,19991222,   16
  280,19991223,   37
  280,19991224,  119
  280,19991225,  105
  280,19991226,   45
  280,19991227,   -1
  280,19991228,   58
  280,19991229,   20
  280,19991230,   -1
  280,19991231,    0
  280,20000101,   13
  280,20000102,   -1
  280,20000103,  132
  280,20000104,   40
  280,20000105,    0
  280,20000106,   30
  280,20000107,    0
  280,20000108,   19
  280,20000109,    0
  280,20000110,    0
  280,20000111,    0
  280,20000112,    0
  280,20000113,    0
  280,20000114,   -1
  280,20000115,   -1
  280,20000116,    1
  280,20000117,    8
  280,20000118,    1
  280,20000119,    4
  280,20000120,   20
  280,20000121,    6
  280,20000122,   38
  280,20000123,    5
  280,20000124,    0
  280,20000125,    1
  280,20000126,    3
  280,20000127,    3
  280,20000128,   29
  280,20000129,  143
  280,20000130,   52
  280,20000131,   12
  280,20000201,   12
  280,20000202,   25
  280,20000203,    0
  280,20000204,   34
  280,20000205,   -1
  280,20000206,    2
  280,20000207,   58
  280,20000208,   64
  280,20000209,    2
  280,20000210,   82
  280,20000211,    0
  280,20000212,   42
  280,20000213,    7
  280,20000214,   12
  280,20000215,    1
  280,20000216,   73
  280,20000217,   22
  280,20000218,   40
  280,20000219,   18
  280,20000220,   -1
  280,20000221,    7
  280,20000222,    0
  280,20000223,   -1
  280,20000224,   45
  280,20000225,   29
  280,20000226,    0
  280,20000227,    0
  280,20000228,   54
  280,20000229,   40
  280,20000301,   12
  280,20000302,  148
  280,20000303,  200
  280,20000304,   28
  280,20000305,    4
  280,20000306,   -1
  280,20000307,   78
  280,20000308,   33
  280,20000309,  130
  280,20000310,   16
  280,20000311,   13
  280,20000312,    3
  280,20000313,    2
  280,20000314,   96
  280,20000315,   13
  280,20000316,    1
  280,20000317,    4
  280,20000318,   27
  280,20000319,    0
  280,20000320,    0
  280,20000321,    0
  280,20000322,    0
  280,20000323,    0
  280,20000324,   42
  280,20000325,   35
  280,20000326,   51
  280,20000327,    0
  280,20000328,   -1
  280,20000329,    0
  280,20000330,    0
  280,20000331,    1
  280,20000401,    5
  280,20000402,    2
  280,20000403,   14
  280,20000404,    4
  280,20000405,   -1
  280,20000406,    0
  280,20000407,    0
  280,20000408,    0
  280,20000409,    0
  280,20000410,    0
  280,20000411,    0
  280,20000412,   30
  280,20000413,   24
  280,20000414,   20
  280,20000415,   12
  280,20000416,   -1
  280,20000417,   35
  280,20000418,    0
  280,20000419,    0
  280,20000420,   -1
  280,20000421,   -1
  280,20000422,   57
  280,20000423,  198
  280,20000424,   -1
  280,20000425,    0
  280,20000426,   10
  280,20000427,    2
  280,20000428,    0
  280,20000429,    6
  280,20000430,    3
  280,20000501,   -1
  280,20000502,    1
  280,20000503,   42
  280,20000504,    0
  280,20000505,    0
  280,20000506,    0
  280,20000507,   29
  280,20000508,   21
  280,20000509,   -1
  280,20000510,    0
  280,20000511,    0
  280,20000512,    0
  280,20000513,    0
  280,20000514,    0
  280,20000515,    0
  280,20000516,   52
  280,20000517,   45
  280,20000518,   43
  280,20000519,   77
  280,20000520,    6
  280,20000521,   70
  280,20000522,    4
  280,20000523,   77
  280,20000524,   46
  280,20000525,   50
  280,20000526,   12
  280,20000527,    3
  280,20000528,  150
  280,20000529,   73
  280,20000530,    5
  280,20000531,    0
  280,20000601,    8
  280,20000602,    0
  280,20000603,   13
  280,20000604,    5
  280,20000605,   68
  280,20000606,    2
  280,20000607,    2
  280,20000608,    0
  280,20000609,   -1
  280,20000610,    0
  280,20000611,    0
  280,20000612,    0
  280,20000613,   -1
  280,20000614,   75
  280,20000615,   -1
  280,20000616,   -1
  280,20000617,    0
  280,20000618,    0
  280,20000619,    0
  280,20000620,    0
  280,20000621,   20
  280,20000622,    8
  280,20000623,   50
  280,20000624,  122
  280,20000625,    7
  280,20000626,   22
  280,20000627,   -1
  280,20000628,   -1
  280,20000629,   -1
  280,20000630,   -1
  280,20000701,    9
  280,20000702,    0
  280,20000703,   21
  280,20000704,    0
  280,20000705,  168
  280,20000706,    0
  280,20000707,   -1
  280,20000708,   86
  280,20000709,  112
  280,20000710,  111
  280,20000711,   18
  280,20000712,    8
  280,20000713,   48
  280,20000714,   34
  280,20000715,   91
  280,20000716,    3
  280,20000717,    2
  280,20000718,   10
  280,20000719,   14
  280,20000720,    0
  280,20000721,    0
  280,20000722,    2
  280,20000723,    0
  280,20000724,    5
  280,20000725,   27
  280,20000726,    7
  280,20000727,    0
  280,20000728,   11
  280,20000729,    0
  280,20000730,    0
  280,20000731,    0
  280,20000801,  110
  280,20000802,   -1
  280,20000803,   20
  280,20000804,    4
  280,20000805,   -1
  280,20000806,   -1
  280,20000807,    0
  280,20000808,   42
  280,20000809,    3
  280,20000810,   18
  280,20000811,    2
  280,20000812,    0
  280,20000813,    0
  280,20000814,   26
  280,20000815,    0
  280,20000816,   -1
  280,20000817,    0
  280,20000818,    1
  280,20000819,    0
  280,20000820,   94
  280,20000821,   25
  280,20000822,   32
  280,20000823,    0
  280,20000824,    0
  280,20000825,    2
  280,20000826,    0
  280,20000827,  123
  280,20000828,   -1
  280,20000829,   17
  280,20000830,   -1
  280,20000831,    0
  280,20000901,   46
  280,20000902,   13
  280,20000903,   51
  280,20000904,   24
  280,20000905,    0
  280,20000906,  115
  280,20000907,   27
  280,20000908,   83
  280,20000909,    6
  280,20000910,    0
  280,20000911,    0
  280,20000912,   -1
  280,20000913,   11
  280,20000914,   -1
  280,20000915,    3
  280,20000916,  107
  280,20000917,    3
  280,20000918,    0
  280,20000919,    0
  280,20000920,   21
  280,20000921,   50
  280,20000922,    0
  280,20000923,    0
  280,20000924,    0
  280,20000925,   64
  280,20000926,  191
  280,20000927,   -1
  280,20000928,   18
  280,20000929,    0
  280,20000930,    0
  280,20001001,   62
  280,20001002,    2
  280,20001003,   -1
  280,20001004,   -1
  280,20001005,    5
  280,20001006,   22
  280,20001007,    0
  280,20001008,   36
  280,20001009,    0
  280,20001010,   84
  280,20001011,   98
  280,20001012,    0
  280,20001013,    0
  280,20001014,    0
  280,20001015,   -1
  280,20001016,   14
  280,20001017,   25
  280,20001018,   -1
  280,20001019,   61
  280,20001020,    0
  280,20001021,    0
  280,20001022,    0
  280,20001023,  177
  280,20001024,   46
  280,20001025,   39
  280,20001026,   39
  280,20001027,   53
  280,20001028,   16
  280,20001029,   38
  280,20001030,   86
  280,20001031,   35
  280,20001101,    3
  280,20001102,   77
  280,20001103,    0
  280,20001104,    8
  280,20001105,   19
  280,20001106,   25
  280,20001107,    3
  280,20001108,   24
  280,20001109,   16
  280,20001110,  203
  280,20001111,   17
  280,20001112,  103
  280,20001113,    0
  280,20001114,    2
  280,20001115,    5
  280,20001116,   44
  280,20001117,   13
  280,20001118,    3
  280,20001119,   82
  280,20001120,   21
  280,20001121,    3
  280,20001122,   14
  280,20001123,   24
  280,20001124,   16
  280,20001125,    0
  280,20001126,   50
  280,20001127,   15
  280,20001128,   43
  280,20001129,    0
  280,20001130,    0
  280,20001201,   19
  280,20001202,    0
  280,20001203,   50
  280,20001204,   -1
  280,20001205,   -1
  280,20001206,   38
  280,20001207,   13
  280,20001208,   16
  280,20001209,   -1
  280,20001210,   55
  280,20001211,  104
  280,20001212,  114
  280,20001213,   75
  280,20001214,   -1
  280,20001215,   99
  280,20001216,   12
  280,20001217,    5
  280,20001218,    0
  280,20001219,    0
  280,20001220,    0
  280,20001221,    0
  280,20001222,    0
  280,20001223,    0
  280,20001224,   62
  280,20001225,   -1
  280,20001226,    0
  280,20001227,   35
  280,20001228,   84
  280,20001229,   35
  280,20001230,   33
  280,20001231,    0
  280,20010101,   33
  280,20010102,    3
  280,20010103,   78
  280,20010104,   53
  280,20010105,  154
  280,20010106,    9
  280,20010107,   -1
  280,20010108,   11
  280,20010109,    5
  280,20010110,    0
  280,20010111,    0
  280,20010112,    0
  280,20010113,    0
  280,20010114,    0
  280,20010115,    0
  280,20010116,    0
  280,20010117,    0
  280,20010118,   -1
  280,20010119,   -1
  280,20010120,   41
  280,20010121,    2
  280,20010122,   17
  280,20010123,   31
  280,20010124,   22
  280,20010125,   11
  280,20010126,   33
  280,20010127,   62
  280,20010128,   15
  280,20010129,   24
  280,20010130,    0
  280,20010131,    0
  280,20010201,   24
  280,20010202,   10
  280,20010203,   43
  280,20010204,   99
  280,20010205,  119
  280,20010206,   48
  280,20010207,   13
  280,20010208,  122
  280,20010209,    0
  280,20010210,   -1
  280,20010211,   20
  280,20010212,   37
  280,20010213,    0
  280,20010214,    0
  280,20010215,    0
  280,20010216,   20
  280,20010217,   -1
  280,20010218,    0
  280,20010219,    7
  280,20010220,    0
  280,20010221,   17
  280,20010222,   20
  280,20010223,    9
  280,20010224,    1
  280,20010225,   13
  280,20010226,   12
  280,20010227,    0
  280,20010228,    1
  280,20010301,    2
  280,20010302,   16
  280,20010303,   -1
  280,20010304,    0
  280,20010305,    0
  280,20010306,    0
  280,20010307,   11
  280,20010308,   22
  280,20010309,    3
  280,20010310,    9
  280,20010311,   49
  280,20010312,    3
  280,20010313,   41
  280,20010314,   26
  280,20010315,   31
  280,20010316,   -1
  280,20010317,   81
  280,20010318,   68
  280,20010319,   75
  280,20010320,    1
  280,20010321,    0
  280,20010322,   -1
  280,20010323,   45
  280,20010324,    1
  280,20010325,    0
  280,20010326,   -1
  280,20010327,    0
  280,20010328,   19
  280,20010329,   44
  280,20010330,    2
  280,20010331,   -1
  280,20010401,    0
  280,20010402,    0
  280,20010403,    1
  280,20010404,   61
  280,20010405,   45
  280,20010406,   45
  280,20010407,   24
  280,20010408,    7
  280,20010409,    0
  280,20010410,   15
  280,20010411,    6
  280,20010412,    9
  280,20010413,   -1
  280,20010414,   67
  280,20010415,   37
  280,20010416,   28
  280,20010417,   16
  280,20010418,   57
  280,20010419,   74
  280,20010420,    7
  280,20010421,    0
  280,20010422,    0
  280,20010423,    0
  280,20010424,    2
  280,20010425,   35
  280,20010426,  112
  280,20010427,    1
  280,20010428,   54
  280,20010429,    1
  280,20010430,    2
  280,20010501,   32
  280,20010502,    0
  280,20010503,   42
  280,20010504,    6
  280,20010505,    0
  280,20010506,    0
  280,20010507,    0
  280,20010508,    0
  280,20010509,    0
  280,20010510,    0
  280,20010511,    0
  280,20010512,    0
  280,20010513,    0
  280,20010514,   11
  280,20010515,    3
  280,20010516,  121
  280,20010517,  111
  280,20010518,    6
  280,20010519,    0
  280,20010520,    0
  280,20010521,    0
  280,20010522,    0
  280,20010523,    0
  280,20010524,    0
  280,20010525,    0
  280,20010526,    0
  280,20010527,    6
  280,20010528,   23
  280,20010529,    0
  280,20010530,   -1
  280,20010531,  122
  280,20010601,   15
  280,20010602,  120
  280,20010603,   49
  280,20010604,   -1
  280,20010605,    0
  280,20010606,    5
  280,20010607,   59
  280,20010608,    4
  280,20010609,    0
  280,20010610,    2
  280,20010611,   -1
  280,20010612,   13
  280,20010613,    0
  280,20010614,    0
  280,20010615,  140
  280,20010616,   31
  280,20010617,   27
  280,20010618,   46
  280,20010619,    0
  280,20010620,    0
  280,20010621,   -1
  280,20010622,   24
  280,20010623,    0
  280,20010624,    0
  280,20010625,    0
  280,20010626,    0
  280,20010627,   -1
  280,20010628,    1
  280,20010629,    0
  280,20010630,  265
  280,20010701,    0
  280,20010702,    0
  280,20010703,    0
  280,20010704,    0
  280,20010705,    0
  280,20010706,    0
  280,20010707,    0
  280,20010708,   26
  280,20010709,    0
  280,20010710,   50
  280,20010711,  120
  280,20010712,  124
  280,20010713,  265
  280,20010714,  101
  280,20010715,   18
  280,20010716,    0
  280,20010717,    0
  280,20010718,  169
  280,20010719,   51
  280,20010720,   74
  280,20010721,    3
  280,20010722,    0
  280,20010723,   45
  280,20010724,    0
  280,20010725,    0
  280,20010726,    0
  283,19960726,    0
  283,19960727,   -1
  283,19960728,    0
  283,19960729,   54
  283,19960730,   27
  283,19960731,   -1
  283,19960801,    0
  283,19960802,    0
  283,19960803,    0
  283,19960804,    0
  283,19960805,    0
  283,19960806,  179
  283,19960807,    9
  283,19960808,    0
  283,19960809,    0
  283,19960810,  149
  283,19960811,  110
  283,19960812,  151
  283,19960813,    4
  283,19960814,    0
  283,19960815,   39
  283,19960816,   -1
  283,19960817,    0
  283,19960818,    0
  283,19960819,    0
  283,19960820,    0
  283,19960821,   19
  283,19960822,    0
  283,19960823,    9
  283,19960824,    8
  283,19960825,   79
  283,19960826,   -1
  283,19960827,   87
  283,19960828,  145
  283,19960829,  400
  283,19960830,   57
  283,19960831,   55
  283,19960901,   -1
  283,19960902,    0
  283,19960903,    0
  283,19960904,    0
  283,19960905,    0
  283,19960906,   -1
  283,19960907,    0
  283,19960908,    0
  283,19960909,   -1
  283,19960910,    1
  283,19960911,   14
  283,19960912,  107
  283,19960913,   42
  283,19960914,    6
  283,19960915,   -1
  283,19960916,    0
  283,19960917,    0
  283,19960918,    0
  283,19960919,    0
  283,19960920,    0
  283,19960921,   -1
  283,19960922,   21
  283,19960923,   -1
  283,19960924,    0
  283,19960925,    0
  283,19960926,    0
  283,19960927,   72
  283,19960928,   10
  283,19960929,   69
  283,19960930,  168
  283,19961001,   96
  283,19961002,   -1
  283,19961003,    0
  283,19961004,   20
  283,19961005,   23
  283,19961006,    0
  283,19961007,    0
  283,19961008,    0
  283,19961009,   -1
  283,19961010,    3
  283,19961011,    0
  283,19961012,    0
  283,19961013,    0
  283,19961014,    0
  283,19961015,   -1
  283,19961016,    0
  283,19961017,    0
  283,19961018,   13
  283,19961019,   12
  283,19961020,  132
  283,19961021,   79
  283,19961022,    0
  283,19961023,    0
  283,19961024,    0
  283,19961025,    0
  283,19961026,    3
  283,19961027,  123
  283,19961028,   24
  283,19961029,   56
  283,19961030,    3
  283,19961031,   94
  283,19961101,    9
  283,19961102,   28
  283,19961103,   35
  283,19961104,   63
  283,19961105,   25
  283,19961106,   48
  283,19961107,  290
  283,19961108,   -1
  283,19961109,   11
  283,19961110,   67
  283,19961111,   70
  283,19961112,    3
  283,19961113,    8
  283,19961114,    0
  283,19961115,    0
  283,19961116,    0
  283,19961117,    0
  283,19961118,   51
  283,19961119,   27
  283,19961120,   29
  283,19961121,   28
  283,19961122,    0
  283,19961123,   17
  283,19961124,    1
  283,19961125,  122
  283,19961126,   -1
  283,19961127,    1
  283,19961128,    2
  283,19961129,  121
  283,19961130,   43
  283,19961201,   43
  283,19961202,   63
  283,19961203,  107
  283,19961204,   17
  283,19961205,   37
  283,19961206,   11
  283,19961207,    0
  283,19961208,    0
  283,19961209,    0
  283,19961210,    0
  283,19961211,    0
  283,19961212,   -1
  283,19961213,   -1
  283,19961214,    0
  283,19961215,    5
  283,19961216,    0
  283,19961217,    0
  283,19961218,   -1
  283,19961219,  253
  283,19961220,    4
  283,19961221,    0
  283,19961222,    0
  283,19961223,    0
  283,19961224,    0
  283,19961225,    0
  283,19961226,    0
  283,19961227,    0
  283,19961228,    0
  283,19961229,   12
  283,19961230,   12
  283,19961231,    0
  283,19970101,    0
  283,19970102,    0
  283,19970103,    0
  283,19970104,    0
  283,19970105,    0
  283,19970106,    0
  283,19970107,    0
  283,19970108,    0
  283,19970109,    0
  283,19970110,    0
  283,19970111,    0
  283,19970112,   -1
  283,19970113,    0
  283,19970114,    0
  283,19970115,    0
  283,19970116,    0
  283,19970117,    0
  283,19970118,   -1
  283,19970119,    6
  283,19970120,   -1
  283,19970121,    0
  283,19970122,   -1
  283,19970123,    0
  283,19970124,    3
  283,19970125,    0
  283,19970126,    0
  283,19970127,    0
  283,19970128,   -1
  283,19970129,   -1
  283,19970130,   -1
  283,19970131,    4
  283,19970201,    0
  283,19970202,   -1
  283,19970203,   -1
  283,19970204,   35
  283,19970205,  102
  283,19970206,    0
  283,19970207,    4
  283,19970208,    0
  283,19970209,   -1
  283,19970210,   38
  283,19970211,    7
  283,19970212,  138
  283,19970213,  110
  283,19970214,    0
  283,19970215,   -1
  283,19970216,    0
  283,19970217,    8
  283,19970218,  117
  283,19970219,   38
  283,19970220,   10
  283,19970221,   26
  283,19970222,    0
  283,19970223,    0
  283,19970224,  129
  283,19970225,   77
  283,19970226,  144
  283,19970227,   -1
  283,19970228,   -1
  283,19970301,    3
  283,19970302,   24
  283,19970303,    0
  283,19970304,    0
  283,19970305,    0
  283,19970306,    6
  283,19970307,    0
  283,19970308,    0
  283,19970309,    0
  283,19970310,    0
  283,19970311,    0
  283,19970312,    0
  283,19970313,    0
  283,19970314,   -1
  283,19970315,   44
  283,19970316,   42
  283,19970317,    2
  283,19970318,   31
  283,19970319,   49
  283,19970320,    1
  283,19970321,   17
  283,19970322,    0
  283,19970323,   36
  283,19970324,   -1
  283,19970325,   17
  283,19970326,    9
  283,19970327,    1
  283,19970328,   26
  283,19970329,   16
  283,19970330,    2
  283,19970331,    0
  283,19970401,    0
  283,19970402,    0
  283,19970403,    1
  283,19970404,    4
  283,19970405,  115
  283,19970406,   -1
  283,19970407,    0
  283,19970408,    0
  283,19970409,    0
  283,19970410,    0
  283,19970411,    8
  283,19970412,   -1
  283,19970413,    6
  283,19970414,   10
  283,19970415,   -1
  283,19970416,    0
  283,19970417,    0
  283,19970418,   -1
  283,19970419,   -1
  283,19970420,    0
  283,19970421,   -1
  283,19970422,   -1
  283,19970423,    0
  283,19970424,    0
  283,19970425,   12
  283,19970426,   11
  283,19970427,    5
  283,19970428,   99
  283,19970429,   78
  283,19970430,    0
  283,19970501,    0
  283,19970502,    0
  283,19970503,    0
  283,19970504,   35
  283,19970505,   61
  283,19970506,  133
  283,19970507,    6
  283,19970508,    8
  283,19970509,   59
  283,19970510,   11
  283,19970511,   16
  283,19970512,    0
  283,19970513,    7
  283,19970514,   44
  283,19970515,   -1
  283,19970516,    0
  283,19970517,    2
  283,19970518,   27
  283,19970519,   32
  283,19970520,   92
  283,19970521,   19
  283,19970522,   10
  283,19970523,    0
  283,19970524,    0
  283,19970525,    0
  283,19970526,   -1
  283,19970527,   -1
  283,19970528,    0
  283,19970529,    0
  283,19970530,    0
  283,19970531,    0
  283,19970601,   -1
  283,19970602,    0
  283,19970603,    0
  283,19970604,    0
  283,19970605,    0
  283,19970606,    0
  283,19970607,   42
  283,19970608,  391
  283,19970609,    0
  283,19970610,    0
  283,19970611,  138
  283,19970612,    0
  283,19970613,   33
  283,19970614,   54
  283,19970615,    0
  283,19970616,    0
  283,19970617,    0
  283,19970618,    0
  283,19970619,    0
  283,19970620,   27
  283,19970621,  185
  283,19970622,   13
  283,19970623,   81
  283,19970624,    5
  283,19970625,    3
  283,19970626,   66
  283,19970627,  115
  283,19970628,   23
  283,19970629,  182
  283,19970630,  294
  283,19970701,   49
  283,19970702,   21
  283,19970703,   -1
  283,19970704,   -1
  283,19970705,  209
  283,19970706,    0
  283,19970707,    0
  283,19970708,    0
  283,19970709,    0
  283,19970710,    0
  283,19970711,    0
  283,19970712,    0
  283,19970713,   32
  283,19970714,   20
  283,19970715,   68
  283,19970716,    9
  283,19970717,   55
  283,19970718,  119
  283,19970719,    0
  283,19970720,   37
  283,19970721,   93
  283,19970722,    0
  283,19970723,    0
  283,19970724,   -1
  283,19970725,   33
  283,19970726,    4
  283,19970727,    8
  283,19970728,   68
  283,19970729,    0
  283,19970730,   -1
  283,19970731,   11
  283,19970801,    9
  283,19970802,   29
  283,19970803,    4
  283,19970804,    0
  283,19970805,    0
  283,19970806,    0
  283,19970807,    0
  283,19970808,    0
  283,19970809,    0
  283,19970810,    0
  283,19970811,    0
  283,19970812,    0
  283,19970813,    0
  283,19970814,    0
  283,19970815,    0
  283,19970816,    0
  283,19970817,   -1
  283,19970818,    0
  283,19970819,   -1
  283,19970820,   -1
  283,19970821,    0
  283,19970822,   55
  283,19970823,   16
  283,19970824,   -1
  283,19970825,   92
  283,19970826,    4
  283,19970827,   62
  283,19970828,  102
  283,19970829,    1
  283,19970830,   -1
  283,19970831,    0
  283,19970901,   72
  283,19970902,  124
  283,19970903,    0
  283,19970904,   -1
  283,19970905,    1
  283,19970906,    5
  283,19970907,   55
  283,19970908,    0
  283,19970909,   -1
  283,19970910,    0
  283,19970911,    0
  283,19970912,   13
  283,19970913,    5
  283,19970914,   -1
  283,19970915,    0
  283,19970916,    0
  283,19970917,    0
  283,19970918,   -1
  283,19970919,   -1
  283,19970920,    0
  283,19970921,    0
  283,19970922,    0
  283,19970923,    0
  283,19970924,    0
  283,19970925,    0
  283,19970926,    0
  283,19970927,    0
  283,19970928,    0
  283,19970929,   -1
  283,19970930,   93
  283,19971001,   76
  283,19971002,    9
  283,19971003,   -1
  283,19971004,    0
  283,19971005,    0
  283,19971006,    0
  283,19971007,   83
  283,19971008,   54
  283,19971009,   63
  283,19971010,  219
  283,19971011,   77
  283,19971012,   -1
  283,19971013,   92
  283,19971014,   12
  283,19971015,    6
  283,19971016,    6
  283,19971017,    1
  283,19971018,    0
  283,19971019,    0
  283,19971020,    0
  283,19971021,    0
  283,19971022,    0
  283,19971023,   -1
  283,19971024,   -1
  283,19971025,   13
  283,19971026,    2
  283,19971027,    0
  283,19971028,    0
  283,19971029,    0
  283,19971030,    0
  283,19971031,    0
  283,19971101,    0
  283,19971102,    0
  283,19971103,    0
  283,19971104,   -1
  283,19971105,    1
  283,19971106,   48
  283,19971107,    2
  283,19971108,    6
  283,19971109,   23
  283,19971110,    5
  283,19971111,   37
  283,19971112,    0
  283,19971113,    0
  283,19971114,    0
  283,19971115,   22
  283,19971116,    0
  283,19971117,    0
  283,19971118,    0
  283,19971119,    0
  283,19971120,    4
  283,19971121,    2
  283,19971122,    0
  283,19971123,    0
  283,19971124,   -1
  283,19971125,    0
  283,19971126,    0
  283,19971127,   -1
  283,19971128,   43
  283,19971129,   13
  283,19971130,    3
  283,19971201,   -1
  283,19971202,    0
  283,19971203,   -1
  283,19971204,   -1
  283,19971205,    0
  283,19971206,   77
  283,19971207,    2
  283,19971208,   -1
  283,19971209,   54
  283,19971210,  138
  283,19971211,   22
  283,19971212,   63
  283,19971213,    3
  283,19971214,    5
  283,19971215,    0
  283,19971216,    0
  283,19971217,    0
  283,19971218,   -1
  283,19971219,    5
  283,19971220,   -1
  283,19971221,  137
  283,19971222,    1
  283,19971223,    3
  283,19971224,   57
  283,19971225,   16
  283,19971226,   17
  283,19971227,   16
  283,19971228,   31
  283,19971229,    9
  283,19971230,    0
  283,19971231,   29
  283,19980101,    0
  283,19980102,   80
  283,19980103,  100
  283,19980104,   13
  283,19980105,  102
  283,19980106,   11
  283,19980107,   64
  283,19980108,   13
  283,19980109,    0
  283,19980110,    0
  283,19980111,    0
  283,19980112,    0
  283,19980113,   -1
  283,19980114,    5
  283,19980115,   13
  283,19980116,    8
  283,19980117,    2
  283,19980118,   28
  283,19980119,   52
  283,19980120,   19
  283,19980121,    0
  283,19980122,    0
  283,19980123,   -1
  283,19980124,    6
  283,19980125,   -1
  283,19980126,    0
  283,19980127,    0
  283,19980128,    3
  283,19980129,   -1
  283,19980130,   23
  283,19980131,    0
  283,19980201,    0
  283,19980202,   21
  283,19980203,   -1
  283,19980204,    0
  283,19980205,    0
  283,19980206,    0
  283,19980207,   34
  283,19980208,    0
  283,19980209,    0
  283,19980210,    0
  283,19980211,    0
  283,19980212,    0
  283,19980213,    0
  283,19980214,    0
  283,19980215,   -1
  283,19980216,   31
  283,19980217,   -1
  283,19980218,    0
  283,19980219,    0
  283,19980220,    0
  283,19980221,   10
  283,19980222,   -1
  283,19980223,    1
  283,19980224,    1
  283,19980225,   -1
  283,19980226,    7
  283,19980227,   -1
  283,19980228,   57
  283,19980301,   17
  283,19980302,   22
  283,19980303,  131
  283,19980304,  104
  283,19980305,   77
  283,19980306,  257
  283,19980307,  125
  283,19980308,   55
  283,19980309,    5
  283,19980310,    0
  283,19980311,    6
  283,19980312,   13
  283,19980313,   15
  283,19980314,    9
  283,19980315,   21
  283,19980316,    1
  283,19980317,   -1
  283,19980318,    0
  283,19980319,    0
  283,19980320,    1
  283,19980321,    0
  283,19980322,   16
  283,19980323,   -1
  283,19980324,    0
  283,19980325,    0
  283,19980326,   13
  283,19980327,    4
  283,19980328,    3
  283,19980329,    0
  283,19980330,    0
  283,19980331,    0
  283,19980401,   27
  283,19980402,   79
  283,19980403,   54
  283,19980404,   10
  283,19980405,   33
  283,19980406,   11
  283,19980407,  201
  283,19980408,   57
  283,19980409,   -1
  283,19980410,   40
  283,19980411,   22
  283,19980412,   -1
  283,19980413,   23
  283,19980414,   14
  283,19980415,   47
  283,19980416,   41
  283,19980417,    6
  283,19980418,   32
  283,19980419,    0
  283,19980420,   93
  283,19980421,   18
  283,19980422,    0
  283,19980423,   58
  283,19980424,   23
  283,19980425,   45
  283,19980426,   51
  283,19980427,   45
  283,19980428,    0
  283,19980429,    0
  283,19980430,    0
  283,19980501,    0
  283,19980502,    0
  283,19980503,    0
  283,19980504,    0
  283,19980505,   17
  283,19980506,   45
  283,19980507,    1
  283,19980508,    0
  283,19980509,    0
  283,19980510,    0
  283,19980511,    0
  283,19980512,    0
  283,19980513,    0
  283,19980514,    0
  283,19980515,    0
  283,19980516,    0
  283,19980517,    0
  283,19980518,    0
  283,19980519,    0
  283,19980520,   -1
  283,19980521,   -1
  283,19980522,    0
  283,19980523,    1
  283,19980524,   31
  283,19980525,  218
  283,19980526,   35
  283,19980527,   15
  283,19980528,   -1
  283,19980529,  131
  283,19980530,    1
  283,19980531,    0
  283,19980601,   11
  283,19980602,  212
  283,19980603,   26
  283,19980604,    0
  283,19980605,   35
  283,19980606,  147
  283,19980607,  172
  283,19980608,    0
  283,19980609,   98
  283,19980610,  103
  283,19980611,  187
  283,19980612,   57
  283,19980613,    0
  283,19980614,   97
  283,19980615,   57
  283,19980616,   56
  283,19980617,    2
  283,19980618,  126
  283,19980619,    3
  283,19980620,   -1
  283,19980621,   81
  283,19980622,   -1
  283,19980623,   24
  283,19980624,    2
  283,19980625,   60
  283,19980626,    4
  283,19980627,   46
  283,19980628,    7
  283,19980629,   21
  283,19980630,   26
  283,19980701,    1
  283,19980702,    0
  283,19980703,    0
  283,19980704,   -1
  283,19980705,   21
  283,19980706,    1
  283,19980707,   72
  283,19980708,   22
  283,19980709,   27
  283,19980710,   -1
  283,19980711,    7
  283,19980712,  122
  283,19980713,    5
  283,19980714,    1
  283,19980715,   24
  283,19980716,   24
  283,19980717,    4
  283,19980718,   15
  283,19980719,    0
  283,19980720,    0
  283,19980721,    5
  283,19980722,    0
  283,19980723,   56
  283,19980724,   -1
  283,19980725,    0
  283,19980726,    0
  283,19980727,    7
  283,19980728,  100
  283,19980729,   29
  283,19980730,  160
  283,19980731,   16
  283,19980801,    0
  283,19980802,    0
  283,19980803,   -1
  283,19980804,    4
  283,19980805,    0
  283,19980806,    0
  283,19980807,    0
  283,19980808,    0
  283,19980809,    0
  283,19980810,    0
  283,19980811,    0
  283,19980812,    0
  283,19980813,    0
  283,19980814,    0
  283,19980815,    0
  283,19980816,    0
  283,19980817,    0
  283,19980818,   17
  283,19980819,    0
  283,19980820,   -1
  283,19980821,   84
  283,19980822,    7
  283,19980823,   76
  283,19980824,  110
  283,19980825,   -1
  283,19980826,  187
  283,19980827,   28
  283,19980828,   -1
  283,19980829,   -1
  283,19980830,    0
  283,19980831,    0
  283,19980901,   20
  283,19980902,   56
  283,19980903,  186
  283,19980904,   -1
  283,19980905,   25
  283,19980906,   -1
  283,19980907,   60
  283,19980908,   28
  283,19980909,  129
  283,19980910,    1
  283,19980911,    0
  283,19980912,  129
  283,19980913,   55
  283,19980914,  364
  283,19980915,   84
  283,19980916,   86
  283,19980917,  312
  283,19980918,    3
  283,19980919,   96
  283,19980920,    0
  283,19980921,    0
  283,19980922,    0
  283,19980923,    0
  283,19980924,    0
  283,19980925,    0
  283,19980926,   47
  283,19980927,   40
  283,19980928,   -1
  283,19980929,   -1
  283,19980930,    8
  283,19981001,   62
  283,19981002,   -1
  283,19981003,    2
  283,19981004,    6
  283,19981005,   28
  283,19981006,   28
  283,19981007,   27
  283,19981008,  100
  283,19981009,   -1
  283,19981010,   75
  283,19981011,   58
  283,19981012,  128
  283,19981013,   26
  283,19981014,   51
  283,19981015,   -1
  283,19981016,   -1
  283,19981017,   22
  283,19981018,   24
  283,19981019,   19
  283,19981020,   24
  283,19981021,   52
  283,19981022,   -1
  283,19981023,   77
  283,19981024,  145
  283,19981025,   83
  283,19981026,   98
  283,19981027,  108
  283,19981028,  149
  283,19981029,   37
  283,19981030,   75
  283,19981031,   76
  283,19981101,  162
  283,19981102,   29
  283,19981103,   28
  283,19981104,    4
  283,19981105,   77
  283,19981106,    6
  283,19981107,    0
  283,19981108,   78
  283,19981109,  102
  283,19981110,   58
  283,19981111,   -1
  283,19981112,    0
  283,19981113,   25
  283,19981114,   16
  283,19981115,    3
  283,19981116,    0
  283,19981117,   -1
  283,19981118,    2
  283,19981119,    0
  283,19981120,    0
  283,19981121,    0
  283,19981122,    0
  283,19981123,    0
  283,19981124,    0
  283,19981125,    5
  283,19981126,   36
  283,19981127,    6
  283,19981128,    8
  283,19981129,   64
  283,19981130,    0
  283,19981201,    0
  283,19981202,    0
  283,19981203,    0
  283,19981204,   23
  283,19981205,   19
  283,19981206,    1
  283,19981207,    0
  283,19981208,    0
  283,19981209,   42
  283,19981210,    1
  283,19981211,    9
  283,19981212,   59
  283,19981213,   54
  283,19981214,   16
  283,19981215,   99
  283,19981216,    7
  283,19981217,    0
  283,19981218,   15
  283,19981219,   52
  283,19981220,    6
  283,19981221,   -1
  283,19981222,   14
  283,19981223,    1
  283,19981224,   14
  283,19981225,   19
  283,19981226,   64
  283,19981227,   29
  283,19981228,   52
  283,19981229,    0
  283,19981230,    0
  283,19981231,    0
  283,19990101,   -1
  283,19990102,   23
  283,19990103,  107
  283,19990104,  108
  283,19990105,    5
  283,19990106,    0
  283,19990107,   27
  283,19990108,   66
  283,19990109,   16
  283,19990110,    0
  283,19990111,    0
  283,19990112,   69
  283,19990113,   40
  283,19990114,   19
  283,19990115,   23
  283,19990116,  100
  283,19990117,   18
  283,19990118,    0
  283,19990119,    0
  283,19990120,    0
  283,19990121,    3
  283,19990122,    0
  283,19990123,   -1
  283,19990124,    8
  283,19990125,   10
  283,19990126,   35
  283,19990127,   38
  283,19990128,   71
  283,19990129,    0
  283,19990130,    0
  283,19990131,    1
  283,19990201,    4
  283,19990202,   -1
  283,19990203,    1
  283,19990204,    1
  283,19990205,   47
  283,19990206,   19
  283,19990207,   53
  283,19990208,   17
  283,19990209,    0
  283,19990210,    3
  283,19990211,   -1
  283,19990212,    0
  283,19990213,    0
  283,19990214,    6
  283,19990215,   14
  283,19990216,   39
  283,19990217,   32
  283,19990218,   -1
  283,19990219,   57
  283,19990220,    0
  283,19990221,  111
  283,19990222,   37
  283,19990223,   13
  283,19990224,   -1
  283,19990225,    3
  283,19990226,    3
  283,19990227,    4
  283,19990228,    1
  283,19990301,  178
  283,19990302,   94
  283,19990303,   33
  283,19990304,   12
  283,19990305,   -1
  283,19990306,   -1
  283,19990307,   -1
  283,19990308,   61
  283,19990309,   33
  283,19990310,   33
  283,19990311,    0
  283,19990312,    0
  283,19990313,    0
  283,19990314,    0
  283,19990315,    0
  283,19990316,    0
  283,19990317,    6
  283,19990318,   58
  283,19990319,    3
  283,19990320,    8
  283,19990321,   64
  283,19990322,   42
  283,19990323,   63
  283,19990324,    7
  283,19990325,    1
  283,19990326,   50
  283,19990327,   -1
  283,19990328,    0
  283,19990329,    0
  283,19990330,    0
  283,19990331,   -1
  283,19990401,    0
  283,19990402,    0
  283,19990403,  118
  283,19990404,   29
  283,19990405,    3
  283,19990406,    6
  283,19990407,   40
  283,19990408,    1
  283,19990409,    0
  283,19990410,   11
  283,19990411,    3
  283,19990412,  101
  283,19990413,   51
  283,19990414,   16
  283,19990415,    9
  283,19990416,    1
  283,19990417,   11
  283,19990418,   -1
  283,19990419,    0
  283,19990420,   -1
  283,19990421,   48
  283,19990422,   52
  283,19990423,    0
  283,19990424,   -1
  283,19990425,   -1
  283,19990426,    0
  283,19990427,   15
  283,19990428,    0
  283,19990429,    0
  283,19990430,    0
  283,19990501,    0
  283,19990502,    0
  283,19990503,    0
  283,19990504,    0
  283,19990505,   67
  283,19990506,  154
  283,19990507,   19
  283,19990508,    3
  283,19990509,    0
  283,19990510,  127
  283,19990511,  140
  283,19990512,   -1
  283,19990513,   29
  283,19990514,   14
  283,19990515,   -1
  283,19990516,   -1
  283,19990517,    0
  283,19990518,    0
  283,19990519,    1
  283,19990520,   95
  283,19990521,    0
  283,19990522,    9
  283,19990523,    0
  283,19990524,    0
  283,19990525,    0
  283,19990526,    0
  283,19990527,    0
  283,19990528,    0
  283,19990529,   44
  283,19990530,   11
  283,19990531,  129
  283,19990601,    0
  283,19990602,   24
  283,19990603,   33
  283,19990604,   26
  283,19990605,  206
  283,19990606,    5
  283,19990607,   59
  283,19990608,   -1
  283,19990609,   -1
  283,19990610,    0
  283,19990611,   41
  283,19990612,    0
  283,19990613,   16
  283,19990614,   -1
  283,19990615,    0
  283,19990616,    0
  283,19990617,   -1
  283,19990618,    0
  283,19990619,    0
  283,19990620,   54
  283,19990621,   96
  283,19990622,   82
  283,19990623,   -1
  283,19990624,    0
  283,19990625,    0
  283,19990626,    0
  283,19990627,   92
  283,19990628,    9
  283,19990629,    5
  283,19990630,   23
  283,19990701,   17
  283,19990702,   -1
  283,19990703,    0
  283,19990704,   12
  283,19990705,  261
  283,19990706,   23
  283,19990707,  141
  283,19990708,    0
  283,19990709,    0
  283,19990710,    0
  283,19990711,    0
  283,19990712,  203
  283,19990713,   -1
  283,19990714,    2
  283,19990715,   40
  283,19990716,    0
  283,19990717,    0
  283,19990718,   -1
  283,19990719,   52
  283,19990720,    4
  283,19990721,    2
  283,19990722,   97
  283,19990723,    1
  283,19990724,    0
  283,19990725,    0
  283,19990726,    0
  283,19990727,    0
  283,19990728,    0
  283,19990729,    0
  283,19990730,    0
  283,19990731,    0
  283,19990801,    0
  283,19990802,    0
  283,19990803,    0
  283,19990804,    0
  283,19990805,   33
  283,19990806,    0
  283,19990807,  161
  283,19990808,   -1
  283,19990809,   25
  283,19990810,  337
  283,19990811,    0
  283,19990812,    0
  283,19990813,    0
  283,19990814,  149
  283,19990815,   14
  283,19990816,   43
  283,19990817,    7
  283,19990818,  160
  283,19990819,   14
  283,19990820,   41
  283,19990821,    0
  283,19990822,    0
  283,19990823,    0
  283,19990824,   -1
  283,19990825,    0
  283,19990826,    4
  283,19990827,   -1
  283,19990828,   -1
  283,19990829,    0
  283,19990830,    1
  283,19990831,   10
  283,19990901,    4
  283,19990902,   -1
  283,19990903,    0
  283,19990904,    0
  283,19990905,    0
  283,19990906,    0
  283,19990907,    0
  283,19990908,    0
  283,19990909,    0
  283,19990910,    0
  283,19990911,    0
  283,19990912,    0
  283,19990913,   -1
  283,19990914,   -1
  283,19990915,   24
  283,19990916,   13
  283,19990917,   64
  283,19990918,    0
  283,19990919,    0
  283,19990920,    1
  283,19990921,    0
  283,19990922,    1
  283,19990923,    2
  283,19990924,   -1
  283,19990925,    0
  283,19990926,   14
  283,19990927,   17
  283,19990928,    7
  283,19990929,   66
  283,19990930,   54
  283,19991001,   42
  283,19991002,   45
  283,19991003,    3
  283,19991004,   46
  283,19991005,   -1
  283,19991006,   -1
  283,19991007,    6
  283,19991008,   18
  283,19991009,   13
  283,19991010,   12
  283,19991011,   12
  283,19991012,    0
  283,19991013,    0
  283,19991014,    0
  283,19991015,    0
  283,19991016,    0
  283,19991017,    0
  283,19991018,    0
  283,19991019,    0
  283,19991020,    0
  283,19991021,   12
  283,19991022,   11
  283,19991023,   31
  283,19991024,    8
  283,19991025,    6
  283,19991026,   24
  283,19991027,    0
  283,19991028,   -1
  283,19991029,   -1
  283,19991030,   64
  283,19991031,    8
  283,19991101,   21
  283,19991102,   13
  283,19991103,    0
  283,19991104,    0
  283,19991105,    1
  283,19991106,   54
  283,19991107,   85
  283,19991108,   19
  283,19991109,    8
  283,19991110,   14
  283,19991111,    0
  283,19991112,   -1
  283,19991113,    3
  283,19991114,   11
  283,19991115,    0
  283,19991116,    6
  283,19991117,   19
  283,19991118,   58
  283,19991119,   16
  283,19991120,    4
  283,19991121,    9
  283,19991122,   93
  283,19991123,    2
  283,19991124,    0
  283,19991125,   24
  283,19991126,    0
  283,19991127,   22
  283,19991128,    0
  283,19991129,    0
  283,19991130,    2
  283,19991201,   25
  283,19991202,    6
  283,19991203,   75
  283,19991204,   12
  283,19991205,   -1
  283,19991206,   34
  283,19991207,   57
  283,19991208,   10
  283,19991209,   57
  283,19991210,   53
  283,19991211,  121
  283,19991212,  130
  283,19991213,   73
  283,19991214,    1
  283,19991215,   34
  283,19991216,    7
  283,19991217,   58
  283,19991218,    0
  283,19991219,   16
  283,19991220,   -1
  283,19991221,    0
  283,19991222,    1
  283,19991223,   22
  283,19991224,  108
  283,19991225,   31
  283,19991226,  138
  283,19991227,   35
  283,19991228,   15
  283,19991229,   19
  283,19991230,   18
  283,19991231,    9
  283,20000101,   14
  283,20000102,   -1
  283,20000103,   19
  283,20000104,  135
  283,20000105,    0
  283,20000106,   25
  283,20000107,    0
  283,20000108,    4
  283,20000109,    0
  283,20000110,    0
  283,20000111,    0
  283,20000112,    0
  283,20000113,    0
  283,20000114,   -1
  283,20000115,   -1
  283,20000116,    4
  283,20000117,    2
  283,20000118,   10
  283,20000119,   -1
  283,20000120,   20
  283,20000121,   12
  283,20000122,   29
  283,20000123,    7
  283,20000124,    0
  283,20000125,    0
  283,20000126,    1
  283,20000127,    0
  283,20000128,    1
  283,20000129,  178
  283,20000130,   24
  283,20000131,   10
  283,20000201,    8
  283,20000202,   65
  283,20000203,   -1
  283,20000204,   57
  283,20000205,    0
  283,20000206,    3
  283,20000207,   39
  283,20000208,   61
  283,20000209,   11
  283,20000210,   78
  283,20000211,    0
  283,20000212,   52
  283,20000213,    2
  283,20000214,   28
  283,20000215,    1
  283,20000216,   96
  283,20000217,   54
  283,20000218,   61
  283,20000219,   49
  283,20000220,    0
  283,20000221,    1
  283,20000222,    1
  283,20000223,    0
  283,20000224,   80
  283,20000225,  162
  283,20000226,    0
  283,20000227,    0
  283,20000228,   40
  283,20000229,   68
  283,20000301,   27
  283,20000302,   47
  283,20000303,  136
  283,20000304,   42
  283,20000305,   15
  283,20000306,    0
  283,20000307,   28
  283,20000308,  103
  283,20000309,   54
  283,20000310,   28
  283,20000311,   15
  283,20000312,    0
  283,20000313,    5
  283,20000314,   56
  283,20000315,   21
  283,20000316,   -1
  283,20000317,    1
  283,20000318,   18
  283,20000319,   -1
  283,20000320,    0
  283,20000321,    0
  283,20000322,    0
  283,20000323,    0
  283,20000324,   67
  283,20000325,   31
  283,20000326,   17
  283,20000327,   22
  283,20000328,    7
  283,20000329,   -1
  283,20000330,   -1
  283,20000331,    0
  283,20000401,    4
  283,20000402,   -1
  283,20000403,    1
  283,20000404,  101
  283,20000405,    1
  283,20000406,    0
  283,20000407,    0
  283,20000408,    0
  283,20000409,    0
  283,20000410,    0
  283,20000411,   -1
  283,20000412,   18
  283,20000413,   91
  283,20000414,    7
  283,20000415,   24
  283,20000416,   -1
  283,20000417,   17
  283,20000418,    0
  283,20000419,   -1
  283,20000420,    0
  283,20000421,   -1
  283,20000422,    1
  283,20000423,   88
  283,20000424,    1
  283,20000425,    0
  283,20000426,    0
  283,20000427,    0
  283,20000428,    0
  283,20000429,  165
  283,20000430,    0
  283,20000501,    2
  283,20000502,   42
  283,20000503,   22
  283,20000504,    0
  283,20000505,    0
  283,20000506,    0
  283,20000507,   -1
  283,20000508,    0
  283,20000509,    0
  283,20000510,    0
  283,20000511,    0
  283,20000512,    0
  283,20000513,    0
  283,20000514,    0
  283,20000515,    0
  283,20000516,   82
  283,20000517,   54
  283,20000518,   28
  283,20000519,   52
  283,20000520,    7
  283,20000521,   33
  283,20000522,   84
  283,20000523,    9
  283,20000524,  115
  283,20000525,   47
  283,20000526,    2
  283,20000527,   32
  283,20000528,   57
  283,20000529,   93
  283,20000530,   16
  283,20000531,    0
  283,20000601,   -1
  283,20000602,    0
  283,20000603,  160
  283,20000604,    2
  283,20000605,   76
  283,20000606,   55
  283,20000607,   18
  283,20000608,    0
  283,20000609,   73
  283,20000610,   -1
  283,20000611,    0
  283,20000612,    0
  283,20000613,    0
  283,20000614,    1
  283,20000615,    2
  283,20000616,    0
  283,20000617,    0
  283,20000618,    0
  283,20000619,    0
  283,20000620,    0
  283,20000621,   13
  283,20000622,   -1
  283,20000623,   12
  283,20000624,   58
  283,20000625,   13
  283,20000626,    1
  283,20000627,    0
  283,20000628,   -1
  283,20000629,    0
  283,20000630,    0
  283,20000701,   72
  283,20000702,    9
  283,20000703,   99
  283,20000704,   29
  283,20000705,  172
  283,20000706,   11
  283,20000707,    0
  283,20000708,    6
  283,20000709,   12
  283,20000710,   43
  283,20000711,   34
  283,20000712,   -1
  283,20000713,   74
  283,20000714,   93
  283,20000715,   60
  283,20000716,    3
  283,20000717,    3
  283,20000718,   -1
  283,20000719,    9
  283,20000720,    0
  283,20000721,    0
  283,20000722,  135
  283,20000723,    0
  283,20000724,   46
  283,20000725,   63
  283,20000726,    0
  283,20000727,  189
  283,20000728,   42
  283,20000729,    1
  283,20000730,   -1
  283,20000731,    0
  283,20000801,   82
  283,20000802,   46
  283,20000803,   -1
  283,20000804,    0
  283,20000805,    0
  283,20000806,    4
  283,20000807,    6
  283,20000808,   11
  283,20000809,    0
  283,20000810,   -1
  283,20000811,    0
  283,20000812,   -1
  283,20000813,    0
  283,20000814,    0
  283,20000815,    0
  283,20000816,   57
  283,20000817,   10
  283,20000818,    8
  283,20000819,   36
  283,20000820,   82
  283,20000821,   11
  283,20000822,   21
  283,20000823,    0
  283,20000824,    0
  283,20000825,    0
  283,20000826,    0
  283,20000827,  248
  283,20000828,    0
  283,20000829,   13
  283,20000830,    0
  283,20000831,    0
  283,20000901,   37
  283,20000902,  104
  283,20000903,   44
  283,20000904,   24
  283,20000905,    1
  283,20000906,   72
  283,20000907,  137
  283,20000908,    4
  283,20000909,    2
  283,20000910,    0
  283,20000911,    0
  283,20000912,   -1
  283,20000913,   -1
  283,20000914,    0
  283,20000915,   14
  283,20000916,  174
  283,20000917,   -1
  283,20000918,    0
  283,20000919,    0
  283,20000920,  155
  283,20000921,  107
  283,20000922,    0
  283,20000923,    0
  283,20000924,    0
  283,20000925,   25
  283,20000926,   32
  283,20000927,   -1
  283,20000928,   46
  283,20000929,    0
  283,20000930,    0
  283,20001001,  172
  283,20001002,    0
  283,20001003,    0
  283,20001004,    4
  283,20001005,   12
  283,20001006,    9
  283,20001007,    0
  283,20001008,   25
  283,20001009,   12
  283,20001010,   60
  283,20001011,   87
  283,20001012,   -1
  283,20001013,    0
  283,20001014,    0
  283,20001015,    0
  283,20001016,   19
  283,20001017,   29
  283,20001018,   -1
  283,20001019,   36
  283,20001020,    0
  283,20001021,    0
  283,20001022,    0
  283,20001023,   34
  283,20001024,    3
  283,20001025,    1
  283,20001026,   42
  283,20001027,   68
  283,20001028,   23
  283,20001029,   24
  283,20001030,   67
  283,20001031,   13
  283,20001101,   60
  283,20001102,   39
  283,20001103,    0
  283,20001104,   15
  283,20001105,    0
  283,20001106,   20
  283,20001107,   14
  283,20001108,   42
  283,20001109,    4
  283,20001110,   -1
  283,20001111,   -1
  283,20001112,   73
  283,20001113,    3
  283,20001114,    0
  283,20001115,    4
  283,20001116,   17
  283,20001117,   -1
  283,20001118,   19
  283,20001119,   21
  283,20001120,   42
  283,20001121,   14
  283,20001122,    6
  283,20001123,   25
  283,20001124,    3
  283,20001125,    6
  283,20001126,   45
  283,20001127,    0
  283,20001128,   56
  283,20001129,    0
  283,20001130,   -1
  283,20001201,    8
  283,20001202,    0
  283,20001203,   14
  283,20001204,    1
  283,20001205,    4
  283,20001206,   61
  283,20001207,   16
  283,20001208,    9
  283,20001209,   11
  283,20001210,   99
  283,20001211,   80
  283,20001212,   50
  283,20001213,   66
  283,20001214,    2
  283,20001215,   49
  283,20001216,   19
  283,20001217,    1
  283,20001218,   -1
  283,20001219,    0
  283,20001220,    0
  283,20001221,    0
  283,20001222,    0
  283,20001223,   -1
  283,20001224,   24
  283,20001225,   12
  283,20001226,    0
  283,20001227,    7
  283,20001228,   19
  283,20001229,    2
  283,20001230,   23
  283,20001231,    0
  283,20010101,   72
  283,20010102,    5
  283,20010103,   26
  283,20010104,   26
  283,20010105,  153
  283,20010106,   20
  283,20010107,    2
  283,20010108,    1
  283,20010109,    4
  283,20010110,    0
  283,20010111,    0
  283,20010112,    0
  283,20010113,    0
  283,20010114,    0
  283,20010115,    0
  283,20010116,    0
  283,20010117,    0
  283,20010118,   -1
  283,20010119,    3
  283,20010120,   10
  283,20010121,   28
  283,20010122,   33
  283,20010123,   19
  283,20010124,   70
  283,20010125,   22
  283,20010126,   12
  283,20010127,   55
  283,20010128,    2
  283,20010129,    0
  283,20010130,    0
  283,20010131,   -1
  283,20010201,    5
  283,20010202,   49
  283,20010203,   64
  283,20010204,  160
  283,20010205,   25
  283,20010206,   49
  283,20010207,   34
  283,20010208,   54
  283,20010209,   18
  283,20010210,    1
  283,20010211,    4
  283,20010212,   24
  283,20010213,    0
  283,20010214,    0
  283,20010215,    0
  283,20010216,   41
  283,20010217,    0
  283,20010218,    0
  283,20010219,    8
  283,20010220,    0
  283,20010221,   12
  283,20010222,   27
  283,20010223,    7
  283,20010224,   20
  283,20010225,   10
  283,20010226,    0
  283,20010227,    0
  283,20010228,    0
  283,20010301,   36
  283,20010302,   -1
  283,20010303,    0
  283,20010304,    0
  283,20010305,    0
  283,20010306,    0
  283,20010307,   18
  283,20010308,   10
  283,20010309,   23
  283,20010310,   59
  283,20010311,   30
  283,20010312,    3
  283,20010313,   26
  283,20010314,   -1
  283,20010315,    0
  283,20010316,    7
  283,20010317,    1
  283,20010318,  191
  283,20010319,   37
  283,20010320,    0
  283,20010321,   46
  283,20010322,    0
  283,20010323,  127
  283,20010324,    0
  283,20010325,    0
  283,20010326,   -1
  283,20010327,    0
  283,20010328,   25
  283,20010329,   96
  283,20010330,    9
  283,20010331,   -1
  283,20010401,   -1
  283,20010402,    0
  283,20010403,   -1
  283,20010404,   59
  283,20010405,   46
  283,20010406,   65
  283,20010407,   51
  283,20010408,    2
  283,20010409,    1
  283,20010410,   23
  283,20010411,    0
  283,20010412,    8
  283,20010413,    0
  283,20010414,   66
  283,20010415,   72
  283,20010416,   26
  283,20010417,    3
  283,20010418,   57
  283,20010419,   42
  283,20010420,    4
  283,20010421,    1
  283,20010422,    0
  283,20010423,    0
  283,20010424,   74
  283,20010425,   24
  283,20010426,   45
  283,20010427,   35
  283,20010428,   12
  283,20010429,   40
  283,20010430,    0
  283,20010501,    0
  283,20010502,    0
  283,20010503,   13
  283,20010504,    0
  283,20010505,    0
  283,20010506,    0
  283,20010507,    0
  283,20010508,    0
  283,20010509,    0
  283,20010510,    0
  283,20010511,    0
  283,20010512,    0
  283,20010513,    0
  283,20010514,   28
  283,20010515,   -1
  283,20010516,   22
  283,20010517,   10
  283,20010518,   48
  283,20010519,    0
  283,20010520,    0
  283,20010521,    0
  283,20010522,    0
  283,20010523,    0
  283,20010524,    0
  283,20010525,    0
  283,20010526,    0
  283,20010527,    8
  283,20010528,   11
  283,20010529,    0
  283,20010530,    0
  283,20010531,   13
  283,20010601,   51
  283,20010602,  127
  283,20010603,   18
  283,20010604,   -1
  283,20010605,    0
  283,20010606,   24
  283,20010607,   23
  283,20010608,    8
  283,20010609,    0
  283,20010610,   87
  283,20010611,    5
  283,20010612,    0
  283,20010613,    0
  283,20010614,    0
  283,20010615,   -1
  283,20010616,  111
  283,20010617,   22
  283,20010618,    3
  283,20010619,    0
  283,20010620,    0
  283,20010621,    0
  283,20010622,   38
  283,20010623,    0
  283,20010624,    0
  283,20010625,    0
  283,20010626,    0
  283,20010627,   -1
  283,20010628,    0
  283,20010629,    0
  283,20010630,   94
  283,20010701,    0
  283,20010702,    0
  283,20010703,    0
  283,20010704,    0
  283,20010705,    0
  283,20010706,    0
  283,20010707,    3
  283,20010708,   43
  283,20010709,    1
  283,20010710,   61
  283,20010711,   29
  283,20010712,    7
  283,20010713,    0
  283,20010714,   29
  283,20010715,    0
  283,20010716,    0
  283,20010717,    0
  283,20010718,  106
  283,20010719,   82
  283,20010720,  168
  283,20010721,   -1
  283,20010722,   13
  283,20010723,   -1
  283,20010724,    0
  283,20010725,    0
  283,20010726,    0
  285,19960726,     
  285,19960727,     
  285,19960728,     
  285,19960729,     
  285,19960730,     
  285,19960731,     
  285,19960801,     
  285,19960802,     
  285,19960803,     
  285,19960804,     
  285,19960805,     
  285,19960806,     
  285,19960807,     
  285,19960808,     
  285,19960809,     
  285,19960810,     
  285,19960811,     
  285,19960812,     
  285,19960813,     
  285,19960814,     
  285,19960815,     
  285,19960816,     
  285,19960817,     
  285,19960818,     
  285,19960819,     
  285,19960820,     
  285,19960821,     
  285,19960822,     
  285,19960823,     
  285,19960824,     
  285,19960825,     
  285,19960826,     
  285,19960827,     
  285,19960828,     
  285,19960829,     
  285,19960830,     
  285,19960831,     
  285,19960901,     
  285,19960902,     
  285,19960903,     
  285,19960904,     
  285,19960905,     
  285,19960906,     
  285,19960907,     
  285,19960908,     
  285,19960909,     
  285,19960910,     
  285,19960911,     
  285,19960912,     
  285,19960913,     
  285,19960914,     
  285,19960915,     
  285,19960916,     
  285,19960917,     
  285,19960918,     
  285,19960919,     
  285,19960920,     
  285,19960921,     
  285,19960922,     
  285,19960923,     
  285,19960924,     
  285,19960925,     
  285,19960926,     
  285,19960927,     
  285,19960928,     
  285,19960929,     
  285,19960930,     
  285,19961001,     
  285,19961002,     
  285,19961003,     
  285,19961004,     
  285,19961005,     
  285,19961006,     
  285,19961007,     
  285,19961008,     
  285,19961009,     
  285,19961010,     
  285,19961011,     
  285,19961012,     
  285,19961013,     
  285,19961014,     
  285,19961015,     
  285,19961016,     
  285,19961017,     
  285,19961018,     
  285,19961019,     
  285,19961020,     
  285,19961021,     
  285,19961022,     
  285,19961023,     
  285,19961024,     
  285,19961025,     
  285,19961026,     
  285,19961027,     
  285,19961028,     
  285,19961029,     
  285,19961030,     
  285,19961031,     
  285,19961101,     
  285,19961102,     
  285,19961103,     
  285,19961104,     
  285,19961105,     
  285,19961106,     
  285,19961107,     
  285,19961108,     
  285,19961109,     
  285,19961110,     
  285,19961111,     
  285,19961112,     
  285,19961113,     
  285,19961114,     
  285,19961115,     
  285,19961116,     
  285,19961117,     
  285,19961118,     
  285,19961119,     
  285,19961120,     
  285,19961121,     
  285,19961122,     
  285,19961123,     
  285,19961124,     
  285,19961125,     
  285,19961126,     
  285,19961127,     
  285,19961128,     
  285,19961129,     
  285,19961130,     
  285,19961201,     
  285,19961202,     
  285,19961203,     
  285,19961204,     
  285,19961205,     
  285,19961206,     
  285,19961207,     
  285,19961208,     
  285,19961209,     
  285,19961210,     
  285,19961211,     
  285,19961212,     
  285,19961213,     
  285,19961214,     
  285,19961215,     
  285,19961216,     
  285,19961217,     
  285,19961218,     
  285,19961219,     
  285,19961220,     
  285,19961221,     
  285,19961222,     
  285,19961223,     
  285,19961224,     
  285,19961225,     
  285,19961226,     
  285,19961227,     
  285,19961228,     
  285,19961229,     
  285,19961230,     
  285,19961231,     
  285,19970101,     
  285,19970102,     
  285,19970103,     
  285,19970104,     
  285,19970105,     
  285,19970106,     
  285,19970107,     
  285,19970108,     
  285,19970109,     
  285,19970110,     
  285,19970111,     
  285,19970112,     
  285,19970113,     
  285,19970114,     
  285,19970115,     
  285,19970116,     
  285,19970117,     
  285,19970118,     
  285,19970119,     
  285,19970120,     
  285,19970121,     
  285,19970122,     
  285,19970123,     
  285,19970124,     
  285,19970125,     
  285,19970126,     
  285,19970127,     
  285,19970128,     
  285,19970129,     
  285,19970130,     
  285,19970131,     
  285,19970201,     
  285,19970202,     
  285,19970203,     
  285,19970204,     
  285,19970205,     
  285,19970206,     
  285,19970207,     
  285,19970208,     
  285,19970209,     
  285,19970210,     
  285,19970211,     
  285,19970212,     
  285,19970213,     
  285,19970214,     
  285,19970215,     
  285,19970216,     
  285,19970217,     
  285,19970218,     
  285,19970219,     
  285,19970220,     
  285,19970221,     
  285,19970222,     
  285,19970223,     
  285,19970224,     
  285,19970225,     
  285,19970226,     
  285,19970227,     
  285,19970228,     
  285,19970301,     
  285,19970302,     
  285,19970303,     
  285,19970304,     
  285,19970305,     
  285,19970306,     
  285,19970307,     
  285,19970308,     
  285,19970309,     
  285,19970310,     
  285,19970311,     
  285,19970312,     
  285,19970313,     
  285,19970314,     
  285,19970315,     
  285,19970316,     
  285,19970317,     
  285,19970318,     
  285,19970319,     
  285,19970320,     
  285,19970321,     
  285,19970322,     
  285,19970323,     
  285,19970324,     
  285,19970325,     
  285,19970326,     
  285,19970327,     
  285,19970328,     
  285,19970329,     
  285,19970330,     
  285,19970331,     
  285,19970401,     
  285,19970402,     
  285,19970403,     
  285,19970404,     
  285,19970405,     
  285,19970406,     
  285,19970407,     
  285,19970408,     
  285,19970409,     
  285,19970410,     
  285,19970411,     
  285,19970412,     
  285,19970413,     
  285,19970414,     
  285,19970415,     
  285,19970416,     
  285,19970417,     
  285,19970418,     
  285,19970419,     
  285,19970420,     
  285,19970421,     
  285,19970422,     
  285,19970423,     
  285,19970424,     
  285,19970425,     
  285,19970426,     
  285,19970427,     
  285,19970428,     
  285,19970429,     
  285,19970430,     
  285,19970501,     
  285,19970502,     
  285,19970503,     
  285,19970504,     
  285,19970505,     
  285,19970506,     
  285,19970507,     
  285,19970508,     
  285,19970509,     
  285,19970510,     
  285,19970511,     
  285,19970512,     
  285,19970513,     
  285,19970514,     
  285,19970515,     
  285,19970516,     
  285,19970517,     
  285,19970518,     
  285,19970519,     
  285,19970520,     
  285,19970521,     
  285,19970522,     
  285,19970523,     
  285,19970524,     
  285,19970525,     
  285,19970526,     
  285,19970527,     
  285,19970528,     
  285,19970529,     
  285,19970530,     
  285,19970531,     
  285,19970601,     
  285,19970602,     
  285,19970603,     
  285,19970604,     
  285,19970605,     
  285,19970606,     
  285,19970607,     
  285,19970608,     
  285,19970609,     
  285,19970610,     
  285,19970611,     
  285,19970612,     
  285,19970613,     
  285,19970614,     
  285,19970615,     
  285,19970616,     
  285,19970617,     
  285,19970618,     
  285,19970619,     
  285,19970620,     
  285,19970621,     
  285,19970622,     
  285,19970623,     
  285,19970624,     
  285,19970625,     
  285,19970626,     
  285,19970627,     
  285,19970628,     
  285,19970629,     
  285,19970630,     
  285,19970701,     
  285,19970702,     
  285,19970703,     
  285,19970704,     
  285,19970705,     
  285,19970706,     
  285,19970707,     
  285,19970708,     
  285,19970709,     
  285,19970710,     
  285,19970711,     
  285,19970712,     
  285,19970713,     
  285,19970714,     
  285,19970715,     
  285,19970716,     
  285,19970717,     
  285,19970718,     
  285,19970719,     
  285,19970720,     
  285,19970721,     
  285,19970722,     
  285,19970723,     
  285,19970724,     
  285,19970725,     
  285,19970726,     
  285,19970727,     
  285,19970728,     
  285,19970729,     
  285,19970730,     
  285,19970731,     
  285,19970801,     
  285,19970802,     
  285,19970803,     
  285,19970804,     
  285,19970805,     
  285,19970806,     
  285,19970807,     
  285,19970808,     
  285,19970809,     
  285,19970810,     
  285,19970811,     
  285,19970812,     
  285,19970813,     
  285,19970814,     
  285,19970815,     
  285,19970816,     
  285,19970817,     
  285,19970818,     
  285,19970819,     
  285,19970820,     
  285,19970821,     
  285,19970822,     
  285,19970823,     
  285,19970824,     
  285,19970825,     
  285,19970826,     
  285,19970827,     
  285,19970828,     
  285,19970829,     
  285,19970830,     
  285,19970831,     
  285,19970901,     
  285,19970902,     
  285,19970903,     
  285,19970904,     
  285,19970905,     
  285,19970906,     
  285,19970907,     
  285,19970908,     
  285,19970909,     
  285,19970910,     
  285,19970911,     
  285,19970912,     
  285,19970913,     
  285,19970914,     
  285,19970915,     
  285,19970916,     
  285,19970917,     
  285,19970918,     
  285,19970919,     
  285,19970920,     
  285,19970921,     
  285,19970922,     
  285,19970923,     
  285,19970924,     
  285,19970925,     
  285,19970926,     
  285,19970927,     
  285,19970928,     
  285,19970929,     
  285,19970930,     
  285,19971001,     
  285,19971002,     
  285,19971003,     
  285,19971004,     
  285,19971005,     
  285,19971006,     
  285,19971007,     
  285,19971008,     
  285,19971009,     
  285,19971010,     
  285,19971011,     
  285,19971012,     
  285,19971013,     
  285,19971014,     
  285,19971015,     
  285,19971016,     
  285,19971017,     
  285,19971018,     
  285,19971019,     
  285,19971020,     
  285,19971021,     
  285,19971022,     
  285,19971023,     
  285,19971024,     
  285,19971025,     
  285,19971026,     
  285,19971027,     
  285,19971028,     
  285,19971029,     
  285,19971030,     
  285,19971031,     
  285,19971101,     
  285,19971102,     
  285,19971103,     
  285,19971104,     
  285,19971105,     
  285,19971106,     
  285,19971107,     
  285,19971108,     
  285,19971109,     
  285,19971110,     
  285,19971111,     
  285,19971112,     
  285,19971113,     
  285,19971114,     
  285,19971115,     
  285,19971116,     
  285,19971117,     
  285,19971118,     
  285,19971119,     
  285,19971120,     
  285,19971121,     
  285,19971122,     
  285,19971123,     
  285,19971124,     
  285,19971125,     
  285,19971126,     
  285,19971127,     
  285,19971128,     
  285,19971129,     
  285,19971130,     
  285,19971201,     
  285,19971202,     
  285,19971203,     
  285,19971204,     
  285,19971205,     
  285,19971206,     
  285,19971207,     
  285,19971208,     
  285,19971209,     
  285,19971210,     
  285,19971211,     
  285,19971212,     
  285,19971213,     
  285,19971214,     
  285,19971215,     
  285,19971216,     
  285,19971217,     
  285,19971218,     
  285,19971219,     
  285,19971220,     
  285,19971221,     
  285,19971222,     
  285,19971223,     
  285,19971224,     
  285,19971225,     
  285,19971226,     
  285,19971227,     
  285,19971228,     
  285,19971229,     
  285,19971230,     
  285,19971231,     
  285,19980101,     
  285,19980102,     
  285,19980103,     
  285,19980104,     
  285,19980105,     
  285,19980106,     
  285,19980107,     
  285,19980108,     
  285,19980109,     
  285,19980110,     
  285,19980111,     
  285,19980112,     
  285,19980113,     
  285,19980114,     
  285,19980115,     
  285,19980116,     
  285,19980117,     
  285,19980118,     
  285,19980119,     
  285,19980120,     
  285,19980121,     
  285,19980122,     
  285,19980123,     
  285,19980124,     
  285,19980125,     
  285,19980126,     
  285,19980127,     
  285,19980128,     
  285,19980129,     
  285,19980130,     
  285,19980131,     
  285,19980201,     
  285,19980202,     
  285,19980203,     
  285,19980204,     
  285,19980205,     
  285,19980206,     
  285,19980207,     
  285,19980208,     
  285,19980209,     
  285,19980210,     
  285,19980211,     
  285,19980212,     
  285,19980213,     
  285,19980214,     
  285,19980215,     
  285,19980216,     
  285,19980217,     
  285,19980218,     
  285,19980219,     
  285,19980220,     
  285,19980221,     
  285,19980222,     
  285,19980223,     
  285,19980224,     
  285,19980225,     
  285,19980226,     
  285,19980227,     
  285,19980228,     
  285,19980301,     
  285,19980302,     
  285,19980303,     
  285,19980304,     
  285,19980305,     
  285,19980306,     
  285,19980307,     
  285,19980308,     
  285,19980309,     
  285,19980310,     
  285,19980311,     
  285,19980312,     
  285,19980313,     
  285,19980314,     
  285,19980315,     
  285,19980316,     
  285,19980317,     
  285,19980318,     
  285,19980319,     
  285,19980320,     
  285,19980321,     
  285,19980322,     
  285,19980323,     
  285,19980324,     
  285,19980325,     
  285,19980326,     
  285,19980327,     
  285,19980328,     
  285,19980329,     
  285,19980330,     
  285,19980331,     
  285,19980401,     
  285,19980402,     
  285,19980403,     
  285,19980404,     
  285,19980405,     
  285,19980406,     
  285,19980407,     
  285,19980408,     
  285,19980409,     
  285,19980410,     
  285,19980411,     
  285,19980412,     
  285,19980413,     
  285,19980414,     
  285,19980415,     
  285,19980416,     
  285,19980417,     
  285,19980418,     
  285,19980419,     
  285,19980420,     
  285,19980421,     
  285,19980422,     
  285,19980423,     
  285,19980424,     
  285,19980425,     
  285,19980426,     
  285,19980427,     
  285,19980428,     
  285,19980429,     
  285,19980430,     
  285,19980501,     
  285,19980502,     
  285,19980503,     
  285,19980504,     
  285,19980505,     
  285,19980506,     
  285,19980507,     
  285,19980508,     
  285,19980509,     
  285,19980510,     
  285,19980511,     
  285,19980512,     
  285,19980513,     
  285,19980514,     
  285,19980515,     
  285,19980516,     
  285,19980517,     
  285,19980518,     
  285,19980519,     
  285,19980520,     
  285,19980521,     
  285,19980522,     
  285,19980523,     
  285,19980524,     
  285,19980525,     
  285,19980526,     
  285,19980527,     
  285,19980528,     
  285,19980529,     
  285,19980530,     
  285,19980531,     
  285,19980601,     
  285,19980602,     
  285,19980603,     
  285,19980604,     
  285,19980605,     
  285,19980606,     
  285,19980607,     
  285,19980608,     
  285,19980609,     
  285,19980610,     
  285,19980611,     
  285,19980612,     
  285,19980613,     
  285,19980614,     
  285,19980615,     
  285,19980616,     
  285,19980617,     
  285,19980618,     
  285,19980619,     
  285,19980620,     
  285,19980621,     
  285,19980622,     
  285,19980623,     
  285,19980624,     
  285,19980625,     
  285,19980626,     
  285,19980627,     
  285,19980628,     
  285,19980629,     
  285,19980630,     
  285,19980701,     
  285,19980702,     
  285,19980703,     
  285,19980704,     
  285,19980705,     
  285,19980706,     
  285,19980707,     
  285,19980708,     
  285,19980709,     
  285,19980710,     
  285,19980711,     
  285,19980712,     
  285,19980713,     
  285,19980714,     
  285,19980715,     
  285,19980716,     
  285,19980717,     
  285,19980718,     
  285,19980719,     
  285,19980720,     
  285,19980721,     
  285,19980722,     
  285,19980723,     
  285,19980724,     
  285,19980725,     
  285,19980726,     
  285,19980727,     
  285,19980728,     
  285,19980729,     
  285,19980730,     
  285,19980731,     
  285,19980801,     
  285,19980802,     
  285,19980803,     
  285,19980804,     
  285,19980805,     
  285,19980806,     
  285,19980807,     
  285,19980808,     
  285,19980809,     
  285,19980810,     
  285,19980811,     
  285,19980812,     
  285,19980813,     
  285,19980814,     
  285,19980815,     
  285,19980816,     
  285,19980817,     
  285,19980818,     
  285,19980819,     
  285,19980820,     
  285,19980821,     
  285,19980822,     
  285,19980823,     
  285,19980824,     
  285,19980825,     
  285,19980826,     
  285,19980827,     
  285,19980828,     
  285,19980829,     
  285,19980830,     
  285,19980831,     
  285,19980901,     
  285,19980902,     
  285,19980903,     
  285,19980904,     
  285,19980905,     
  285,19980906,     
  285,19980907,     
  285,19980908,     
  285,19980909,     
  285,19980910,     
  285,19980911,     
  285,19980912,     
  285,19980913,     
  285,19980914,     
  285,19980915,     
  285,19980916,     
  285,19980917,     
  285,19980918,     
  285,19980919,     
  285,19980920,     
  285,19980921,     
  285,19980922,     
  285,19980923,     
  285,19980924,     
  285,19980925,     
  285,19980926,     
  285,19980927,     
  285,19980928,     
  285,19980929,     
  285,19980930,     
  285,19981001,     
  285,19981002,     
  285,19981003,     
  285,19981004,     
  285,19981005,     
  285,19981006,     
  285,19981007,     
  285,19981008,     
  285,19981009,     
  285,19981010,     
  285,19981011,     
  285,19981012,     
  285,19981013,     
  285,19981014,     
  285,19981015,     
  285,19981016,     
  285,19981017,     
  285,19981018,     
  285,19981019,     
  285,19981020,     
  285,19981021,     
  285,19981022,     
  285,19981023,     
  285,19981024,     
  285,19981025,     
  285,19981026,     
  285,19981027,     
  285,19981028,     
  285,19981029,     
  285,19981030,     
  285,19981031,     
  285,19981101,     
  285,19981102,     
  285,19981103,     
  285,19981104,     
  285,19981105,     
  285,19981106,     
  285,19981107,     
  285,19981108,     
  285,19981109,     
  285,19981110,     
  285,19981111,     
  285,19981112,     
  285,19981113,     
  285,19981114,     
  285,19981115,     
  285,19981116,     
  285,19981117,     
  285,19981118,     
  285,19981119,     
  285,19981120,     
  285,19981121,     
  285,19981122,     
  285,19981123,     
  285,19981124,     
  285,19981125,     
  285,19981126,     
  285,19981127,     
  285,19981128,     
  285,19981129,     
  285,19981130,     
  285,19981201,     
  285,19981202,     
  285,19981203,     
  285,19981204,     
  285,19981205,     
  285,19981206,     
  285,19981207,     
  285,19981208,     
  285,19981209,     
  285,19981210,     
  285,19981211,     
  285,19981212,     
  285,19981213,     
  285,19981214,     
  285,19981215,     
  285,19981216,     
  285,19981217,     
  285,19981218,     
  285,19981219,     
  285,19981220,     
  285,19981221,     
  285,19981222,     
  285,19981223,     
  285,19981224,     
  285,19981225,     
  285,19981226,     
  285,19981227,     
  285,19981228,     
  285,19981229,     
  285,19981230,     
  285,19981231,     
  285,19990101,     
  285,19990102,     
  285,19990103,     
  285,19990104,     
  285,19990105,     
  285,19990106,     
  285,19990107,     
  285,19990108,     
  285,19990109,     
  285,19990110,     
  285,19990111,     
  285,19990112,     
  285,19990113,     
  285,19990114,     
  285,19990115,     
  285,19990116,     
  285,19990117,     
  285,19990118,     
  285,19990119,     
  285,19990120,     
  285,19990121,     
  285,19990122,     
  285,19990123,     
  285,19990124,     
  285,19990125,     
  285,19990126,     
  285,19990127,     
  285,19990128,     
  285,19990129,     
  285,19990130,     
  285,19990131,     
  285,19990201,     
  285,19990202,     
  285,19990203,     
  285,19990204,     
  285,19990205,     
  285,19990206,     
  285,19990207,     
  285,19990208,     
  285,19990209,     
  285,19990210,     
  285,19990211,     
  285,19990212,     
  285,19990213,     
  285,19990214,     
  285,19990215,     
  285,19990216,     
  285,19990217,     
  285,19990218,     
  285,19990219,     
  285,19990220,     
  285,19990221,     
  285,19990222,     
  285,19990223,     
  285,19990224,     
  285,19990225,     
  285,19990226,     
  285,19990227,     
  285,19990228,     
  285,19990301,     
  285,19990302,     
  285,19990303,     
  285,19990304,     
  285,19990305,     
  285,19990306,     
  285,19990307,     
  285,19990308,     
  285,19990309,     
  285,19990310,     
  285,19990311,     
  285,19990312,     
  285,19990313,     
  285,19990314,     
  285,19990315,     
  285,19990316,     
  285,19990317,     
  285,19990318,     
  285,19990319,     
  285,19990320,     
  285,19990321,     
  285,19990322,     
  285,19990323,     
  285,19990324,     
  285,19990325,     
  285,19990326,     
  285,19990327,     
  285,19990328,     
  285,19990329,     
  285,19990330,     
  285,19990331,     
  285,19990401,     
  285,19990402,     
  285,19990403,     
  285,19990404,     
  285,19990405,     
  285,19990406,     
  285,19990407,     
  285,19990408,     
  285,19990409,     
  285,19990410,     
  285,19990411,     
  285,19990412,     
  285,19990413,     
  285,19990414,     
  285,19990415,     
  285,19990416,     
  285,19990417,     
  285,19990418,     
  285,19990419,     
  285,19990420,     
  285,19990421,     
  285,19990422,     
  285,19990423,     
  285,19990424,     
  285,19990425,     
  285,19990426,     
  285,19990427,     
  285,19990428,     
  285,19990429,     
  285,19990430,     
  285,19990501,     
  285,19990502,     
  285,19990503,     
  285,19990504,     
  285,19990505,     
  285,19990506,     
  285,19990507,     
  285,19990508,     
  285,19990509,     
  285,19990510,     
  285,19990511,     
  285,19990512,     
  285,19990513,     
  285,19990514,     
  285,19990515,     
  285,19990516,     
  285,19990517,     
  285,19990518,     
  285,19990519,     
  285,19990520,     
  285,19990521,     
  285,19990522,     
  285,19990523,     
  285,19990524,     
  285,19990525,     
  285,19990526,     
  285,19990527,     
  285,19990528,     
  285,19990529,     
  285,19990530,     
  285,19990531,     
  285,19990601,     
  285,19990602,     
  285,19990603,     
  285,19990604,     
  285,19990605,     
  285,19990606,     
  285,19990607,     
  285,19990608,     
  285,19990609,     
  285,19990610,     
  285,19990611,     
  285,19990612,     
  285,19990613,     
  285,19990614,     
  285,19990615,     
  285,19990616,     
  285,19990617,     
  285,19990618,     
  285,19990619,     
  285,19990620,     
  285,19990621,     
  285,19990622,     
  285,19990623,     
  285,19990624,     
  285,19990625,     
  285,19990626,     
  285,19990627,     
  285,19990628,     
  285,19990629,     
  285,19990630,     
  285,19990701,     
  285,19990702,     
  285,19990703,     
  285,19990704,     
  285,19990705,     
  285,19990706,     
  285,19990707,     
  285,19990708,     
  285,19990709,     
  285,19990710,     
  285,19990711,     
  285,19990712,     
  285,19990713,     
  285,19990714,     
  285,19990715,     
  285,19990716,     
  285,19990717,     
  285,19990718,     
  285,19990719,     
  285,19990720,     
  285,19990721,     
  285,19990722,     
  285,19990723,     
  285,19990724,     
  285,19990725,     
  285,19990726,     
  285,19990727,     
  285,19990728,     
  285,19990729,     
  285,19990730,     
  285,19990731,     
  285,19990801,     
  285,19990802,     
  285,19990803,     
  285,19990804,     
  285,19990805,     
  285,19990806,     
  285,19990807,     
  285,19990808,     
  285,19990809,     
  285,19990810,     
  285,19990811,     
  285,19990812,     
  285,19990813,     
  285,19990814,     
  285,19990815,     
  285,19990816,     
  285,19990817,     
  285,19990818,     
  285,19990819,     
  285,19990820,     
  285,19990821,     
  285,19990822,     
  285,19990823,     
  285,19990824,     
  285,19990825,     
  285,19990826,     
  285,19990827,     
  285,19990828,     
  285,19990829,     
  285,19990830,     
  285,19990831,     
  285,19990901,     
  285,19990902,     
  285,19990903,     
  285,19990904,     
  285,19990905,     
  285,19990906,     
  285,19990907,     
  285,19990908,     
  285,19990909,     
  285,19990910,     
  285,19990911,     
  285,19990912,     
  285,19990913,     
  285,19990914,     
  285,19990915,     
  285,19990916,     
  285,19990917,     
  285,19990918,     
  285,19990919,     
  285,19990920,     
  285,19990921,     
  285,19990922,     
  285,19990923,     
  285,19990924,     
  285,19990925,     
  285,19990926,     
  285,19990927,     
  285,19990928,     
  285,19990929,     
  285,19990930,     
  285,19991001,     
  285,19991002,     
  285,19991003,     
  285,19991004,     
  285,19991005,     
  285,19991006,     
  285,19991007,     
  285,19991008,     
  285,19991009,     
  285,19991010,     
  285,19991011,     
  285,19991012,     
  285,19991013,     
  285,19991014,     
  285,19991015,     
  285,19991016,     
  285,19991017,     
  285,19991018,     
  285,19991019,     
  285,19991020,     
  285,19991021,     
  285,19991022,     
  285,19991023,     
  285,19991024,     
  285,19991025,     
  285,19991026,     
  285,19991027,     
  285,19991028,     
  285,19991029,     
  285,19991030,     
  285,19991031,     
  285,19991101,     
  285,19991102,     
  285,19991103,     
  285,19991104,     
  285,19991105,     
  285,19991106,     
  285,19991107,     
  285,19991108,     
  285,19991109,     
  285,19991110,     
  285,19991111,     
  285,19991112,     
  285,19991113,     
  285,19991114,     
  285,19991115,     
  285,19991116,     
  285,19991117,     
  285,19991118,     
  285,19991119,     
  285,19991120,     
  285,19991121,     
  285,19991122,     
  285,19991123,     
  285,19991124,     
  285,19991125,     
  285,19991126,     
  285,19991127,     
  285,19991128,     
  285,19991129,     
  285,19991130,     
  285,19991201,     
  285,19991202,     
  285,19991203,     
  285,19991204,     
  285,19991205,     
  285,19991206,     
  285,19991207,     
  285,19991208,     
  285,19991209,     
  285,19991210,     
  285,19991211,     
  285,19991212,     
  285,19991213,     
  285,19991214,     
  285,19991215,     
  285,19991216,     
  285,19991217,     
  285,19991218,     
  285,19991219,     
  285,19991220,     
  285,19991221,     
  285,19991222,     
  285,19991223,     
  285,19991224,     
  285,19991225,     
  285,19991226,     
  285,19991227,     
  285,19991228,     
  285,19991229,     
  285,19991230,     
  285,19991231,     
  285,20000101,     
  285,20000102,     
  285,20000103,     
  285,20000104,     
  285,20000105,     
  285,20000106,     
  285,20000107,     
  285,20000108,     
  285,20000109,     
  285,20000110,     
  285,20000111,     
  285,20000112,     
  285,20000113,     
  285,20000114,     
  285,20000115,     
  285,20000116,     
  285,20000117,     
  285,20000118,     
  285,20000119,     
  285,20000120,     
  285,20000121,     
  285,20000122,     
  285,20000123,     
  285,20000124,     
  285,20000125,     
  285,20000126,     
  285,20000127,     
  285,20000128,     
  285,20000129,     
  285,20000130,     
  285,20000131,     
  285,20000201,     
  285,20000202,     
  285,20000203,     
  285,20000204,     
  285,20000205,     
  285,20000206,     
  285,20000207,     
  285,20000208,     
  285,20000209,     
  285,20000210,     
  285,20000211,     
  285,20000212,     
  285,20000213,     
  285,20000214,     
  285,20000215,     
  285,20000216,     
  285,20000217,     
  285,20000218,     
  285,20000219,     
  285,20000220,     
  285,20000221,     
  285,20000222,     
  285,20000223,     
  285,20000224,     
  285,20000225,     
  285,20000226,     
  285,20000227,     
  285,20000228,     
  285,20000229,     
  285,20000301,     
  285,20000302,     
  285,20000303,     
  285,20000304,     
  285,20000305,     
  285,20000306,     
  285,20000307,     
  285,20000308,     
  285,20000309,     
  285,20000310,     
  285,20000311,     
  285,20000312,     
  285,20000313,     
  285,20000314,     
  285,20000315,     
  285,20000316,     
  285,20000317,     
  285,20000318,     
  285,20000319,     
  285,20000320,     
  285,20000321,     
  285,20000322,     
  285,20000323,     
  285,20000324,     
  285,20000325,     
  285,20000326,     
  285,20000327,     
  285,20000328,     
  285,20000329,     
  285,20000330,     
  285,20000331,     
  285,20000401,     
  285,20000402,     
  285,20000403,     
  285,20000404,     
  285,20000405,     
  285,20000406,     
  285,20000407,     
  285,20000408,     
  285,20000409,     
  285,20000410,     
  285,20000411,     
  285,20000412,     
  285,20000413,     
  285,20000414,     
  285,20000415,     
  285,20000416,     
  285,20000417,     
  285,20000418,     
  285,20000419,     
  285,20000420,     
  285,20000421,     
  285,20000422,     
  285,20000423,     
  285,20000424,     
  285,20000425,     
  285,20000426,     
  285,20000427,     
  285,20000428,     
  285,20000429,     
  285,20000430,     
  285,20000501,     
  285,20000502,     
  285,20000503,     
  285,20000504,     
  285,20000505,     
  285,20000506,     
  285,20000507,     
  285,20000508,     
  285,20000509,     
  285,20000510,     
  285,20000511,     
  285,20000512,     
  285,20000513,     
  285,20000514,     
  285,20000515,     
  285,20000516,     
  285,20000517,     
  285,20000518,     
  285,20000519,     
  285,20000520,     
  285,20000521,     
  285,20000522,     
  285,20000523,     
  285,20000524,     
  285,20000525,     
  285,20000526,     
  285,20000527,     
  285,20000528,     
  285,20000529,     
  285,20000530,     
  285,20000531,     
  285,20000601,     
  285,20000602,     
  285,20000603,     
  285,20000604,     
  285,20000605,     
  285,20000606,     
  285,20000607,     
  285,20000608,     
  285,20000609,     
  285,20000610,     
  285,20000611,     
  285,20000612,     
  285,20000613,     
  285,20000614,     
  285,20000615,     
  285,20000616,     
  285,20000617,     
  285,20000618,     
  285,20000619,     
  285,20000620,     
  285,20000621,     
  285,20000622,     
  285,20000623,     
  285,20000624,     
  285,20000625,     
  285,20000626,     
  285,20000627,     
  285,20000628,     
  285,20000629,     
  285,20000630,     
  285,20000701,     
  285,20000702,     
  285,20000703,     
  285,20000704,     
  285,20000705,     
  285,20000706,     
  285,20000707,     
  285,20000708,     
  285,20000709,     
  285,20000710,     
  285,20000711,     
  285,20000712,     
  285,20000713,     
  285,20000714,     
  285,20000715,     
  285,20000716,     
  285,20000717,     
  285,20000718,     
  285,20000719,     
  285,20000720,     
  285,20000721,     
  285,20000722,     
  285,20000723,     
  285,20000724,     
  285,20000725,     
  285,20000726,     
  285,20000727,     
  285,20000728,     
  285,20000729,     
  285,20000730,     
  285,20000731,     
  285,20000801,     
  285,20000802,     
  285,20000803,     
  285,20000804,     
  285,20000805,     
  285,20000806,     
  285,20000807,     
  285,20000808,     
  285,20000809,     
  285,20000810,     
  285,20000811,     
  285,20000812,     
  285,20000813,     
  285,20000814,     
  285,20000815,     
  285,20000816,     
  285,20000817,     
  285,20000818,     
  285,20000819,     
  285,20000820,     
  285,20000821,     
  285,20000822,     
  285,20000823,     
  285,20000824,     
  285,20000825,     
  285,20000826,     
  285,20000827,     
  285,20000828,     
  285,20000829,     
  285,20000830,     
  285,20000831,     
  285,20000901,     
  285,20000902,     
  285,20000903,     
  285,20000904,     
  285,20000905,     
  285,20000906,     
  285,20000907,     
  285,20000908,     
  285,20000909,     
  285,20000910,     
  285,20000911,     
  285,20000912,     
  285,20000913,     
  285,20000914,     
  285,20000915,     
  285,20000916,     
  285,20000917,     
  285,20000918,     
  285,20000919,     
  285,20000920,     
  285,20000921,     
  285,20000922,     
  285,20000923,     
  285,20000924,     
  285,20000925,     
  285,20000926,     
  285,20000927,     
  285,20000928,     
  285,20000929,     
  285,20000930,     
  285,20001001,     
  285,20001002,     
  285,20001003,     
  285,20001004,     
  285,20001005,     
  285,20001006,     
  285,20001007,     
  285,20001008,     
  285,20001009,     
  285,20001010,     
  285,20001011,     
  285,20001012,     
  285,20001013,     
  285,20001014,     
  285,20001015,     
  285,20001016,     
  285,20001017,     
  285,20001018,     
  285,20001019,     
  285,20001020,     
  285,20001021,     
  285,20001022,     
  285,20001023,     
  285,20001024,     
  285,20001025,     
  285,20001026,     
  285,20001027,     
  285,20001028,     
  285,20001029,     
  285,20001030,     
  285,20001031,     
  285,20001101,     
  285,20001102,     
  285,20001103,     
  285,20001104,     
  285,20001105,     
  285,20001106,     
  285,20001107,     
  285,20001108,     
  285,20001109,     
  285,20001110,     
  285,20001111,     
  285,20001112,     
  285,20001113,     
  285,20001114,     
  285,20001115,     
  285,20001116,     
  285,20001117,     
  285,20001118,     
  285,20001119,     
  285,20001120,     
  285,20001121,     
  285,20001122,     
  285,20001123,     
  285,20001124,     
  285,20001125,     
  285,20001126,     
  285,20001127,     
  285,20001128,     
  285,20001129,     
  285,20001130,     
  285,20001201,     
  285,20001202,     
  285,20001203,     
  285,20001204,     
  285,20001205,     
  285,20001206,     
  285,20001207,     
  285,20001208,     
  285,20001209,     
  285,20001210,     
  285,20001211,     
  285,20001212,     
  285,20001213,     
  285,20001214,     
  285,20001215,     
  285,20001216,     
  285,20001217,     
  285,20001218,     
  285,20001219,     
  285,20001220,     
  285,20001221,     
  285,20001222,     
  285,20001223,     
  285,20001224,     
  285,20001225,     
  285,20001226,     
  285,20001227,     
  285,20001228,     
  285,20001229,     
  285,20001230,     
  285,20001231,     
  285,20010101,     
  285,20010102,     
  285,20010103,     
  285,20010104,     
  285,20010105,     
  285,20010106,     
  285,20010107,     
  285,20010108,     
  285,20010109,     
  285,20010110,     
  285,20010111,     
  285,20010112,     
  285,20010113,     
  285,20010114,     
  285,20010115,     
  285,20010116,     
  285,20010117,     
  285,20010118,     
  285,20010119,     
  285,20010120,     
  285,20010121,     
  285,20010122,     
  285,20010123,     
  285,20010124,     
  285,20010125,     
  285,20010126,     
  285,20010127,     
  285,20010128,     
  285,20010129,     
  285,20010130,     
  285,20010131,     
  285,20010201,     
  285,20010202,     
  285,20010203,     
  285,20010204,     
  285,20010205,     
  285,20010206,     
  285,20010207,     
  285,20010208,     
  285,20010209,     
  285,20010210,     
  285,20010211,     
  285,20010212,     
  285,20010213,     
  285,20010214,     
  285,20010215,     
  285,20010216,     
  285,20010217,     
  285,20010218,     
  285,20010219,     
  285,20010220,     
  285,20010221,     
  285,20010222,     
  285,20010223,     
  285,20010224,     
  285,20010225,     
  285,20010226,     
  285,20010227,     
  285,20010228,     
  285,20010301,     
  285,20010302,     
  285,20010303,     
  285,20010304,     
  285,20010305,     
  285,20010306,     
  285,20010307,     
  285,20010308,     
  285,20010309,     
  285,20010310,     
  285,20010311,     
  285,20010312,     
  285,20010313,     
  285,20010314,     
  285,20010315,     
  285,20010316,     
  285,20010317,     
  285,20010318,     
  285,20010319,     
  285,20010320,     
  285,20010321,     
  285,20010322,     
  285,20010323,     
  285,20010324,     
  285,20010325,     
  285,20010326,     
  285,20010327,     
  285,20010328,     
  285,20010329,     
  285,20010330,     
  285,20010331,     
  285,20010401,     
  285,20010402,     
  285,20010403,     
  285,20010404,     
  285,20010405,     
  285,20010406,     
  285,20010407,     
  285,20010408,     
  285,20010409,     
  285,20010410,     
  285,20010411,     
  285,20010412,     
  285,20010413,     
  285,20010414,     
  285,20010415,     
  285,20010416,     
  285,20010417,     
  285,20010418,     
  285,20010419,     
  285,20010420,     
  285,20010421,     
  285,20010422,     
  285,20010423,     
  285,20010424,     
  285,20010425,     
  285,20010426,     
  285,20010427,     
  285,20010428,     
  285,20010429,     
  285,20010430,     
  285,20010501,     
  285,20010502,     
  285,20010503,     
  285,20010504,     
  285,20010505,     
  285,20010506,     
  285,20010507,     
  285,20010508,     
  285,20010509,     
  285,20010510,     
  285,20010511,     
  285,20010512,     
  285,20010513,     
  285,20010514,     
  285,20010515,     
  285,20010516,     
  285,20010517,     
  285,20010518,     
  285,20010519,     
  285,20010520,     
  285,20010521,     
  285,20010522,     
  285,20010523,     
  285,20010524,     
  285,20010525,     
  285,20010526,     
  285,20010527,     
  285,20010528,     
  285,20010529,     
  285,20010530,     
  285,20010531,     
  285,20010601,     
  285,20010602,     
  285,20010603,     
  285,20010604,     
  285,20010605,     
  285,20010606,     
  285,20010607,     
  285,20010608,     
  285,20010609,     
  285,20010610,     
  285,20010611,     
  285,20010612,     
  285,20010613,     
  285,20010614,     
  285,20010615,     
  285,20010616,     
  285,20010617,     
  285,20010618,     
  285,20010619,     
  285,20010620,     
  285,20010621,     
  285,20010622,     
  285,20010623,     
  285,20010624,     
  285,20010625,     
  285,20010626,     
  285,20010627,     
  285,20010628,     
  285,20010629,     
  285,20010630,     
  285,20010701,     
  285,20010702,     
  285,20010703,     
  285,20010704,     
  285,20010705,     
  285,20010706,     
  285,20010707,     
  285,20010708,     
  285,20010709,     
  285,20010710,     
  285,20010711,     
  285,20010712,     
  285,20010713,     
  285,20010714,     
  285,20010715,     
  285,20010716,     
  285,20010717,     
  285,20010718,     
  285,20010719,     
  285,20010720,     
  285,20010721,     
  285,20010722,     
  285,20010723,     
  285,20010724,     
  285,20010725,     
  285,20010726,     
  286,19960726,    0
  286,19960727,   32
  286,19960728,    0
  286,19960729,   -1
  286,19960730,   -1
  286,19960731,    9
  286,19960801,    0
  286,19960802,   -1
  286,19960803,    0
  286,19960804,    0
  286,19960805,    0
  286,19960806,    1
  286,19960807,   13
  286,19960808,    0
  286,19960809,    0
  286,19960810,  202
  286,19960811,  143
  286,19960812,   32
  286,19960813,    1
  286,19960814,    0
  286,19960815,    3
  286,19960816,    0
  286,19960817,    0
  286,19960818,    0
  286,19960819,    0
  286,19960820,    0
  286,19960821,   14
  286,19960822,   -1
  286,19960823,   25
  286,19960824,    3
  286,19960825,    8
  286,19960826,   -1
  286,19960827,   -1
  286,19960828,  324
  286,19960829,   37
  286,19960830,   38
  286,19960831,   12
  286,19960901,    3
  286,19960902,    0
  286,19960903,    0
  286,19960904,   -1
  286,19960905,    0
  286,19960906,   13
  286,19960907,    0
  286,19960908,    4
  286,19960909,    4
  286,19960910,    8
  286,19960911,    8
  286,19960912,  132
  286,19960913,  126
  286,19960914,    2
  286,19960915,   -1
  286,19960916,    0
  286,19960917,    0
  286,19960918,    0
  286,19960919,    0
  286,19960920,    0
  286,19960921,    0
  286,19960922,    6
  286,19960923,   -1
  286,19960924,    0
  286,19960925,    0
  286,19960926,   -1
  286,19960927,   57
  286,19960928,   -1
  286,19960929,  125
  286,19960930,   57
  286,19961001,   71
  286,19961002,   12
  286,19961003,    0
  286,19961004,    7
  286,19961005,    0
  286,19961006,    0
  286,19961007,    0
  286,19961008,    0
  286,19961009,   18
  286,19961010,   -1
  286,19961011,    0
  286,19961012,    0
  286,19961013,    0
  286,19961014,    0
  286,19961015,   -1
  286,19961016,    0
  286,19961017,    0
  286,19961018,   11
  286,19961019,   11
  286,19961020,  106
  286,19961021,   49
  286,19961022,    0
  286,19961023,    0
  286,19961024,    0
  286,19961025,    0
  286,19961026,   -1
  286,19961027,   56
  286,19961028,   35
  286,19961029,   53
  286,19961030,    8
  286,19961031,   21
  286,19961101,    6
  286,19961102,   42
  286,19961103,   21
  286,19961104,   38
  286,19961105,   49
  286,19961106,   96
  286,19961107,    7
  286,19961108,   11
  286,19961109,    2
  286,19961110,   79
  286,19961111,   46
  286,19961112,   10
  286,19961113,   43
  286,19961114,   -1
  286,19961115,    0
  286,19961116,    0
  286,19961117,    0
  286,19961118,   30
  286,19961119,   15
  286,19961120,   51
  286,19961121,   89
  286,19961122,   42
  286,19961123,   30
  286,19961124,    0
  286,19961125,  117
  286,19961126,   12
  286,19961127,   -1
  286,19961128,   -1
  286,19961129,   75
  286,19961130,   22
  286,19961201,   35
  286,19961202,   64
  286,19961203,   58
  286,19961204,    5
  286,19961205,    3
  286,19961206,   -1
  286,19961207,    2
  286,19961208,    0
  286,19961209,    0
  286,19961210,    0
  286,19961211,    0
  286,19961212,    2
  286,19961213,   17
  286,19961214,   -1
  286,19961215,   15
  286,19961216,   18
  286,19961217,    0
  286,19961218,   40
  286,19961219,   67
  286,19961220,    3
  286,19961221,    0
  286,19961222,    0
  286,19961223,    0
  286,19961224,    0
  286,19961225,   -1
  286,19961226,    0
  286,19961227,    0
  286,19961228,    0
  286,19961229,   -1
  286,19961230,   39
  286,19961231,    0
  286,19970101,    0
  286,19970102,    0
  286,19970103,    0
  286,19970104,    0
  286,19970105,    0
  286,19970106,    0
  286,19970107,    0
  286,19970108,    0
  286,19970109,    0
  286,19970110,    0
  286,19970111,    0
  286,19970112,   -1
  286,19970113,   -1
  286,19970114,    0
  286,19970115,    0
  286,19970116,    0
  286,19970117,    0
  286,19970118,   -1
  286,19970119,    9
  286,19970120,    6
  286,19970121,    0
  286,19970122,    0
  286,19970123,   -1
  286,19970124,    3
  286,19970125,    0
  286,19970126,    0
  286,19970127,    1
  286,19970128,   -1
  286,19970129,   -1
  286,19970130,   -1
  286,19970131,    1
  286,19970201,    0
  286,19970202,   -1
  286,19970203,   -1
  286,19970204,   38
  286,19970205,    0
  286,19970206,    0
  286,19970207,   25
  286,19970208,    0
  286,19970209,   20
  286,19970210,   40
  286,19970211,   -1
  286,19970212,  175
  286,19970213,   57
  286,19970214,   -1
  286,19970215,   -1
  286,19970216,    0
  286,19970217,    5
  286,19970218,  114
  286,19970219,   31
  286,19970220,    7
  286,19970221,   11
  286,19970222,    0
  286,19970223,    0
  286,19970224,  102
  286,19970225,   99
  286,19970226,   75
  286,19970227,    1
  286,19970228,   18
  286,19970301,   -1
  286,19970302,    6
  286,19970303,    0
  286,19970304,    0
  286,19970305,    0
  286,19970306,    9
  286,19970307,    0
  286,19970308,    0
  286,19970309,    0
  286,19970310,    0
  286,19970311,    0
  286,19970312,    0
  286,19970313,   -1
  286,19970314,   18
  286,19970315,    8
  286,19970316,   55
  286,19970317,    0
  286,19970318,   53
  286,19970319,   11
  286,19970320,   36
  286,19970321,    6
  286,19970322,    3
  286,19970323,   52
  286,19970324,    0
  286,19970325,    1
  286,19970326,   14
  286,19970327,    1
  286,19970328,   51
  286,19970329,    1
  286,19970330,   -1
  286,19970331,    0
  286,19970401,    0
  286,19970402,    0
  286,19970403,    9
  286,19970404,   30
  286,19970405,   89
  286,19970406,   -1
  286,19970407,    0
  286,19970408,    0
  286,19970409,    0
  286,19970410,    0
  286,19970411,    3
  286,19970412,    2
  286,19970413,   11
  286,19970414,    2
  286,19970415,    1
  286,19970416,    0
  286,19970417,    0
  286,19970418,    1
  286,19970419,    9
  286,19970420,    0
  286,19970421,    7
  286,19970422,   11
  286,19970423,    0
  286,19970424,   -1
  286,19970425,    1
  286,19970426,    0
  286,19970427,   -1
  286,19970428,   71
  286,19970429,  116
  286,19970430,    0
  286,19970501,    0
  286,19970502,    0
  286,19970503,    0
  286,19970504,   48
  286,19970505,   62
  286,19970506,  117
  286,19970507,    6
  286,19970508,    1
  286,19970509,   84
  286,19970510,    1
  286,19970511,    7
  286,19970512,   -1
  286,19970513,    0
  286,19970514,   28
  286,19970515,   -1
  286,19970516,   -1
  286,19970517,   -1
  286,19970518,   99
  286,19970519,   57
  286,19970520,   69
  286,19970521,   13
  286,19970522,   82
  286,19970523,   -1
  286,19970524,   -1
  286,19970525,   -1
  286,19970526,   -1
  286,19970527,    4
  286,19970528,   -1
  286,19970529,   -1
  286,19970530,    0
  286,19970531,    0
  286,19970601,    0
  286,19970602,    0
  286,19970603,   -1
  286,19970604,    0
  286,19970605,    0
  286,19970606,    0
  286,19970607,   31
  286,19970608,   47
  286,19970609,    0
  286,19970610,    0
  286,19970611,   33
  286,19970612,    5
  286,19970613,  103
  286,19970614,   17
  286,19970615,   22
  286,19970616,    0
  286,19970617,    0
  286,19970618,    0
  286,19970619,    0
  286,19970620,   37
  286,19970621,   42
  286,19970622,   11
  286,19970623,   72
  286,19970624,   41
  286,19970625,    0
  286,19970626,    5
  286,19970627,    4
  286,19970628,    4
  286,19970629,   99
  286,19970630,   25
  286,19970701,   20
  286,19970702,    4
  286,19970703,    0
  286,19970704,   -1
  286,19970705,   -1
  286,19970706,    0
  286,19970707,    0
  286,19970708,    0
  286,19970709,    0
  286,19970710,    0
  286,19970711,    0
  286,19970712,    0
  286,19970713,   24
  286,19970714,   20
  286,19970715,    0
  286,19970716,  143
  286,19970717,   71
  286,19970718,    5
  286,19970719,    1
  286,19970720,    0
  286,19970721,   24
  286,19970722,  550
  286,19970723,   -1
  286,19970724,    5
  286,19970725,   78
  286,19970726,   10
  286,19970727,   40
  286,19970728,    7
  286,19970729,   -1
  286,19970730,    4
  286,19970731,   45
  286,19970801,    6
  286,19970802,   18
  286,19970803,    0
  286,19970804,    0
  286,19970805,    0
  286,19970806,    0
  286,19970807,    0
  286,19970808,    0
  286,19970809,    0
  286,19970810,    0
  286,19970811,    0
  286,19970812,    0
  286,19970813,    0
  286,19970814,   -1
  286,19970815,   -1
  286,19970816,    0
  286,19970817,   -1
  286,19970818,    0
  286,19970819,   28
  286,19970820,    0
  286,19970821,    0
  286,19970822,   72
  286,19970823,   -1
  286,19970824,    3
  286,19970825,   29
  286,19970826,   -1
  286,19970827,  124
  286,19970828,  158
  286,19970829,    2
  286,19970830,    1
  286,19970831,    0
  286,19970901,   53
  286,19970902,  141
  286,19970903,    0
  286,19970904,   -1
  286,19970905,    0
  286,19970906,    6
  286,19970907,   35
  286,19970908,    1
  286,19970909,    5
  286,19970910,    7
  286,19970911,    0
  286,19970912,   53
  286,19970913,   25
  286,19970914,    9
  286,19970915,    0
  286,19970916,    0
  286,19970917,   -1
  286,19970918,    0
  286,19970919,    0
  286,19970920,    0
  286,19970921,    0
  286,19970922,    0
  286,19970923,   -1
  286,19970924,    0
  286,19970925,    0
  286,19970926,    0
  286,19970927,    0
  286,19970928,    0
  286,19970929,   15
  286,19970930,    5
  286,19971001,   16
  286,19971002,    7
  286,19971003,    7
  286,19971004,   -1
  286,19971005,   -1
  286,19971006,    0
  286,19971007,  130
  286,19971008,  127
  286,19971009,   32
  286,19971010,   40
  286,19971011,   37
  286,19971012,   26
  286,19971013,  184
  286,19971014,   90
  286,19971015,   12
  286,19971016,    0
  286,19971017,    2
  286,19971018,    0
  286,19971019,    0
  286,19971020,    0
  286,19971021,    0
  286,19971022,    0
  286,19971023,    1
  286,19971024,   11
  286,19971025,   26
  286,19971026,    8
  286,19971027,    0
  286,19971028,    0
  286,19971029,    0
  286,19971030,    0
  286,19971031,    0
  286,19971101,    0
  286,19971102,    5
  286,19971103,   -1
  286,19971104,    0
  286,19971105,    8
  286,19971106,    3
  286,19971107,    9
  286,19971108,   -1
  286,19971109,   15
  286,19971110,    5
  286,19971111,   35
  286,19971112,    0
  286,19971113,    0
  286,19971114,    0
  286,19971115,   10
  286,19971116,    0
  286,19971117,    0
  286,19971118,    0
  286,19971119,    0
  286,19971120,   -1
  286,19971121,   -1
  286,19971122,   -1
  286,19971123,    0
  286,19971124,    0
  286,19971125,    0
  286,19971126,    0
  286,19971127,   17
  286,19971128,   17
  286,19971129,   26
  286,19971130,    5
  286,19971201,    0
  286,19971202,   -1
  286,19971203,    3
  286,19971204,    0
  286,19971205,    3
  286,19971206,   75
  286,19971207,    4
  286,19971208,    1
  286,19971209,   27
  286,19971210,   84
  286,19971211,  103
  286,19971212,   48
  286,19971213,   19
  286,19971214,    6
  286,19971215,   -1
  286,19971216,    0
  286,19971217,   -1
  286,19971218,    2
  286,19971219,   13
  286,19971220,   -1
  286,19971221,   33
  286,19971222,    2
  286,19971223,    0
  286,19971224,   56
  286,19971225,   43
  286,19971226,   31
  286,19971227,   50
  286,19971228,   43
  286,19971229,   26
  286,19971230,    3
  286,19971231,   16
  286,19980101,   -1
  286,19980102,   37
  286,19980103,   95
  286,19980104,   20
  286,19980105,   75
  286,19980106,   10
  286,19980107,   26
  286,19980108,  113
  286,19980109,    8
  286,19980110,    0
  286,19980111,    0
  286,19980112,    0
  286,19980113,   -1
  286,19980114,    2
  286,19980115,    7
  286,19980116,   23
  286,19980117,   19
  286,19980118,   12
  286,19980119,   96
  286,19980120,   25
  286,19980121,    0
  286,19980122,    0
  286,19980123,    1
  286,19980124,    1
  286,19980125,    0
  286,19980126,    0
  286,19980127,    3
  286,19980128,    4
  286,19980129,   -1
  286,19980130,   20
  286,19980131,    0
  286,19980201,    0
  286,19980202,   26
  286,19980203,   19
  286,19980204,    1
  286,19980205,    0
  286,19980206,   -1
  286,19980207,   23
  286,19980208,   -1
  286,19980209,    0
  286,19980210,    0
  286,19980211,   -1
  286,19980212,   -1
  286,19980213,    0
  286,19980214,   -1
  286,19980215,   -1
  286,19980216,   16
  286,19980217,    0
  286,19980218,    0
  286,19980219,   -1
  286,19980220,    0
  286,19980221,   22
  286,19980222,   -1
  286,19980223,    2
  286,19980224,   -1
  286,19980225,    0
  286,19980226,    0
  286,19980227,    9
  286,19980228,   64
  286,19980301,   34
  286,19980302,    6
  286,19980303,  103
  286,19980304,   48
  286,19980305,  113
  286,19980306,   59
  286,19980307,  202
  286,19980308,   16
  286,19980309,    1
  286,19980310,   -1
  286,19980311,    7
  286,19980312,   -1
  286,19980313,    4
  286,19980314,   17
  286,19980315,   14
  286,19980316,    1
  286,19980317,    2
  286,19980318,    3
  286,19980319,    3
  286,19980320,    2
  286,19980321,    0
  286,19980322,   33
  286,19980323,    2
  286,19980324,    0
  286,19980325,    0
  286,19980326,   30
  286,19980327,    4
  286,19980328,    1
  286,19980329,    0
  286,19980330,    0
  286,19980331,    0
  286,19980401,    2
  286,19980402,   54
  286,19980403,  147
  286,19980404,   56
  286,19980405,   35
  286,19980406,   49
  286,19980407,   55
  286,19980408,   85
  286,19980409,   39
  286,19980410,    2
  286,19980411,   51
  286,19980412,   -1
  286,19980413,   32
  286,19980414,   32
  286,19980415,    9
  286,19980416,   66
  286,19980417,    0
  286,19980418,    0
  286,19980419,   -1
  286,19980420,   53
  286,19980421,   -1
  286,19980422,    0
  286,19980423,   26
  286,19980424,   28
  286,19980425,  167
  286,19980426,   11
  286,19980427,   28
  286,19980428,   17
  286,19980429,    1
  286,19980430,    0
  286,19980501,    6
  286,19980502,    0
  286,19980503,    0
  286,19980504,    0
  286,19980505,   10
  286,19980506,  114
  286,19980507,   -1
  286,19980508,    0
  286,19980509,    0
  286,19980510,    0
  286,19980511,    0
  286,19980512,    0
  286,19980513,    0
  286,19980514,    0
  286,19980515,    0
  286,19980516,    0
  286,19980517,    0
  286,19980518,    0
  286,19980519,    0
  286,19980520,    2
  286,19980521,    5
  286,19980522,    7
  286,19980523,    4
  286,19980524,    7
  286,19980525,   64
  286,19980526,   29
  286,19980527,    6
  286,19980528,   -1
  286,19980529,    1
  286,19980530,    2
  286,19980531,   50
  286,19980601,   21
  286,19980602,    2
  286,19980603,   66
  286,19980604,    1
  286,19980605,   74
  286,19980606,  120
  286,19980607,   40
  286,19980608,   -1
  286,19980609,   55
  286,19980610,  114
  286,19980611,   84
  286,19980612,   12
  286,19980613,    0
  286,19980614,   -1
  286,19980615,    2
  286,19980616,   -1
  286,19980617,   -1
  286,19980618,    8
  286,19980619,    1
  286,19980620,    0
  286,19980621,    4
  286,19980622,  122
  286,19980623,   81
  286,19980624,   -1
  286,19980625,  132
  286,19980626,   17
  286,19980627,   15
  286,19980628,   20
  286,19980629,   53
  286,19980630,    9
  286,19980701,   34
  286,19980702,    0
  286,19980703,   -1
  286,19980704,    3
  286,19980705,   10
  286,19980706,    2
  286,19980707,   89
  286,19980708,   94
  286,19980709,   52
  286,19980710,   71
  286,19980711,  206
  286,19980712,   29
  286,19980713,    6
  286,19980714,   25
  286,19980715,   68
  286,19980716,   32
  286,19980717,   37
  286,19980718,    7
  286,19980719,    0
  286,19980720,    4
  286,19980721,   16
  286,19980722,    0
  286,19980723,   33
  286,19980724,    2
  286,19980725,   -1
  286,19980726,    0
  286,19980727,   -1
  286,19980728,    5
  286,19980729,  122
  286,19980730,   77
  286,19980731,   41
  286,19980801,   -1
  286,19980802,    0
  286,19980803,   -1
  286,19980804,   25
  286,19980805,   -1
  286,19980806,    0
  286,19980807,    0
  286,19980808,    0
  286,19980809,    0
  286,19980810,    0
  286,19980811,    0
  286,19980812,    0
  286,19980813,   13
  286,19980814,    0
  286,19980815,    4
  286,19980816,    0
  286,19980817,   -1
  286,19980818,    3
  286,19980819,    0
  286,19980820,    0
  286,19980821,  115
  286,19980822,  160
  286,19980823,  178
  286,19980824,  114
  286,19980825,   34
  286,19980826,   88
  286,19980827,   47
  286,19980828,   15
  286,19980829,    1
  286,19980830,   -1
  286,19980831,    0
  286,19980901,   -1
  286,19980902,    1
  286,19980903,   91
  286,19980904,   34
  286,19980905,   39
  286,19980906,   -1
  286,19980907,    1
  286,19980908,   47
  286,19980909,   48
  286,19980910,   42
  286,19980911,   -1
  286,19980912,  169
  286,19980913,    0
  286,19980914,  130
  286,19980915,   66
  286,19980916,   54
  286,19980917,   33
  286,19980918,   -1
  286,19980919,   13
  286,19980920,    0
  286,19980921,    0
  286,19980922,    0
  286,19980923,    0
  286,19980924,    0
  286,19980925,   -1
  286,19980926,   -1
  286,19980927,   29
  286,19980928,    0
  286,19980929,    0
  286,19980930,   24
  286,19981001,   85
  286,19981002,    0
  286,19981003,   14
  286,19981004,    3
  286,19981005,    4
  286,19981006,   17
  286,19981007,   52
  286,19981008,  133
  286,19981009,    0
  286,19981010,   56
  286,19981011,   29
  286,19981012,   56
  286,19981013,   25
  286,19981014,   75
  286,19981015,    4
  286,19981016,    0
  286,19981017,   50
  286,19981018,   33
  286,19981019,   -1
  286,19981020,   27
  286,19981021,   38
  286,19981022,   -1
  286,19981023,  230
  286,19981024,  123
  286,19981025,  137
  286,19981026,  104
  286,19981027,  124
  286,19981028,  116
  286,19981029,   26
  286,19981030,  125
  286,19981031,   24
  286,19981101,   41
  286,19981102,   17
  286,19981103,   61
  286,19981104,   18
  286,19981105,   79
  286,19981106,   42
  286,19981107,    0
  286,19981108,   25
  286,19981109,  149
  286,19981110,   56
  286,19981111,   -1
  286,19981112,    0
  286,19981113,   34
  286,19981114,    5
  286,19981115,   87
  286,19981116,   22
  286,19981117,    5
  286,19981118,   96
  286,19981119,    0
  286,19981120,    0
  286,19981121,    0
  286,19981122,    0
  286,19981123,    0
  286,19981124,    0
  286,19981125,    0
  286,19981126,   20
  286,19981127,   59
  286,19981128,    1
  286,19981129,    0
  286,19981130,    0
  286,19981201,    0
  286,19981202,    0
  286,19981203,    0
  286,19981204,   56
  286,19981205,   70
  286,19981206,   40
  286,19981207,    0
  286,19981208,    0
  286,19981209,   21
  286,19981210,   -1
  286,19981211,   -1
  286,19981212,   66
  286,19981213,   77
  286,19981214,   14
  286,19981215,  176
  286,19981216,    2
  286,19981217,    0
  286,19981218,    8
  286,19981219,  107
  286,19981220,    4
  286,19981221,   11
  286,19981222,   10
  286,19981223,    5
  286,19981224,   14
  286,19981225,   63
  286,19981226,   99
  286,19981227,   41
  286,19981228,   33
  286,19981229,    0
  286,19981230,    0
  286,19981231,    0
  286,19990101,   -1
  286,19990102,   25
  286,19990103,   19
  286,19990104,   34
  286,19990105,   35
  286,19990106,    1
  286,19990107,   34
  286,19990108,   57
  286,19990109,   -1
  286,19990110,    0
  286,19990111,   -1
  286,19990112,   28
  286,19990113,   19
  286,19990114,   32
  286,19990115,   59
  286,19990116,   37
  286,19990117,    0
  286,19990118,    0
  286,19990119,    3
  286,19990120,    5
  286,19990121,   22
  286,19990122,    0
  286,19990123,    0
  286,19990124,   21
  286,19990125,   45
  286,19990126,   15
  286,19990127,   28
  286,19990128,   10
  286,19990129,    0
  286,19990130,    0
  286,19990131,    4
  286,19990201,    2
  286,19990202,    1
  286,19990203,    2
  286,19990204,   -1
  286,19990205,   60
  286,19990206,   38
  286,19990207,   84
  286,19990208,   34
  286,19990209,   -1
  286,19990210,   13
  286,19990211,   -1
  286,19990212,    0
  286,19990213,   -1
  286,19990214,    6
  286,19990215,    9
  286,19990216,   86
  286,19990217,   49
  286,19990218,    3
  286,19990219,   61
  286,19990220,   -1
  286,19990221,   49
  286,19990222,   38
  286,19990223,   25
  286,19990224,   23
  286,19990225,    9
  286,19990226,   23
  286,19990227,   11
  286,19990228,   23
  286,19990301,  189
  286,19990302,   80
  286,19990303,   29
  286,19990304,   13
  286,19990305,    0
  286,19990306,   21
  286,19990307,    0
  286,19990308,   13
  286,19990309,   12
  286,19990310,    0
  286,19990311,    0
  286,19990312,    0
  286,19990313,   -1
  286,19990314,    0
  286,19990315,    0
  286,19990316,    0
  286,19990317,    8
  286,19990318,  101
  286,19990319,    2
  286,19990320,   22
  286,19990321,   35
  286,19990322,   26
  286,19990323,   25
  286,19990324,   -1
  286,19990325,   -1
  286,19990326,   33
  286,19990327,    9
  286,19990328,    0
  286,19990329,    0
  286,19990330,    7
  286,19990331,   -1
  286,19990401,    0
  286,19990402,    0
  286,19990403,    3
  286,19990404,   88
  286,19990405,   -1
  286,19990406,   20
  286,19990407,   40
  286,19990408,   -1
  286,19990409,    1
  286,19990410,   13
  286,19990411,   18
  286,19990412,   80
  286,19990413,   24
  286,19990414,  154
  286,19990415,    3
  286,19990416,    2
  286,19990417,   -1
  286,19990418,    0
  286,19990419,    0
  286,19990420,    0
  286,19990421,   59
  286,19990422,   12
  286,19990423,    0
  286,19990424,   -1
  286,19990425,    0
  286,19990426,    0
  286,19990427,    0
  286,19990428,    0
  286,19990429,    0
  286,19990430,    0
  286,19990501,    0
  286,19990502,    0
  286,19990503,    0
  286,19990504,    0
  286,19990505,    0
  286,19990506,   13
  286,19990507,   -1
  286,19990508,   16
  286,19990509,    7
  286,19990510,   -1
  286,19990511,   -1
  286,19990512,   18
  286,19990513,   31
  286,19990514,  154
  286,19990515,   -1
  286,19990516,    0
  286,19990517,    0
  286,19990518,    0
  286,19990519,    0
  286,19990520,   -1
  286,19990521,    0
  286,19990522,    7
  286,19990523,   -1
  286,19990524,   -1
  286,19990525,   -1
  286,19990526,    0
  286,19990527,    0
  286,19990528,    4
  286,19990529,   27
  286,19990530,   -1
  286,19990531,    0
  286,19990601,    0
  286,19990602,   24
  286,19990603,   -1
  286,19990604,   27
  286,19990605,   56
  286,19990606,   26
  286,19990607,   36
  286,19990608,   21
  286,19990609,    3
  286,19990610,    2
  286,19990611,   80
  286,19990612,    0
  286,19990613,    0
  286,19990614,    0
  286,19990615,    0
  286,19990616,    0
  286,19990617,    2
  286,19990618,    0
  286,19990619,    0
  286,19990620,   84
  286,19990621,    9
  286,19990622,   19
  286,19990623,    0
  286,19990624,   -1
  286,19990625,    0
  286,19990626,    0
  286,19990627,   13
  286,19990628,   44
  286,19990629,   79
  286,19990630,    8
  286,19990701,   18
  286,19990702,   18
  286,19990703,   21
  286,19990704,   -1
  286,19990705,  324
  286,19990706,    0
  286,19990707,    6
  286,19990708,    0
  286,19990709,    0
  286,19990710,    0
  286,19990711,    0
  286,19990712,    0
  286,19990713,   32
  286,19990714,    3
  286,19990715,   -1
  286,19990716,    0
  286,19990717,    0
  286,19990718,    0
  286,19990719,  175
  286,19990720,   17
  286,19990721,    7
  286,19990722,  119
  286,19990723,    8
  286,19990724,    0
  286,19990725,    0
  286,19990726,    0
  286,19990727,    0
  286,19990728,    0
  286,19990729,    0
  286,19990730,    0
  286,19990731,    0
  286,19990801,    0
  286,19990802,    0
  286,19990803,    0
  286,19990804,    0
  286,19990805,   22
  286,19990806,    0
  286,19990807,   93
  286,19990808,    8
  286,19990809,    2
  286,19990810,   -1
  286,19990811,    0
  286,19990812,    3
  286,19990813,   -1
  286,19990814,   49
  286,19990815,   45
  286,19990816,   47
  286,19990817,    2
  286,19990818,   73
  286,19990819,   35
  286,19990820,   39
  286,19990821,    2
  286,19990822,    0
  286,19990823,    0
  286,19990824,    0
  286,19990825,    0
  286,19990826,   13
  286,19990827,    0
  286,19990828,    0
  286,19990829,    0
  286,19990830,   -1
  286,19990831,   -1
  286,19990901,   -1
  286,19990902,    0
  286,19990903,    0
  286,19990904,    0
  286,19990905,    0
  286,19990906,    0
  286,19990907,    0
  286,19990908,   -1
  286,19990909,    0
  286,19990910,    0
  286,19990911,    0
  286,19990912,    0
  286,19990913,   -1
  286,19990914,    0
  286,19990915,  227
  286,19990916,   37
  286,19990917,  157
  286,19990918,    0
  286,19990919,    0
  286,19990920,   -1
  286,19990921,   -1
  286,19990922,    4
  286,19990923,   50
  286,19990924,    6
  286,19990925,    8
  286,19990926,   26
  286,19990927,   42
  286,19990928,    3
  286,19990929,   62
  286,19990930,  110
  286,19991001,   83
  286,19991002,   22
  286,19991003,   37
  286,19991004,   17
  286,19991005,  101
  286,19991006,   16
  286,19991007,   12
  286,19991008,   11
  286,19991009,   32
  286,19991010,    1
  286,19991011,    9
  286,19991012,   -1
  286,19991013,    0
  286,19991014,   -1
  286,19991015,   -1
  286,19991016,    0
  286,19991017,    0
  286,19991018,    0
  286,19991019,    0
  286,19991020,    0
  286,19991021,   24
  286,19991022,   -1
  286,19991023,    9
  286,19991024,    2
  286,19991025,   38
  286,19991026,    6
  286,19991027,    0
  286,19991028,    6
  286,19991029,    0
  286,19991030,   17
  286,19991031,   10
  286,19991101,    1
  286,19991102,   -1
  286,19991103,   -1
  286,19991104,    0
  286,19991105,   -1
  286,19991106,  106
  286,19991107,   17
  286,19991108,   -1
  286,19991109,   23
  286,19991110,    7
  286,19991111,    0
  286,19991112,    0
  286,19991113,    9
  286,19991114,    6
  286,19991115,    0
  286,19991116,    1
  286,19991117,   53
  286,19991118,   27
  286,19991119,   11
  286,19991120,   -1
  286,19991121,   56
  286,19991122,   61
  286,19991123,   -1
  286,19991124,    0
  286,19991125,   36
  286,19991126,    0
  286,19991127,   19
  286,19991128,    0
  286,19991129,   26
  286,19991130,   -1
  286,19991201,    9
  286,19991202,   34
  286,19991203,  276
  286,19991204,   67
  286,19991205,   10
  286,19991206,  201
  286,19991207,  128
  286,19991208,   22
  286,19991209,    1
  286,19991210,   61
  286,19991211,  141
  286,19991212,  116
  286,19991213,   88
  286,19991214,   41
  286,19991215,    5
  286,19991216,    2
  286,19991217,   33
  286,19991218,    7
  286,19991219,   35
  286,19991220,   44
  286,19991221,    0
  286,19991222,   17
  286,19991223,   49
  286,19991224,   88
  286,19991225,   52
  286,19991226,   67
  286,19991227,   -1
  286,19991228,   32
  286,19991229,    0
  286,19991230,    2
  286,19991231,    0
  286,20000101,   14
  286,20000102,   -1
  286,20000103,  102
  286,20000104,   56
  286,20000105,    0
  286,20000106,   33
  286,20000107,    0
  286,20000108,    9
  286,20000109,    0
  286,20000110,    0
  286,20000111,    0
  286,20000112,    0
  286,20000113,    0
  286,20000114,    2
  286,20000115,   -1
  286,20000116,    9
  286,20000117,    3
  286,20000118,    1
  286,20000119,   -1
  286,20000120,    9
  286,20000121,    2
  286,20000122,   38
  286,20000123,   11
  286,20000124,   -1
  286,20000125,   -1
  286,20000126,   10
  286,20000127,   -1
  286,20000128,   12
  286,20000129,  150
  286,20000130,   36
  286,20000131,   11
  286,20000201,   11
  286,20000202,   15
  286,20000203,   34
  286,20000204,   37
  286,20000205,    0
  286,20000206,   -1
  286,20000207,   55
  286,20000208,   44
  286,20000209,    7
  286,20000210,   76
  286,20000211,    0
  286,20000212,   51
  286,20000213,    1
  286,20000214,   27
  286,20000215,   -1
  286,20000216,   92
  286,20000217,    1
  286,20000218,   20
  286,20000219,   23
  286,20000220,   -1
  286,20000221,    4
  286,20000222,   15
  286,20000223,   -1
  286,20000224,   24
  286,20000225,   33
  286,20000226,    0
  286,20000227,    0
  286,20000228,   41
  286,20000229,   25
  286,20000301,   15
  286,20000302,   99
  286,20000303,  194
  286,20000304,   59
  286,20000305,   16
  286,20000306,   -1
  286,20000307,   86
  286,20000308,   42
  286,20000309,  100
  286,20000310,   25
  286,20000311,    9
  286,20000312,    5
  286,20000313,    3
  286,20000314,   83
  286,20000315,   16
  286,20000316,    2
  286,20000317,    5
  286,20000318,   21
  286,20000319,    0
  286,20000320,    0
  286,20000321,    0
  286,20000322,    0
  286,20000323,    0
  286,20000324,   45
  286,20000325,    8
  286,20000326,   60
  286,20000327,    0
  286,20000328,   -1
  286,20000329,    0
  286,20000330,    0
  286,20000331,   -1
  286,20000401,   -1
  286,20000402,   -1
  286,20000403,   14
  286,20000404,    2
  286,20000405,    1
  286,20000406,   -1
  286,20000407,    0
  286,20000408,    0
  286,20000409,    0
  286,20000410,    0
  286,20000411,    9
  286,20000412,   38
  286,20000413,   32
  286,20000414,    2
  286,20000415,   17
  286,20000416,    7
  286,20000417,   17
  286,20000418,    0
  286,20000419,    9
  286,20000420,   -1
  286,20000421,   -1
  286,20000422,   17
  286,20000423,  141
  286,20000424,    1
  286,20000425,    0
  286,20000426,   -1
  286,20000427,   -1
  286,20000428,    0
  286,20000429,   -1
  286,20000430,   14
  286,20000501,    0
  286,20000502,   -1
  286,20000503,   54
  286,20000504,    0
  286,20000505,    0
  286,20000506,    0
  286,20000507,    1
  286,20000508,   -1
  286,20000509,    1
  286,20000510,    0
  286,20000511,    0
  286,20000512,    0
  286,20000513,    0
  286,20000514,    0
  286,20000515,    0
  286,20000516,    8
  286,20000517,   69
  286,20000518,   71
  286,20000519,   75
  286,20000520,    4
  286,20000521,   29
  286,20000522,   15
  286,20000523,   47
  286,20000524,   55
  286,20000525,   69
  286,20000526,   -1
  286,20000527,   25
  286,20000528,  127
  286,20000529,   78
  286,20000530,   30
  286,20000531,    0
  286,20000601,    4
  286,20000602,    0
  286,20000603,   12
  286,20000604,   12
  286,20000605,  154
  286,20000606,   19
  286,20000607,    1
  286,20000608,    0
  286,20000609,   66
  286,20000610,    1
  286,20000611,    0
  286,20000612,    0
  286,20000613,    8
  286,20000614,   71
  286,20000615,    0
  286,20000616,    0
  286,20000617,    0
  286,20000618,   -1
  286,20000619,    0
  286,20000620,    0
  286,20000621,  303
  286,20000622,    5
  286,20000623,   15
  286,20000624,   40
  286,20000625,    4
  286,20000626,    2
  286,20000627,   -1
  286,20000628,   -1
  286,20000629,   -1
  286,20000630,   -1
  286,20000701,    5
  286,20000702,    0
  286,20000703,  229
  286,20000704,    0
  286,20000705,   88
  286,20000706,   -1
  286,20000707,   -1
  286,20000708,  105
  286,20000709,   74
  286,20000710,   20
  286,20000711,   15
  286,20000712,    9
  286,20000713,   21
  286,20000714,   29
  286,20000715,   26
  286,20000716,   -1
  286,20000717,   -1
  286,20000718,   -1
  286,20000719,    8
  286,20000720,   -1
  286,20000721,    0
  286,20000722,   -1
  286,20000723,    0
  286,20000724,    3
  286,20000725,   23
  286,20000726,   42
  286,20000727,   -1
  286,20000728,  122
  286,20000729,    0
  286,20000730,    0
  286,20000731,   -1
  286,20000801,   80
  286,20000802,   40
  286,20000803,   12
  286,20000804,    8
  286,20000805,    0
  286,20000806,   -1
  286,20000807,    0
  286,20000808,   14
  286,20000809,   -1
  286,20000810,   10
  286,20000811,   -1
  286,20000812,    0
  286,20000813,    0
  286,20000814,   -1
  286,20000815,    8
  286,20000816,    0
  286,20000817,   -1
  286,20000818,   -1
  286,20000819,   -1
  286,20000820,   49
  286,20000821,   54
  286,20000822,   48
  286,20000823,    0
  286,20000824,    0
  286,20000825,    2
  286,20000826,    0
  286,20000827,  203
  286,20000828,   -1
  286,20000829,    2
  286,20000830,    0
  286,20000831,    0
  286,20000901,   65
  286,20000902,  187
  286,20000903,   54
  286,20000904,    1
  286,20000905,    3
  286,20000906,  102
  286,20000907,   14
  286,20000908,  103
  286,20000909,    9
  286,20000910,    0
  286,20000911,    0
  286,20000912,    0
  286,20000913,    4
  286,20000914,    0
  286,20000915,    3
  286,20000916,   95
  286,20000917,   26
  286,20000918,    0
  286,20000919,    0
  286,20000920,    9
  286,20000921,    1
  286,20000922,    0
  286,20000923,    0
  286,20000924,    0
  286,20000925,  125
  286,20000926,  181
  286,20000927,   -1
  286,20000928,    5
  286,20000929,    0
  286,20000930,   -1
  286,20001001,   53
  286,20001002,    0
  286,20001003,    0
  286,20001004,    5
  286,20001005,   -1
  286,20001006,    8
  286,20001007,    0
  286,20001008,   20
  286,20001009,    7
  286,20001010,   43
  286,20001011,   83
  286,20001012,    0
  286,20001013,    0
  286,20001014,   -1
  286,20001015,   -1
  286,20001016,   -1
  286,20001017,   11
  286,20001018,   -1
  286,20001019,   50
  286,20001020,   -1
  286,20001021,    0
  286,20001022,    0
  286,20001023,  131
  286,20001024,   16
  286,20001025,   26
  286,20001026,   11
  286,20001027,   48
  286,20001028,    4
  286,20001029,   28
  286,20001030,  100
  286,20001031,   26
  286,20001101,   -1
  286,20001102,   45
  286,20001103,    0
  286,20001104,    0
  286,20001105,   -1
  286,20001106,   21
  286,20001107,   -1
  286,20001108,    3
  286,20001109,   32
  286,20001110,   86
  286,20001111,   17
  286,20001112,   68
  286,20001113,    0
  286,20001114,   -1
  286,20001115,   10
  286,20001116,   10
  286,20001117,    4
  286,20001118,    2
  286,20001119,   19
  286,20001120,    9
  286,20001121,   -1
  286,20001122,   17
  286,20001123,   21
  286,20001124,    5
  286,20001125,    0
  286,20001126,   25
  286,20001127,    7
  286,20001128,   38
  286,20001129,    0
  286,20001130,   -1
  286,20001201,    7
  286,20001202,    0
  286,20001203,   31
  286,20001204,   -1
  286,20001205,    0
  286,20001206,   85
  286,20001207,    7
  286,20001208,   18
  286,20001209,   -1
  286,20001210,   33
  286,20001211,   90
  286,20001212,  108
  286,20001213,   57
  286,20001214,    3
  286,20001215,   75
  286,20001216,   15
  286,20001217,   -1
  286,20001218,    0
  286,20001219,    0
  286,20001220,    0
  286,20001221,    0
  286,20001222,    0
  286,20001223,    0
  286,20001224,   27
  286,20001225,   -1
  286,20001226,    0
  286,20001227,   23
  286,20001228,   47
  286,20001229,   15
  286,20001230,   28
  286,20001231,    0
  286,20010101,   29
  286,20010102,    5
  286,20010103,   29
  286,20010104,   49
  286,20010105,  127
  286,20010106,    1
  286,20010107,   -1
  286,20010108,   -1
  286,20010109,    1
  286,20010110,    0
  286,20010111,    0
  286,20010112,    0
  286,20010113,    0
  286,20010114,    0
  286,20010115,    0
  286,20010116,    0
  286,20010117,    0
  286,20010118,   -1
  286,20010119,    2
  286,20010120,   30
  286,20010121,   -1
  286,20010122,    4
  286,20010123,   20
  286,20010124,    9
  286,20010125,   12
  286,20010126,   10
  286,20010127,   76
  286,20010128,    7
  286,20010129,   11
  286,20010130,    1
  286,20010131,    0
  286,20010201,   17
  286,20010202,    7
  286,20010203,   29
  286,20010204,  106
  286,20010205,   92
  286,20010206,   47
  286,20010207,    9
  286,20010208,  122
  286,20010209,    0
  286,20010210,   -1
  286,20010211,   14
  286,20010212,   38
  286,20010213,    0
  286,20010214,    0
  286,20010215,    0
  286,20010216,   69
  286,20010217,    0
  286,20010218,    0
  286,20010219,   16
  286,20010220,    0
  286,20010221,   14
  286,20010222,   40
  286,20010223,   11
  286,20010224,    3
  286,20010225,    8
  286,20010226,   14
  286,20010227,    0
  286,20010228,    1
  286,20010301,   -1
  286,20010302,    3
  286,20010303,    0
  286,20010304,    0
  286,20010305,    0
  286,20010306,    0
  286,20010307,    6
  286,20010308,   14
  286,20010309,    1
  286,20010310,    6
  286,20010311,   44
  286,20010312,    4
  286,20010313,   36
  286,20010314,   59
  286,20010315,    7
  286,20010316,    1
  286,20010317,   45
  286,20010318,  113
  286,20010319,   61
  286,20010320,   -1
  286,20010321,    0
  286,20010322,    1
  286,20010323,   27
  286,20010324,    0
  286,20010325,    0
  286,20010326,   -1
  286,20010327,    0
  286,20010328,    4
  286,20010329,   42
  286,20010330,   12
  286,20010331,   -1
  286,20010401,    0
  286,20010402,    0
  286,20010403,   -1
  286,20010404,   81
  286,20010405,   29
  286,20010406,   24
  286,20010407,   12
  286,20010408,   11
  286,20010409,   -1
  286,20010410,   39
  286,20010411,   28
  286,20010412,   16
  286,20010413,   -1
  286,20010414,   56
  286,20010415,   23
  286,20010416,   20
  286,20010417,   15
  286,20010418,   42
  286,20010419,   72
  286,20010420,   -1
  286,20010421,    0
  286,20010422,    0
  286,20010423,    0
  286,20010424,    1
  286,20010425,   31
  286,20010426,  108
  286,20010427,   31
  286,20010428,   10
  286,20010429,    2
  286,20010430,    2
  286,20010501,   37
  286,20010502,    0
  286,20010503,   41
  286,20010504,    2
  286,20010505,    0
  286,20010506,    0
  286,20010507,    0
  286,20010508,    0
  286,20010509,    0
  286,20010510,    0
  286,20010511,    0
  286,20010512,    0
  286,20010513,    0
  286,20010514,    8
  286,20010515,    3
  286,20010516,  180
  286,20010517,   36
  286,20010518,   27
  286,20010519,    0
  286,20010520,    0
  286,20010521,    0
  286,20010522,    0
  286,20010523,    0
  286,20010524,    0
  286,20010525,    0
  286,20010526,    0
  286,20010527,    8
  286,20010528,   27
  286,20010529,   -1
  286,20010530,   -1
  286,20010531,   63
  286,20010601,   22
  286,20010602,  130
  286,20010603,  116
  286,20010604,    2
  286,20010605,    0
  286,20010606,    1
  286,20010607,   14
  286,20010608,   20
  286,20010609,    0
  286,20010610,    1
  286,20010611,    1
  286,20010612,   46
  286,20010613,    0
  286,20010614,    0
  286,20010615,  274
  286,20010616,   75
  286,20010617,  154
  286,20010618,   66
  286,20010619,    0
  286,20010620,   -1
  286,20010621,    2
  286,20010622,   34
  286,20010623,   -1
  286,20010624,    0
  286,20010625,    0
  286,20010626,    0
  286,20010627,   -1
  286,20010628,    3
  286,20010629,    0
  286,20010630,  151
  286,20010701,    0
  286,20010702,    0
  286,20010703,    0
  286,20010704,    0
  286,20010705,    0
  286,20010706,    0
  286,20010707,   -1
  286,20010708,   -1
  286,20010709,   -1
  286,20010710,   57
  286,20010711,  115
  286,20010712,  114
  286,20010713,   29
  286,20010714,   98
  286,20010715,    0
  286,20010716,    0
  286,20010717,    0
  286,20010718,  179
  286,20010719,   18
  286,20010720,   14
  286,20010721,    1
  286,20010722,   -1
  286,20010723,   11
  286,20010724,    0
  286,20010725,    0
  286,20010726,    0
  290,19960726,    0
  290,19960727,   -1
  290,19960728,    0
  290,19960729,   -1
  290,19960730,   -1
  290,19960731,   -1
  290,19960801,    0
  290,19960802,    0
  290,19960803,    0
  290,19960804,    0
  290,19960805,    0
  290,19960806,   76
  290,19960807,   11
  290,19960808,    0
  290,19960809,    0
  290,19960810,  134
  290,19960811,   65
  290,19960812,  195
  290,19960813,    2
  290,19960814,    0
  290,19960815,   -1
  290,19960816,    0
  290,19960817,    0
  290,19960818,    0
  290,19960819,    0
  290,19960820,    0
  290,19960821,    3
  290,19960822,   -1
  290,19960823,   14
  290,19960824,    7
  290,19960825,   -1
  290,19960826,   -1
  290,19960827,   73
  290,19960828,  234
  290,19960829,  228
  290,19960830,   97
  290,19960831,   36
  290,19960901,    5
  290,19960902,    0
  290,19960903,    0
  290,19960904,   -1
  290,19960905,    0
  290,19960906,   -1
  290,19960907,    0
  290,19960908,   -1
  290,19960909,    0
  290,19960910,    9
  290,19960911,   15
  290,19960912,  124
  290,19960913,  115
  290,19960914,    5
  290,19960915,    0
  290,19960916,    0
  290,19960917,    0
  290,19960918,    0
  290,19960919,    0
  290,19960920,    0
  290,19960921,   -1
  290,19960922,   25
  290,19960923,    3
  290,19960924,    0
  290,19960925,    0
  290,19960926,    0
  290,19960927,   98
  290,19960928,    5
  290,19960929,  100
  290,19960930,  137
  290,19961001,   99
  290,19961002,    2
  290,19961003,    0
  290,19961004,   36
  290,19961005,    7
  290,19961006,    0
  290,19961007,    0
  290,19961008,    0
  290,19961009,    7
  290,19961010,   -1
  290,19961011,    0
  290,19961012,    0
  290,19961013,    0
  290,19961014,    0
  290,19961015,   -1
  290,19961016,    0
  290,19961017,    0
  290,19961018,    7
  290,19961019,    8
  290,19961020,   92
  290,19961021,   60
  290,19961022,    0
  290,19961023,    0
  290,19961024,    0
  290,19961025,   -1
  290,19961026,   -1
  290,19961027,  138
  290,19961028,   29
  290,19961029,   65
  290,19961030,    8
  290,19961031,   79
  290,19961101,   15
  290,19961102,   42
  290,19961103,   16
  290,19961104,   46
  290,19961105,   33
  290,19961106,   45
  290,19961107,  169
  290,19961108,   -1
  290,19961109,    2
  290,19961110,   37
  290,19961111,   68
  290,19961112,    5
  290,19961113,    9
  290,19961114,    0
  290,19961115,    0
  290,19961116,    0
  290,19961117,    0
  290,19961118,   39
  290,19961119,   37
  290,19961120,   28
  290,19961121,   31
  290,19961122,   -1
  290,19961123,    9
  290,19961124,   -1
  290,19961125,  118
  290,19961126,   -1
  290,19961127,    3
  290,19961128,   -1
  290,19961129,  123
  290,19961130,  109
  290,19961201,   15
  290,19961202,   18
  290,19961203,   87
  290,19961204,   24
  290,19961205,   31
  290,19961206,    8
  290,19961207,   -1
  290,19961208,    0
  290,19961209,    0
  290,19961210,    0
  290,19961211,   -1
  290,19961212,   -1
  290,19961213,   -1
  290,19961214,    0
  290,19961215,    2
  290,19961216,    0
  290,19961217,    0
  290,19961218,   -1
  290,19961219,  273
  290,19961220,    6
  290,19961221,    0
  290,19961222,    0
  290,19961223,    0
  290,19961224,    0
  290,19961225,   -1
  290,19961226,    0
  290,19961227,    0
  290,19961228,    0
  290,19961229,   14
  290,19961230,    6
  290,19961231,    0
  290,19970101,    0
  290,19970102,    0
  290,19970103,    0
  290,19970104,    0
  290,19970105,    0
  290,19970106,   -1
  290,19970107,   -1
  290,19970108,   -1
  290,19970109,    0
  290,19970110,   -1
  290,19970111,    0
  290,19970112,   -1
  290,19970113,   -1
  290,19970114,    0
  290,19970115,    0
  290,19970116,    0
  290,19970117,    0
  290,19970118,   -1
  290,19970119,    3
  290,19970120,    2
  290,19970121,    0
  290,19970122,   -1
  290,19970123,   -1
  290,19970124,   11
  290,19970125,    0
  290,19970126,    0
  290,19970127,    0
  290,19970128,   -1
  290,19970129,   -1
  290,19970130,   -1
  290,19970131,    5
  290,19970201,    0
  290,19970202,   -1
  290,19970203,    1
  290,19970204,   26
  290,19970205,   49
  290,19970206,    0
  290,19970207,   10
  290,19970208,    0
  290,19970209,   -1
  290,19970210,   38
  290,19970211,    5
  290,19970212,  155
  290,19970213,  102
  290,19970214,    0
  290,19970215,   -1
  290,19970216,    0
  290,19970217,    4
  290,19970218,  119
  290,19970219,   26
  290,19970220,   12
  290,19970221,   98
  290,19970222,    0
  290,19970223,    0
  290,19970224,  115
  290,19970225,  100
  290,19970226,   92
  290,19970227,    0
  290,19970228,    5
  290,19970301,    4
  290,19970302,   24
  290,19970303,    0
  290,19970304,    0
  290,19970305,    0
  290,19970306,    6
  290,19970307,    0
  290,19970308,    0
  290,19970309,    0
  290,19970310,    0
  290,19970311,    0
  290,19970312,    0
  290,19970313,    0
  290,19970314,   -1
  290,19970315,   19
  290,19970316,   67
  290,19970317,    1
  290,19970318,   44
  290,19970319,   34
  290,19970320,    2
  290,19970321,    7
  290,19970322,    0
  290,19970323,   21
  290,19970324,    0
  290,19970325,   11
  290,19970326,   17
  290,19970327,   -1
  290,19970328,   30
  290,19970329,   19
  290,19970330,    4
  290,19970331,    0
  290,19970401,    0
  290,19970402,    0
  290,19970403,   -1
  290,19970404,   24
  290,19970405,  109
  290,19970406,    0
  290,19970407,    0
  290,19970408,    0
  290,19970409,    0
  290,19970410,    0
  290,19970411,    4
  290,19970412,   -1
  290,19970413,    0
  290,19970414,    6
  290,19970415,   -1
  290,19970416,    0
  290,19970417,    0
  290,19970418,   -1
  290,19970419,   -1
  290,19970420,    0
  290,19970421,   -1
  290,19970422,   -1
  290,19970423,    0
  290,19970424,    0
  290,19970425,   21
  290,19970426,    3
  290,19970427,    3
  290,19970428,   83
  290,19970429,   95
  290,19970430,    0
  290,19970501,    0
  290,19970502,    0
  290,19970503,    0
  290,19970504,   19
  290,19970505,  150
  290,19970506,  135
  290,19970507,    9
  290,19970508,   10
  290,19970509,   40
  290,19970510,   19
  290,19970511,   20
  290,19970512,   -1
  290,19970513,   -1
  290,19970514,   20
  290,19970515,   -1
  290,19970516,    0
  290,19970517,    0
  290,19970518,   11
  290,19970519,   12
  290,19970520,  133
  290,19970521,   11
  290,19970522,    2
  290,19970523,    0
  290,19970524,    0
  290,19970525,    0
  290,19970526,   -1
  290,19970527,    1
  290,19970528,    0
  290,19970529,    0
  290,19970530,    0
  290,19970531,   -1
  290,19970601,    7
  290,19970602,    0
  290,19970603,    0
  290,19970604,    0
  290,19970605,    0
  290,19970606,    0
  290,19970607,  241
  290,19970608,  153
  290,19970609,    0
  290,19970610,    0
  290,19970611,  115
  290,19970612,    0
  290,19970613,   22
  290,19970614,  102
  290,19970615,   -1
  290,19970616,    0
  290,19970617,    0
  290,19970618,    0
  290,19970619,    0
  290,19970620,   29
  290,19970621,  170
  290,19970622,   10
  290,19970623,   71
  290,19970624,   22
  290,19970625,    3
  290,19970626,   85
  290,19970627,   82
  290,19970628,   10
  290,19970629,  140
  290,19970630,  124
  290,19970701,   36
  290,19970702,   15
  290,19970703,    0
  290,19970704,    0
  290,19970705,   40
  290,19970706,    1
  290,19970707,   -1
  290,19970708,   -1
  290,19970709,   -1
  290,19970710,    0
  290,19970711,    0
  290,19970712,    0
  290,19970713,  293
  290,19970714,    5
  290,19970715,   23
  290,19970716,   18
  290,19970717,  109
  290,19970718,   11
  290,19970719,    2
  290,19970720,   15
  290,19970721,  241
  290,19970722,   17
  290,19970723,    0
  290,19970724,   -1
  290,19970725,   24
  290,19970726,    4
  290,19970727,   10
  290,19970728,  299
  290,19970729,    0
  290,19970730,    1
  290,19970731,   37
  290,19970801,    5
  290,19970802,   26
  290,19970803,    2
  290,19970804,   -1
  290,19970805,    0
  290,19970806,    0
  290,19970807,    0
  290,19970808,    0
  290,19970809,    0
  290,19970810,    0
  290,19970811,    0
  290,19970812,    0
  290,19970813,    0
  290,19970814,    0
  290,19970815,   -1
  290,19970816,    0
  290,19970817,   84
  290,19970818,    0
  290,19970819,    2
  290,19970820,    0
  290,19970821,    0
  290,19970822,   40
  290,19970823,    3
  290,19970824,    0
  290,19970825,   83
  290,19970826,   38
  290,19970827,   81
  290,19970828,  121
  290,19970829,   -1
  290,19970830,    4
  290,19970831,    0
  290,19970901,   78
  290,19970902,  168
  290,19970903,    0
  290,19970904,   -1
  290,19970905,   -1
  290,19970906,    8
  290,19970907,   35
  290,19970908,   -1
  290,19970909,    2
  290,19970910,    0
  290,19970911,    0
  290,19970912,    2
  290,19970913,   14
  290,19970914,    3
  290,19970915,    0
  290,19970916,    0
  290,19970917,    0
  290,19970918,    0
  290,19970919,   -1
  290,19970920,    0
  290,19970921,    0
  290,19970922,    0
  290,19970923,   -1
  290,19970924,    0
  290,19970925,    0
  290,19970926,    0
  290,19970927,    0
  290,19970928,    0
  290,19970929,   -1
  290,19970930,   24
  290,19971001,   29
  290,19971002,    2
  290,19971003,    0
  290,19971004,    0
  290,19971005,    0
  290,19971006,    0
  290,19971007,   64
  290,19971008,   75
  290,19971009,   54
  290,19971010,  256
  290,19971011,   31
  290,19971012,   10
  290,19971013,   48
  290,19971014,   11
  290,19971015,    8
  290,19971016,   -1
  290,19971017,    8
  290,19971018,    0
  290,19971019,    0
  290,19971020,   -1
  290,19971021,    0
  290,19971022,    0
  290,19971023,   -1
  290,19971024,   15
  290,19971025,    8
  290,19971026,   -1
  290,19971027,    0
  290,19971028,    0
  290,19971029,    0
  290,19971030,    0
  290,19971031,    0
  290,19971101,    0
  290,19971102,   -1
  290,19971103,    0
  290,19971104,   -1
  290,19971105,    5
  290,19971106,   40
  290,19971107,   12
  290,19971108,    3
  290,19971109,   20
  290,19971110,    7
  290,19971111,   13
  290,19971112,    0
  290,19971113,    0
  290,19971114,    0
  290,19971115,   45
  290,19971116,    0
  290,19971117,    0
  290,19971118,    0
  290,19971119,    0
  290,19971120,    5
  290,19971121,   -1
  290,19971122,    0
  290,19971123,    0
  290,19971124,   -1
  290,19971125,    0
  290,19971126,    0
  290,19971127,    6
  290,19971128,   36
  290,19971129,   16
  290,19971130,    3
  290,19971201,    0
  290,19971202,    0
  290,19971203,   -1
  290,19971204,    0
  290,19971205,    5
  290,19971206,   81
  290,19971207,    4
  290,19971208,   -1
  290,19971209,   42
  290,19971210,  107
  290,19971211,   25
  290,19971212,   62
  290,19971213,   12
  290,19971214,    3
  290,19971215,    0
  290,19971216,    0
  290,19971217,    0
  290,19971218,   -1
  290,19971219,    4
  290,19971220,    1
  290,19971221,  131
  290,19971222,   -1
  290,19971223,    2
  290,19971224,   84
  290,19971225,   20
  290,19971226,   30
  290,19971227,    2
  290,19971228,   55
  290,19971229,   27
  290,19971230,    0
  290,19971231,   22
  290,19980101,    0
  290,19980102,   90
  290,19980103,  152
  290,19980104,   33
  290,19980105,  107
  290,19980106,   12
  290,19980107,   99
  290,19980108,   41
  290,19980109,    0
  290,19980110,    0
  290,19980111,    0
  290,19980112,    0
  290,19980113,    0
  290,19980114,   29
  290,19980115,   13
  290,19980116,    6
  290,19980117,   -1
  290,19980118,   26
  290,19980119,   78
  290,19980120,   24
  290,19980121,   -1
  290,19980122,   -1
  290,19980123,   -1
  290,19980124,    4
  290,19980125,   -1
  290,19980126,    0
  290,19980127,    0
  290,19980128,    9
  290,19980129,    0
  290,19980130,    8
  290,19980131,    0
  290,19980201,    0
  290,19980202,    9
  290,19980203,   -1
  290,19980204,    0
  290,19980205,    0
  290,19980206,    0
  290,19980207,   27
  290,19980208,    0
  290,19980209,    0
  290,19980210,    0
  290,19980211,    0
  290,19980212,    0
  290,19980213,    0
  290,19980214,    0
  290,19980215,   -1
  290,19980216,   28
  290,19980217,   -1
  290,19980218,    0
  290,19980219,   -1
  290,19980220,    0
  290,19980221,    6
  290,19980222,   -1
  290,19980223,   -1
  290,19980224,   -1
  290,19980225,   -1
  290,19980226,   -1
  290,19980227,   -1
  290,19980228,   74
  290,19980301,   27
  290,19980302,   13
  290,19980303,  139
  290,19980304,   81
  290,19980305,   61
  290,19980306,  164
  290,19980307,  159
  290,19980308,    8
  290,19980309,    5
  290,19980310,    0
  290,19980311,   -1
  290,19980312,    8
  290,19980313,    1
  290,19980314,    8
  290,19980315,   13
  290,19980316,   -1
  290,19980317,   -1
  290,19980318,   -1
  290,19980319,   -1
  290,19980320,   -1
  290,19980321,    0
  290,19980322,   12
  290,19980323,   -1
  290,19980324,    0
  290,19980325,    0
  290,19980326,   32
  290,19980327,    2
  290,19980328,    1
  290,19980329,    0
  290,19980330,    0
  290,19980331,    0
  290,19980401,   29
  290,19980402,   30
  290,19980403,   48
  290,19980404,   28
  290,19980405,   23
  290,19980406,   15
  290,19980407,  129
  290,19980408,   92
  290,19980409,   37
  290,19980410,   41
  290,19980411,    9
  290,19980412,   -1
  290,19980413,   21
  290,19980414,    9
  290,19980415,   42
  290,19980416,   47
  290,19980417,    0
  290,19980418,   12
  290,19980419,    0
  290,19980420,   49
  290,19980421,   20
  290,19980422,    0
  290,19980423,   23
  290,19980424,   23
  290,19980425,   38
  290,19980426,   54
  290,19980427,   37
  290,19980428,   15
  290,19980429,    0
  290,19980430,   -1
  290,19980501,   -1
  290,19980502,   -1
  290,19980503,    0
  290,19980504,    0
  290,19980505,   11
  290,19980506,   50
  290,19980507,    3
  290,19980508,    0
  290,19980509,    0
  290,19980510,    0
  290,19980511,    0
  290,19980512,    0
  290,19980513,    0
  290,19980514,    0
  290,19980515,    0
  290,19980516,    0
  290,19980517,    0
  290,19980518,    0
  290,19980519,    0
  290,19980520,   -1
  290,19980521,   -1
  290,19980522,   -1
  290,19980523,    3
  290,19980524,   34
  290,19980525,  139
  290,19980526,   20
  290,19980527,   60
  290,19980528,   -1
  290,19980529,   27
  290,19980530,    5
  290,19980531,    0
  290,19980601,   15
  290,19980602,   78
  290,19980603,   67
  290,19980604,   -1
  290,19980605,   59
  290,19980606,  146
  290,19980607,  120
  290,19980608,   -1
  290,19980609,   64
  290,19980610,   80
  290,19980611,  152
  290,19980612,  100
  290,19980613,    0
  290,19980614,   25
  290,19980615,   58
  290,19980616,   25
  290,19980617,    5
  290,19980618,  103
  290,19980619,    9
  290,19980620,    0
  290,19980621,   11
  290,19980622,    2
  290,19980623,   18
  290,19980624,    3
  290,19980625,  122
  290,19980626,    4
  290,19980627,   34
  290,19980628,  112
  290,19980629,   72
  290,19980630,   62
  290,19980701,    4
  290,19980702,    0
  290,19980703,   -1
  290,19980704,   -1
  290,19980705,   30
  290,19980706,    6
  290,19980707,   38
  290,19980708,    3
  290,19980709,   24
  290,19980710,    2
  290,19980711,   22
  290,19980712,  117
  290,19980713,    4
  290,19980714,   -1
  290,19980715,    5
  290,19980716,    4
  290,19980717,    7
  290,19980718,   -1
  290,19980719,    0
  290,19980720,    0
  290,19980721,   21
  290,19980722,    0
  290,19980723,   -1
  290,19980724,    2
  290,19980725,   -1
  290,19980726,    0
  290,19980727,    5
  290,19980728,   74
  290,19980729,   27
  290,19980730,   60
  290,19980731,  168
  290,19980801,    0
  290,19980802,    0
  290,19980803,    0
  290,19980804,    9
  290,19980805,    0
  290,19980806,    0
  290,19980807,    0
  290,19980808,    0
  290,19980809,    0
  290,19980810,    0
  290,19980811,    0
  290,19980812,    0
  290,19980813,    0
  290,19980814,    0
  290,19980815,    0
  290,19980816,    0
  290,19980817,    0
  290,19980818,   21
  290,19980819,    0
  290,19980820,   -1
  290,19980821,   92
  290,19980822,   41
  290,19980823,   92
  290,19980824,  114
  290,19980825,    0
  290,19980826,  175
  290,19980827,   28
  290,19980828,    8
  290,19980829,   -1
  290,19980830,   33
  290,19980831,    0
  290,19980901,    2
  290,19980902,   32
  290,19980903,   97
  290,19980904,    1
  290,19980905,   17
  290,19980906,    3
  290,19980907,    8
  290,19980908,   35
  290,19980909,   93
  290,19980910,    5
  290,19980911,    0
  290,19980912,  165
  290,19980913,    3
  290,19980914,  327
  290,19980915,   94
  290,19980916,  113
  290,19980917,  188
  290,19980918,    0
  290,19980919,   -1
  290,19980920,    0
  290,19980921,    0
  290,19980922,    0
  290,19980923,    0
  290,19980924,    0
  290,19980925,    0
  290,19980926,   28
  290,19980927,   39
  290,19980928,    0
  290,19980929,    0
  290,19980930,   15
  290,19981001,  159
  290,19981002,   -1
  290,19981003,    3
  290,19981004,   -1
  290,19981005,    4
  290,19981006,   43
  290,19981007,   43
  290,19981008,   90
  290,19981009,   -1
  290,19981010,   82
  290,19981011,   71
  290,19981012,   85
  290,19981013,   12
  290,19981014,   50
  290,19981015,   -1
  290,19981016,   -1
  290,19981017,   22
  290,19981018,   15
  290,19981019,   17
  290,19981020,   37
  290,19981021,   41
  290,19981022,    2
  290,19981023,   83
  290,19981024,  108
  290,19981025,  179
  290,19981026,   80
  290,19981027,  163
  290,19981028,  279
  290,19981029,  121
  290,19981030,   94
  290,19981031,   46
  290,19981101,  142
  290,19981102,   38
  290,19981103,   73
  290,19981104,   13
  290,19981105,   43
  290,19981106,   17
  290,19981107,    0
  290,19981108,  132
  290,19981109,  109
  290,19981110,   41
  290,19981111,    0
  290,19981112,    0
  290,19981113,   31
  290,19981114,   18
  290,19981115,    0
  290,19981116,   -1
  290,19981117,   -1
  290,19981118,    1
  290,19981119,   -1
  290,19981120,    0
  290,19981121,    0
  290,19981122,    0
  290,19981123,    0
  290,19981124,    0
  290,19981125,    5
  290,19981126,   28
  290,19981127,    6
  290,19981128,   -1
  290,19981129,   12
  290,19981130,   -1
  290,19981201,    0
  290,19981202,   -1
  290,19981203,   -1
  290,19981204,   22
  290,19981205,   24
  290,19981206,   12
  290,19981207,    0
  290,19981208,    0
  290,19981209,   39
  290,19981210,   18
  290,19981211,    1
  290,19981212,   48
  290,19981213,   52
  290,19981214,    9
  290,19981215,  146
  290,19981216,   15
  290,19981217,    0
  290,19981218,   11
  290,19981219,   67
  290,19981220,    3
  290,19981221,   -1
  290,19981222,   16
  290,19981223,    2
  290,19981224,   14
  290,19981225,   39
  290,19981226,   43
  290,19981227,   34
  290,19981228,   49
  290,19981229,    0
  290,19981230,    0
  290,19981231,    0
  290,19990101,    0
  290,19990102,   12
  290,19990103,   92
  290,19990104,   56
  290,19990105,   10
  290,19990106,    0
  290,19990107,   31
  290,19990108,   67
  290,19990109,   23
  290,19990110,    0
  290,19990111,   -1
  290,19990112,   19
  290,19990113,   33
  290,19990114,   32
  290,19990115,   19
  290,19990116,  119
  290,19990117,   20
  290,19990118,    0
  290,19990119,    0
  290,19990120,   -1
  290,19990121,    2
  290,19990122,    0
  290,19990123,   -1
  290,19990124,   14
  290,19990125,   21
  290,19990126,   94
  290,19990127,   15
  290,19990128,   75
  290,19990129,    0
  290,19990130,    0
  290,19990131,    2
  290,19990201,    6
  290,19990202,   -1
  290,19990203,    5
  290,19990204,    3
  290,19990205,   56
  290,19990206,    7
  290,19990207,   59
  290,19990208,    9
  290,19990209,   -1
  290,19990210,   12
  290,19990211,    1
  290,19990212,    0
  290,19990213,    0
  290,19990214,    2
  290,19990215,    7
  290,19990216,   64
  290,19990217,   43
  290,19990218,    2
  290,19990219,   88
  290,19990220,    0
  290,19990221,   80
  290,19990222,   76
  290,19990223,   14
  290,19990224,    4
  290,19990225,    2
  290,19990226,   11
  290,19990227,   12
  290,19990228,    3
  290,19990301,  246
  290,19990302,  127
  290,19990303,   12
  290,19990304,    9
  290,19990305,   -1
  290,19990306,   -1
  290,19990307,   -1
  290,19990308,   53
  290,19990309,   20
  290,19990310,   -1
  290,19990311,    0
  290,19990312,    0
  290,19990313,    0
  290,19990314,    0
  290,19990315,    0
  290,19990316,    0
  290,19990317,    1
  290,19990318,   62
  290,19990319,   19
  290,19990320,   17
  290,19990321,   48
  290,19990322,   62
  290,19990323,   46
  290,19990324,    0
  290,19990325,   -1
  290,19990326,   30
  290,19990327,    7
  290,19990328,    0
  290,19990329,    0
  290,19990330,    0
  290,19990331,    0
  290,19990401,    0
  290,19990402,    0
  290,19990403,   57
  290,19990404,   64
  290,19990405,    2
  290,19990406,   24
  290,19990407,   67
  290,19990408,   -1
  290,19990409,   -1
  290,19990410,   19
  290,19990411,   17
  290,19990412,  106
  290,19990413,   91
  290,19990414,   43
  290,19990415,   11
  290,19990416,   -1
  290,19990417,   17
  290,19990418,    0
  290,19990419,    0
  290,19990420,    0
  290,19990421,   48
  290,19990422,   48
  290,19990423,    0
  290,19990424,    3
  290,19990425,    0
  290,19990426,    0
  290,19990427,    6
  290,19990428,    0
  290,19990429,   -1
  290,19990430,    0
  290,19990501,    0
  290,19990502,    0
  290,19990503,    0
  290,19990504,    0
  290,19990505,   32
  290,19990506,  125
  290,19990507,    3
  290,19990508,   25
  290,19990509,    0
  290,19990510,   64
  290,19990511,   28
  290,19990512,   28
  290,19990513,    5
  290,19990514,   35
  290,19990515,    1
  290,19990516,    0
  290,19990517,    0
  290,19990518,    0
  290,19990519,    0
  290,19990520,   61
  290,19990521,   -1
  290,19990522,   26
  290,19990523,    0
  290,19990524,   -1
  290,19990525,    0
  290,19990526,    0
  290,19990527,    0
  290,19990528,    1
  290,19990529,  126
  290,19990530,    8
  290,19990531,  113
  290,19990601,    0
  290,19990602,   83
  290,19990603,   15
  290,19990604,   50
  290,19990605,  172
  290,19990606,    9
  290,19990607,   22
  290,19990608,   22
  290,19990609,   15
  290,19990610,    0
  290,19990611,   16
  290,19990612,    0
  290,19990613,   -1
  290,19990614,    0
  290,19990615,    0
  290,19990616,    0
  290,19990617,    4
  290,19990618,    0
  290,19990619,    0
  290,19990620,   73
  290,19990621,   19
  290,19990622,    1
  290,19990623,    2
  290,19990624,    1
  290,19990625,    0
  290,19990626,    0
  290,19990627,  202
  290,19990628,    2
  290,19990629,   -1
  290,19990630,    6
  290,19990701,   18
  290,19990702,   -1
  290,19990703,    0
  290,19990704,    4
  290,19990705,  215
  290,19990706,   -1
  290,19990707,  194
  290,19990708,    0
  290,19990709,    0
  290,19990710,    0
  290,19990711,    0
  290,19990712,   87
  290,19990713,   13
  290,19990714,   10
  290,19990715,   17
  290,19990716,   -1
  290,19990717,    0
  290,19990718,    0
  290,19990719,   27
  290,19990720,   10
  290,19990721,    9
  290,19990722,  108
  290,19990723,    0
  290,19990724,    0
  290,19990725,    0
  290,19990726,    0
  290,19990727,    0
  290,19990728,    0
  290,19990729,    0
  290,19990730,    0
  290,19990731,    0
  290,19990801,    0
  290,19990802,    0
  290,19990803,    0
  290,19990804,    0
  290,19990805,    8
  290,19990806,    0
  290,19990807,   51
  290,19990808,    0
  290,19990809,   13
  290,19990810,  164
  290,19990811,    0
  290,19990812,    0
  290,19990813,    0
  290,19990814,  141
  290,19990815,   33
  290,19990816,    4
  290,19990817,   10
  290,19990818,  114
  290,19990819,  101
  290,19990820,   79
  290,19990821,    1
  290,19990822,    0
  290,19990823,    0
  290,19990824,    0
  290,19990825,    0
  290,19990826,   -1
  290,19990827,    0
  290,19990828,    0
  290,19990829,    0
  290,19990830,   12
  290,19990831,   -1
  290,19990901,   -1
  290,19990902,    0
  290,19990903,    0
  290,19990904,    0
  290,19990905,    0
  290,19990906,   -1
  290,19990907,    0
  290,19990908,    0
  290,19990909,    0
  290,19990910,    0
  290,19990911,    0
  290,19990912,    0
  290,19990913,    0
  290,19990914,    3
  290,19990915,  322
  290,19990916,   21
  290,19990917,   72
  290,19990918,    0
  290,19990919,    0
  290,19990920,    2
  290,19990921,   -1
  290,19990922,   15
  290,19990923,    5
  290,19990924,   -1
  290,19990925,   -1
  290,19990926,   26
  290,19990927,   14
  290,19990928,    8
  290,19990929,  122
  290,19990930,   85
  290,19991001,   23
  290,19991002,   63
  290,19991003,   26
  290,19991004,   26
  290,19991005,    5
  290,19991006,   15
  290,19991007,   10
  290,19991008,   21
  290,19991009,   13
  290,19991010,   13
  290,19991011,   21
  290,19991012,    0
  290,19991013,    0
  290,19991014,    0
  290,19991015,    0
  290,19991016,    0
  290,19991017,    0
  290,19991018,    0
  290,19991019,    0
  290,19991020,    0
  290,19991021,    9
  290,19991022,    2
  290,19991023,   26
  290,19991024,    5
  290,19991025,   23
  290,19991026,    5
  290,19991027,    0
  290,19991028,   -1
  290,19991029,    0
  290,19991030,   24
  290,19991031,   16
  290,19991101,    4
  290,19991102,    6
  290,19991103,    0
  290,19991104,    0
  290,19991105,    1
  290,19991106,   78
  290,19991107,   77
  290,19991108,    2
  290,19991109,   11
  290,19991110,    6
  290,19991111,   -1
  290,19991112,    0
  290,19991113,    8
  290,19991114,    3
  290,19991115,    0
  290,19991116,    3
  290,19991117,    5
  290,19991118,   37
  290,19991119,   39
  290,19991120,    5
  290,19991121,   11
  290,19991122,  136
  290,19991123,    5
  290,19991124,    0
  290,19991125,   37
  290,19991126,    0
  290,19991127,   29
  290,19991128,    0
  290,19991129,   -1
  290,19991130,    7
  290,19991201,    3
  290,19991202,   18
  290,19991203,   67
  290,19991204,   18
  290,19991205,    8
  290,19991206,   60
  290,19991207,  138
  290,19991208,    9
  290,19991209,   24
  290,19991210,   40
  290,19991211,  102
  290,19991212,  143
  290,19991213,   82
  290,19991214,   45
  290,19991215,    8
  290,19991216,    3
  290,19991217,   66
  290,19991218,    2
  290,19991219,    9
  290,19991220,   -1
  290,19991221,    0
  290,19991222,    2
  290,19991223,   21
  290,19991224,  114
  290,19991225,   41
  290,19991226,  163
  290,19991227,   76
  290,19991228,   15
  290,19991229,   11
  290,19991230,   11
  290,19991231,    5
  290,20000101,   19
  290,20000102,   -1
  290,20000103,   35
  290,20000104,  120
  290,20000105,    0
  290,20000106,   27
  290,20000107,   -1
  290,20000108,    7
  290,20000109,    0
  290,20000110,    0
  290,20000111,    0
  290,20000112,    0
  290,20000113,    0
  290,20000114,   -1
  290,20000115,    0
  290,20000116,    6
  290,20000117,   -1
  290,20000118,   10
  290,20000119,    2
  290,20000120,    9
  290,20000121,    5
  290,20000122,   30
  290,20000123,    9
  290,20000124,   -1
  290,20000125,    0
  290,20000126,    7
  290,20000127,    1
  290,20000128,    3
  290,20000129,  286
  290,20000130,   39
  290,20000131,   31
  290,20000201,   11
  290,20000202,   48
  290,20000203,    3
  290,20000204,   54
  290,20000205,    0
  290,20000206,    5
  290,20000207,   50
  290,20000208,   72
  290,20000209,   13
  290,20000210,   77
  290,20000211,    0
  290,20000212,   49
  290,20000213,   -1
  290,20000214,   34
  290,20000215,    2
  290,20000216,   91
  290,20000217,   76
  290,20000218,   51
  290,20000219,   44
  290,20000220,   -1
  290,20000221,    2
  290,20000222,   -1
  290,20000223,    0
  290,20000224,   87
  290,20000225,  149
  290,20000226,    0
  290,20000227,    0
  290,20000228,   27
  290,20000229,   64
  290,20000301,   21
  290,20000302,   62
  290,20000303,  184
  290,20000304,   20
  290,20000305,    6
  290,20000306,    0
  290,20000307,   36
  290,20000308,  100
  290,20000309,  121
  290,20000310,   16
  290,20000311,   32
  290,20000312,   14
  290,20000313,    1
  290,20000314,   59
  290,20000315,   28
  290,20000316,    2
  290,20000317,   -1
  290,20000318,   11
  290,20000319,    0
  290,20000320,    0
  290,20000321,    0
  290,20000322,    0
  290,20000323,    0
  290,20000324,   72
  290,20000325,   62
  290,20000326,   23
  290,20000327,   57
  290,20000328,    5
  290,20000329,    1
  290,20000330,   -1
  290,20000331,    0
  290,20000401,   42
  290,20000402,    0
  290,20000403,    1
  290,20000404,   60
  290,20000405,   -1
  290,20000406,    0
  290,20000407,    0
  290,20000408,    0
  290,20000409,    0
  290,20000410,    0
  290,20000411,   -1
  290,20000412,   14
  290,20000413,  101
  290,20000414,   44
  290,20000415,   42
  290,20000416,    3
  290,20000417,    8
  290,20000418,    0
  290,20000419,    0
  290,20000420,    0
  290,20000421,   -1
  290,20000422,    7
  290,20000423,  100
  290,20000424,   -1
  290,20000425,    0
  290,20000426,    0
  290,20000427,    0
  290,20000428,    0
  290,20000429,   51
  290,20000430,   -1
  290,20000501,   -1
  290,20000502,    8
  290,20000503,   12
  290,20000504,    0
  290,20000505,    0
  290,20000506,    0
  290,20000507,   67
  290,20000508,    0
  290,20000509,    0
  290,20000510,    0
  290,20000511,    0
  290,20000512,    0
  290,20000513,    0
  290,20000514,    0
  290,20000515,    0
  290,20000516,  101
  290,20000517,   50
  290,20000518,   15
  290,20000519,   68
  290,20000520,    6
  290,20000521,   41
  290,20000522,   48
  290,20000523,   11
  290,20000524,  107
  290,20000525,   43
  290,20000526,   -1
  290,20000527,   53
  290,20000528,   41
  290,20000529,   33
  290,20000530,   17
  290,20000531,    0
  290,20000601,    2
  290,20000602,    0
  290,20000603,   95
  290,20000604,    9
  290,20000605,   77
  290,20000606,   18
  290,20000607,   26
  290,20000608,    0
  290,20000609,   11
  290,20000610,   -1
  290,20000611,    0
  290,20000612,    0
  290,20000613,    0
  290,20000614,    6
  290,20000615,   12
  290,20000616,    0
  290,20000617,    0
  290,20000618,    0
  290,20000619,    0
  290,20000620,    0
  290,20000621,   12
  290,20000622,    4
  290,20000623,   20
  290,20000624,   71
  290,20000625,    9
  290,20000626,   -1
  290,20000627,    0
  290,20000628,    0
  290,20000629,   -1
  290,20000630,    0
  290,20000701,   64
  290,20000702,    2
  290,20000703,   27
  290,20000704,  115
  290,20000705,   22
  290,20000706,    3
  290,20000707,    0
  290,20000708,    1
  290,20000709,   18
  290,20000710,  128
  290,20000711,   16
  290,20000712,    4
  290,20000713,   41
  290,20000714,   68
  290,20000715,   92
  290,20000716,    8
  290,20000717,    2
  290,20000718,    4
  290,20000719,    4
  290,20000720,    0
  290,20000721,    0
  290,20000722,   65
  290,20000723,    0
  290,20000724,   31
  290,20000725,   17
  290,20000726,   -1
  290,20000727,   82
  290,20000728,  107
  290,20000729,    1
  290,20000730,   -1
  290,20000731,    0
  290,20000801,  183
  290,20000802,   26
  290,20000803,    0
  290,20000804,   -1
  290,20000805,    0
  290,20000806,   -1
  290,20000807,   -1
  290,20000808,   -1
  290,20000809,    0
  290,20000810,    8
  290,20000811,   -1
  290,20000812,    0
  290,20000813,    0
  290,20000814,    0
  290,20000815,   -1
  290,20000816,   18
  290,20000817,   81
  290,20000818,   11
  290,20000819,   65
  290,20000820,  115
  290,20000821,   12
  290,20000822,   -1
  290,20000823,    0
  290,20000824,    0
  290,20000825,   -1
  290,20000826,    0
  290,20000827,  213
  290,20000828,    0
  290,20000829,   79
  290,20000830,    0
  290,20000831,    0
  290,20000901,   20
  290,20000902,   95
  290,20000903,   21
  290,20000904,   10
  290,20000905,   -1
  290,20000906,   78
  290,20000907,   63
  290,20000908,    6
  290,20000909,   -1
  290,20000910,    0
  290,20000911,    0
  290,20000912,   -1
  290,20000913,    0
  290,20000914,    0
  290,20000915,   18
  290,20000916,  163
  290,20000917,   50
  290,20000918,    0
  290,20000919,    0
  290,20000920,   55
  290,20000921,  195
  290,20000922,    0
  290,20000923,    0
  290,20000924,    0
  290,20000925,   41
  290,20000926,   77
  290,20000927,   -1
  290,20000928,   32
  290,20000929,    0
  290,20000930,    0
  290,20001001,   58
  290,20001002,    0
  290,20001003,    2
  290,20001004,    3
  290,20001005,   13
  290,20001006,   14
  290,20001007,    0
  290,20001008,   40
  290,20001009,   18
  290,20001010,   41
  290,20001011,   91
  290,20001012,    0
  290,20001013,    0
  290,20001014,    0
  290,20001015,    0
  290,20001016,    3
  290,20001017,   11
  290,20001018,    0
  290,20001019,   28
  290,20001020,    0
  290,20001021,    0
  290,20001022,    0
  290,20001023,   22
  290,20001024,   -1
  290,20001025,   10
  290,20001026,   17
  290,20001027,   79
  290,20001028,   26
  290,20001029,   26
  290,20001030,  120
  290,20001031,    9
  290,20001101,   43
  290,20001102,   30
  290,20001103,    0
  290,20001104,    2
  290,20001105,    0
  290,20001106,    6
  290,20001107,   11
  290,20001108,   72
  290,20001109,    8
  290,20001110,    8
  290,20001111,    4
  290,20001112,   83
  290,20001113,    2
  290,20001114,   -1
  290,20001115,   21
  290,20001116,    6
  290,20001117,    6
  290,20001118,   28
  290,20001119,   20
  290,20001120,   33
  290,20001121,    9
  290,20001122,   14
  290,20001123,   14
  290,20001124,    2
  290,20001125,    0
  290,20001126,   55
  290,20001127,    0
  290,20001128,   47
  290,20001129,    0
  290,20001130,   -1
  290,20001201,    3
  290,20001202,   -1
  290,20001203,   13
  290,20001204,    1
  290,20001205,    1
  290,20001206,   47
  290,20001207,   16
  290,20001208,    6
  290,20001209,   -1
  290,20001210,   60
  290,20001211,   73
  290,20001212,   43
  290,20001213,   21
  290,20001214,   18
  290,20001215,   56
  290,20001216,   63
  290,20001217,   -1
  290,20001218,    1
  290,20001219,    0
  290,20001220,    0
  290,20001221,    0
  290,20001222,    0
  290,20001223,    0
  290,20001224,   51
  290,20001225,   40
  290,20001226,   -1
  290,20001227,    6
  290,20001228,   23
  290,20001229,    1
  290,20001230,   11
  290,20001231,    0
  290,20010101,   55
  290,20010102,    4
  290,20010103,   38
  290,20010104,   39
  290,20010105,  157
  290,20010106,   47
  290,20010107,    5
  290,20010108,    7
  290,20010109,    0
  290,20010110,    0
  290,20010111,    0
  290,20010112,    0
  290,20010113,    0
  290,20010114,    0
  290,20010115,    0
  290,20010116,    0
  290,20010117,    0
  290,20010118,   -1
  290,20010119,    3
  290,20010120,   11
  290,20010121,   22
  290,20010122,   26
  290,20010123,   18
  290,20010124,   45
  290,20010125,   29
  290,20010126,    6
  290,20010127,   80
  290,20010128,   13
  290,20010129,   -1
  290,20010130,    0
  290,20010131,    0
  290,20010201,    7
  290,20010202,   49
  290,20010203,   48
  290,20010204,  192
  290,20010205,   35
  290,20010206,   51
  290,20010207,   23
  290,20010208,   46
  290,20010209,   20
  290,20010210,    2
  290,20010211,    4
  290,20010212,   31
  290,20010213,    0
  290,20010214,    0
  290,20010215,    0
  290,20010216,   64
  290,20010217,   -1
  290,20010218,    0
  290,20010219,   10
  290,20010220,    0
  290,20010221,   10
  290,20010222,   16
  290,20010223,   20
  290,20010224,   18
  290,20010225,    8
  290,20010226,    4
  290,20010227,    0
  290,20010228,    0
  290,20010301,   50
  290,20010302,    4
  290,20010303,   -1
  290,20010304,    0
  290,20010305,    0
  290,20010306,    0
  290,20010307,   18
  290,20010308,   16
  290,20010309,   29
  290,20010310,   50
  290,20010311,   43
  290,20010312,    2
  290,20010313,   21
  290,20010314,    4
  290,20010315,   -1
  290,20010316,    6
  290,20010317,    9
  290,20010318,  158
  290,20010319,   31
  290,20010320,    0
  290,20010321,   68
  290,20010322,    0
  290,20010323,  151
  290,20010324,   -1
  290,20010325,   -1
  290,20010326,    1
  290,20010327,    0
  290,20010328,   10
  290,20010329,   97
  290,20010330,    4
  290,20010331,   -1
  290,20010401,    2
  290,20010402,    0
  290,20010403,    0
  290,20010404,   57
  290,20010405,   31
  290,20010406,   68
  290,20010407,   28
  290,20010408,    2
  290,20010409,    0
  290,20010410,   46
  290,20010411,   -1
  290,20010412,   12
  290,20010413,   -1
  290,20010414,   61
  290,20010415,   56
  290,20010416,   13
  290,20010417,    1
  290,20010418,  101
  290,20010419,   49
  290,20010420,    4
  290,20010421,    0
  290,20010422,    0
  290,20010423,    0
  290,20010424,   76
  290,20010425,   26
  290,20010426,   58
  290,20010427,   31
  290,20010428,   30
  290,20010429,   23
  290,20010430,    4
  290,20010501,    0
  290,20010502,    0
  290,20010503,   71
  290,20010504,    7
  290,20010505,    0
  290,20010506,    0
  290,20010507,    0
  290,20010508,    0
  290,20010509,    0
  290,20010510,    0
  290,20010511,    0
  290,20010512,    0
  290,20010513,    0
  290,20010514,   37
  290,20010515,   -1
  290,20010516,   73
  290,20010517,    6
  290,20010518,   19
  290,20010519,    0
  290,20010520,    0
  290,20010521,    0
  290,20010522,    0
  290,20010523,    0
  290,20010524,    0
  290,20010525,    0
  290,20010526,    0
  290,20010527,    4
  290,20010528,   12
  290,20010529,    0
  290,20010530,    0
  290,20010531,   84
  290,20010601,   35
  290,20010602,  100
  290,20010603,   40
  290,20010604,   -1
  290,20010605,    0
  290,20010606,   23
  290,20010607,   17
  290,20010608,    1
  290,20010609,    0
  290,20010610,    0
  290,20010611,    1
  290,20010612,    0
  290,20010613,    0
  290,20010614,    0
  290,20010615,    4
  290,20010616,   12
  290,20010617,   59
  290,20010618,   60
  290,20010619,    0
  290,20010620,    0
  290,20010621,   -1
  290,20010622,   30
  290,20010623,    0
  290,20010624,    0
  290,20010625,    0
  290,20010626,    0
  290,20010627,   95
  290,20010628,   -1
  290,20010629,    0
  290,20010630,  123
  290,20010701,    0
  290,20010702,    0
  290,20010703,    0
  290,20010704,    0
  290,20010705,    0
  290,20010706,    0
  290,20010707,   -1
  290,20010708,   37
  290,20010709,   19
  290,20010710,   48
  290,20010711,   43
  290,20010712,  105
  290,20010713,   -1
  290,20010714,   31
  290,20010715,    0
  290,20010716,    0
  290,20010717,   -1
  290,20010718,  166
  290,20010719,   68
  290,20010720,   30
  290,20010721,   -1
  290,20010722,   -1
  290,20010723,   -1
  290,20010724,    0
  290,20010725,    0
  290,20010726,    0
  308,19960726,     
  308,19960727,     
  308,19960728,     
  308,19960729,     
  308,19960730,     
  308,19960731,     
  308,19960801,     
  308,19960802,     
  308,19960803,     
  308,19960804,     
  308,19960805,     
  308,19960806,     
  308,19960807,     
  308,19960808,     
  308,19960809,     
  308,19960810,     
  308,19960811,     
  308,19960812,     
  308,19960813,     
  308,19960814,     
  308,19960815,     
  308,19960816,     
  308,19960817,     
  308,19960818,     
  308,19960819,     
  308,19960820,     
  308,19960821,     
  308,19960822,     
  308,19960823,     
  308,19960824,     
  308,19960825,     
  308,19960826,     
  308,19960827,     
  308,19960828,     
  308,19960829,     
  308,19960830,     
  308,19960831,     
  308,19960901,     
  308,19960902,     
  308,19960903,     
  308,19960904,     
  308,19960905,     
  308,19960906,     
  308,19960907,     
  308,19960908,     
  308,19960909,     
  308,19960910,     
  308,19960911,     
  308,19960912,     
  308,19960913,     
  308,19960914,     
  308,19960915,     
  308,19960916,     
  308,19960917,     
  308,19960918,     
  308,19960919,     
  308,19960920,     
  308,19960921,     
  308,19960922,     
  308,19960923,     
  308,19960924,     
  308,19960925,     
  308,19960926,     
  308,19960927,     
  308,19960928,     
  308,19960929,     
  308,19960930,     
  308,19961001,     
  308,19961002,     
  308,19961003,     
  308,19961004,     
  308,19961005,     
  308,19961006,     
  308,19961007,     
  308,19961008,     
  308,19961009,     
  308,19961010,     
  308,19961011,     
  308,19961012,     
  308,19961013,     
  308,19961014,     
  308,19961015,     
  308,19961016,     
  308,19961017,     
  308,19961018,     
  308,19961019,     
  308,19961020,     
  308,19961021,     
  308,19961022,     
  308,19961023,     
  308,19961024,     
  308,19961025,     
  308,19961026,     
  308,19961027,     
  308,19961028,     
  308,19961029,     
  308,19961030,     
  308,19961031,     
  308,19961101,     
  308,19961102,     
  308,19961103,     
  308,19961104,     
  308,19961105,     
  308,19961106,     
  308,19961107,     
  308,19961108,     
  308,19961109,     
  308,19961110,     
  308,19961111,     
  308,19961112,     
  308,19961113,     
  308,19961114,     
  308,19961115,     
  308,19961116,     
  308,19961117,     
  308,19961118,     
  308,19961119,     
  308,19961120,     
  308,19961121,     
  308,19961122,     
  308,19961123,     
  308,19961124,     
  308,19961125,     
  308,19961126,     
  308,19961127,     
  308,19961128,     
  308,19961129,     
  308,19961130,     
  308,19961201,     
  308,19961202,     
  308,19961203,     
  308,19961204,     
  308,19961205,     
  308,19961206,     
  308,19961207,     
  308,19961208,     
  308,19961209,     
  308,19961210,     
  308,19961211,     
  308,19961212,     
  308,19961213,     
  308,19961214,     
  308,19961215,     
  308,19961216,     
  308,19961217,     
  308,19961218,     
  308,19961219,     
  308,19961220,     
  308,19961221,     
  308,19961222,     
  308,19961223,     
  308,19961224,     
  308,19961225,     
  308,19961226,     
  308,19961227,     
  308,19961228,     
  308,19961229,     
  308,19961230,     
  308,19961231,     
  308,19970101,     
  308,19970102,     
  308,19970103,     
  308,19970104,     
  308,19970105,     
  308,19970106,     
  308,19970107,     
  308,19970108,     
  308,19970109,     
  308,19970110,     
  308,19970111,     
  308,19970112,     
  308,19970113,     
  308,19970114,     
  308,19970115,     
  308,19970116,     
  308,19970117,     
  308,19970118,     
  308,19970119,     
  308,19970120,     
  308,19970121,     
  308,19970122,     
  308,19970123,     
  308,19970124,     
  308,19970125,     
  308,19970126,     
  308,19970127,     
  308,19970128,     
  308,19970129,     
  308,19970130,     
  308,19970131,     
  308,19970201,     
  308,19970202,     
  308,19970203,     
  308,19970204,     
  308,19970205,     
  308,19970206,     
  308,19970207,     
  308,19970208,     
  308,19970209,     
  308,19970210,     
  308,19970211,     
  308,19970212,     
  308,19970213,     
  308,19970214,     
  308,19970215,     
  308,19970216,     
  308,19970217,     
  308,19970218,     
  308,19970219,     
  308,19970220,     
  308,19970221,     
  308,19970222,     
  308,19970223,     
  308,19970224,     
  308,19970225,     
  308,19970226,     
  308,19970227,     
  308,19970228,     
  308,19970301,     
  308,19970302,     
  308,19970303,     
  308,19970304,     
  308,19970305,     
  308,19970306,     
  308,19970307,     
  308,19970308,     
  308,19970309,     
  308,19970310,     
  308,19970311,     
  308,19970312,     
  308,19970313,     
  308,19970314,     
  308,19970315,     
  308,19970316,     
  308,19970317,     
  308,19970318,     
  308,19970319,     
  308,19970320,     
  308,19970321,     
  308,19970322,     
  308,19970323,     
  308,19970324,     
  308,19970325,     
  308,19970326,     
  308,19970327,     
  308,19970328,     
  308,19970329,     
  308,19970330,     
  308,19970331,     
  308,19970401,     
  308,19970402,     
  308,19970403,     
  308,19970404,     
  308,19970405,     
  308,19970406,     
  308,19970407,     
  308,19970408,     
  308,19970409,     
  308,19970410,     
  308,19970411,     
  308,19970412,     
  308,19970413,     
  308,19970414,     
  308,19970415,     
  308,19970416,     
  308,19970417,     
  308,19970418,     
  308,19970419,     
  308,19970420,     
  308,19970421,     
  308,19970422,     
  308,19970423,     
  308,19970424,     
  308,19970425,     
  308,19970426,     
  308,19970427,     
  308,19970428,     
  308,19970429,     
  308,19970430,     
  308,19970501,     
  308,19970502,     
  308,19970503,     
  308,19970504,     
  308,19970505,     
  308,19970506,     
  308,19970507,     
  308,19970508,     
  308,19970509,     
  308,19970510,     
  308,19970511,     
  308,19970512,     
  308,19970513,     
  308,19970514,     
  308,19970515,     
  308,19970516,     
  308,19970517,     
  308,19970518,     
  308,19970519,     
  308,19970520,     
  308,19970521,     
  308,19970522,     
  308,19970523,     
  308,19970524,     
  308,19970525,     
  308,19970526,     
  308,19970527,     
  308,19970528,     
  308,19970529,     
  308,19970530,     
  308,19970531,     
  308,19970601,     
  308,19970602,     
  308,19970603,     
  308,19970604,     
  308,19970605,     
  308,19970606,     
  308,19970607,     
  308,19970608,     
  308,19970609,     
  308,19970610,     
  308,19970611,     
  308,19970612,     
  308,19970613,     
  308,19970614,     
  308,19970615,     
  308,19970616,     
  308,19970617,     
  308,19970618,     
  308,19970619,     
  308,19970620,     
  308,19970621,     
  308,19970622,     
  308,19970623,     
  308,19970624,     
  308,19970625,     
  308,19970626,     
  308,19970627,     
  308,19970628,     
  308,19970629,     
  308,19970630,     
  308,19970701,     
  308,19970702,     
  308,19970703,     
  308,19970704,     
  308,19970705,     
  308,19970706,     
  308,19970707,     
  308,19970708,     
  308,19970709,     
  308,19970710,     
  308,19970711,     
  308,19970712,     
  308,19970713,     
  308,19970714,     
  308,19970715,     
  308,19970716,     
  308,19970717,     
  308,19970718,     
  308,19970719,     
  308,19970720,     
  308,19970721,     
  308,19970722,     
  308,19970723,     
  308,19970724,     
  308,19970725,     
  308,19970726,     
  308,19970727,     
  308,19970728,     
  308,19970729,     
  308,19970730,     
  308,19970731,     
  308,19970801,     
  308,19970802,     
  308,19970803,     
  308,19970804,     
  308,19970805,     
  308,19970806,     
  308,19970807,     
  308,19970808,     
  308,19970809,     
  308,19970810,     
  308,19970811,     
  308,19970812,     
  308,19970813,     
  308,19970814,     
  308,19970815,     
  308,19970816,     
  308,19970817,     
  308,19970818,     
  308,19970819,     
  308,19970820,     
  308,19970821,     
  308,19970822,     
  308,19970823,     
  308,19970824,     
  308,19970825,     
  308,19970826,     
  308,19970827,     
  308,19970828,     
  308,19970829,     
  308,19970830,     
  308,19970831,     
  308,19970901,     
  308,19970902,     
  308,19970903,     
  308,19970904,     
  308,19970905,     
  308,19970906,     
  308,19970907,     
  308,19970908,     
  308,19970909,     
  308,19970910,     
  308,19970911,     
  308,19970912,     
  308,19970913,     
  308,19970914,     
  308,19970915,     
  308,19970916,     
  308,19970917,     
  308,19970918,     
  308,19970919,     
  308,19970920,     
  308,19970921,     
  308,19970922,     
  308,19970923,     
  308,19970924,     
  308,19970925,     
  308,19970926,     
  308,19970927,     
  308,19970928,     
  308,19970929,     
  308,19970930,     
  308,19971001,     
  308,19971002,     
  308,19971003,     
  308,19971004,     
  308,19971005,     
  308,19971006,     
  308,19971007,     
  308,19971008,     
  308,19971009,     
  308,19971010,     
  308,19971011,     
  308,19971012,     
  308,19971013,     
  308,19971014,     
  308,19971015,     
  308,19971016,     
  308,19971017,     
  308,19971018,     
  308,19971019,     
  308,19971020,     
  308,19971021,     
  308,19971022,     
  308,19971023,     
  308,19971024,     
  308,19971025,     
  308,19971026,     
  308,19971027,     
  308,19971028,     
  308,19971029,     
  308,19971030,     
  308,19971031,     
  308,19971101,     
  308,19971102,     
  308,19971103,     
  308,19971104,     
  308,19971105,     
  308,19971106,     
  308,19971107,     
  308,19971108,     
  308,19971109,     
  308,19971110,     
  308,19971111,     
  308,19971112,     
  308,19971113,     
  308,19971114,     
  308,19971115,     
  308,19971116,     
  308,19971117,     
  308,19971118,     
  308,19971119,     
  308,19971120,     
  308,19971121,     
  308,19971122,     
  308,19971123,     
  308,19971124,     
  308,19971125,     
  308,19971126,     
  308,19971127,     
  308,19971128,     
  308,19971129,     
  308,19971130,     
  308,19971201,     
  308,19971202,     
  308,19971203,     
  308,19971204,     
  308,19971205,     
  308,19971206,     
  308,19971207,     
  308,19971208,     
  308,19971209,     
  308,19971210,     
  308,19971211,     
  308,19971212,     
  308,19971213,     
  308,19971214,     
  308,19971215,     
  308,19971216,     
  308,19971217,     
  308,19971218,     
  308,19971219,     
  308,19971220,     
  308,19971221,     
  308,19971222,     
  308,19971223,     
  308,19971224,     
  308,19971225,     
  308,19971226,     
  308,19971227,     
  308,19971228,     
  308,19971229,     
  308,19971230,     
  308,19971231,     
  308,19980101,     
  308,19980102,     
  308,19980103,     
  308,19980104,     
  308,19980105,     
  308,19980106,     
  308,19980107,     
  308,19980108,     
  308,19980109,     
  308,19980110,     
  308,19980111,     
  308,19980112,     
  308,19980113,     
  308,19980114,     
  308,19980115,     
  308,19980116,     
  308,19980117,     
  308,19980118,     
  308,19980119,     
  308,19980120,     
  308,19980121,     
  308,19980122,     
  308,19980123,     
  308,19980124,     
  308,19980125,     
  308,19980126,     
  308,19980127,     
  308,19980128,     
  308,19980129,     
  308,19980130,     
  308,19980131,     
  308,19980201,     
  308,19980202,     
  308,19980203,     
  308,19980204,     
  308,19980205,     
  308,19980206,     
  308,19980207,     
  308,19980208,     
  308,19980209,     
  308,19980210,     
  308,19980211,     
  308,19980212,     
  308,19980213,     
  308,19980214,     
  308,19980215,     
  308,19980216,     
  308,19980217,     
  308,19980218,     
  308,19980219,     
  308,19980220,     
  308,19980221,     
  308,19980222,     
  308,19980223,     
  308,19980224,     
  308,19980225,     
  308,19980226,     
  308,19980227,     
  308,19980228,     
  308,19980301,     
  308,19980302,     
  308,19980303,     
  308,19980304,     
  308,19980305,     
  308,19980306,     
  308,19980307,     
  308,19980308,     
  308,19980309,     
  308,19980310,     
  308,19980311,     
  308,19980312,     
  308,19980313,     
  308,19980314,     
  308,19980315,     
  308,19980316,     
  308,19980317,     
  308,19980318,     
  308,19980319,     
  308,19980320,     
  308,19980321,     
  308,19980322,     
  308,19980323,     
  308,19980324,     
  308,19980325,     
  308,19980326,     
  308,19980327,     
  308,19980328,     
  308,19980329,     
  308,19980330,     
  308,19980331,     
  308,19980401,     
  308,19980402,     
  308,19980403,     
  308,19980404,     
  308,19980405,     
  308,19980406,     
  308,19980407,     
  308,19980408,     
  308,19980409,     
  308,19980410,     
  308,19980411,     
  308,19980412,     
  308,19980413,     
  308,19980414,     
  308,19980415,     
  308,19980416,     
  308,19980417,     
  308,19980418,     
  308,19980419,     
  308,19980420,     
  308,19980421,     
  308,19980422,     
  308,19980423,     
  308,19980424,     
  308,19980425,     
  308,19980426,     
  308,19980427,     
  308,19980428,     
  308,19980429,     
  308,19980430,     
  308,19980501,     
  308,19980502,     
  308,19980503,     
  308,19980504,     
  308,19980505,     
  308,19980506,     
  308,19980507,     
  308,19980508,     
  308,19980509,     
  308,19980510,     
  308,19980511,     
  308,19980512,     
  308,19980513,     
  308,19980514,     
  308,19980515,     
  308,19980516,     
  308,19980517,     
  308,19980518,     
  308,19980519,     
  308,19980520,     
  308,19980521,     
  308,19980522,     
  308,19980523,     
  308,19980524,     
  308,19980525,     
  308,19980526,     
  308,19980527,     
  308,19980528,     
  308,19980529,     
  308,19980530,     
  308,19980531,     
  308,19980601,     
  308,19980602,     
  308,19980603,     
  308,19980604,     
  308,19980605,     
  308,19980606,     
  308,19980607,     
  308,19980608,     
  308,19980609,     
  308,19980610,     
  308,19980611,     
  308,19980612,     
  308,19980613,     
  308,19980614,     
  308,19980615,     
  308,19980616,     
  308,19980617,     
  308,19980618,     
  308,19980619,     
  308,19980620,     
  308,19980621,     
  308,19980622,     
  308,19980623,     
  308,19980624,     
  308,19980625,     
  308,19980626,     
  308,19980627,     
  308,19980628,     
  308,19980629,     
  308,19980630,     
  308,19980701,     
  308,19980702,     
  308,19980703,     
  308,19980704,     
  308,19980705,     
  308,19980706,     
  308,19980707,     
  308,19980708,     
  308,19980709,     
  308,19980710,     
  308,19980711,     
  308,19980712,     
  308,19980713,     
  308,19980714,     
  308,19980715,     
  308,19980716,     
  308,19980717,     
  308,19980718,     
  308,19980719,     
  308,19980720,     
  308,19980721,     
  308,19980722,     
  308,19980723,     
  308,19980724,     
  308,19980725,     
  308,19980726,     
  308,19980727,     
  308,19980728,     
  308,19980729,     
  308,19980730,     
  308,19980731,     
  308,19980801,     
  308,19980802,     
  308,19980803,     
  308,19980804,     
  308,19980805,     
  308,19980806,     
  308,19980807,     
  308,19980808,     
  308,19980809,     
  308,19980810,     
  308,19980811,     
  308,19980812,     
  308,19980813,     
  308,19980814,     
  308,19980815,     
  308,19980816,     
  308,19980817,     
  308,19980818,     
  308,19980819,     
  308,19980820,     
  308,19980821,     
  308,19980822,     
  308,19980823,     
  308,19980824,     
  308,19980825,     
  308,19980826,     
  308,19980827,     
  308,19980828,     
  308,19980829,     
  308,19980830,     
  308,19980831,     
  308,19980901,     
  308,19980902,     
  308,19980903,     
  308,19980904,     
  308,19980905,     
  308,19980906,     
  308,19980907,     
  308,19980908,     
  308,19980909,     
  308,19980910,     
  308,19980911,     
  308,19980912,     
  308,19980913,     
  308,19980914,     
  308,19980915,     
  308,19980916,     
  308,19980917,     
  308,19980918,     
  308,19980919,     
  308,19980920,     
  308,19980921,     
  308,19980922,     
  308,19980923,     
  308,19980924,     
  308,19980925,     
  308,19980926,     
  308,19980927,     
  308,19980928,     
  308,19980929,     
  308,19980930,     
  308,19981001,     
  308,19981002,     
  308,19981003,     
  308,19981004,     
  308,19981005,     
  308,19981006,     
  308,19981007,     
  308,19981008,     
  308,19981009,     
  308,19981010,     
  308,19981011,     
  308,19981012,     
  308,19981013,     
  308,19981014,     
  308,19981015,     
  308,19981016,     
  308,19981017,     
  308,19981018,     
  308,19981019,     
  308,19981020,     
  308,19981021,     
  308,19981022,     
  308,19981023,     
  308,19981024,     
  308,19981025,     
  308,19981026,     
  308,19981027,     
  308,19981028,     
  308,19981029,     
  308,19981030,     
  308,19981031,     
  308,19981101,     
  308,19981102,     
  308,19981103,     
  308,19981104,     
  308,19981105,     
  308,19981106,     
  308,19981107,     
  308,19981108,     
  308,19981109,     
  308,19981110,     
  308,19981111,     
  308,19981112,     
  308,19981113,     
  308,19981114,     
  308,19981115,     
  308,19981116,     
  308,19981117,     
  308,19981118,     
  308,19981119,     
  308,19981120,     
  308,19981121,     
  308,19981122,     
  308,19981123,     
  308,19981124,     
  308,19981125,     
  308,19981126,     
  308,19981127,     
  308,19981128,     
  308,19981129,     
  308,19981130,     
  308,19981201,     
  308,19981202,     
  308,19981203,     
  308,19981204,     
  308,19981205,     
  308,19981206,     
  308,19981207,     
  308,19981208,     
  308,19981209,     
  308,19981210,     
  308,19981211,     
  308,19981212,     
  308,19981213,     
  308,19981214,     
  308,19981215,     
  308,19981216,     
  308,19981217,     
  308,19981218,     
  308,19981219,     
  308,19981220,     
  308,19981221,     
  308,19981222,     
  308,19981223,     
  308,19981224,     
  308,19981225,     
  308,19981226,     
  308,19981227,     
  308,19981228,     
  308,19981229,     
  308,19981230,     
  308,19981231,     
  308,19990101,     
  308,19990102,     
  308,19990103,     
  308,19990104,     
  308,19990105,     
  308,19990106,     
  308,19990107,     
  308,19990108,     
  308,19990109,     
  308,19990110,     
  308,19990111,     
  308,19990112,     
  308,19990113,     
  308,19990114,     
  308,19990115,     
  308,19990116,     
  308,19990117,     
  308,19990118,     
  308,19990119,     
  308,19990120,     
  308,19990121,     
  308,19990122,     
  308,19990123,     
  308,19990124,     
  308,19990125,     
  308,19990126,     
  308,19990127,     
  308,19990128,     
  308,19990129,     
  308,19990130,     
  308,19990131,     
  308,19990201,     
  308,19990202,     
  308,19990203,     
  308,19990204,     
  308,19990205,     
  308,19990206,     
  308,19990207,     
  308,19990208,     
  308,19990209,     
  308,19990210,     
  308,19990211,     
  308,19990212,     
  308,19990213,     
  308,19990214,     
  308,19990215,     
  308,19990216,     
  308,19990217,     
  308,19990218,     
  308,19990219,     
  308,19990220,     
  308,19990221,     
  308,19990222,     
  308,19990223,     
  308,19990224,     
  308,19990225,     
  308,19990226,     
  308,19990227,     
  308,19990228,     
  308,19990301,     
  308,19990302,     
  308,19990303,     
  308,19990304,     
  308,19990305,     
  308,19990306,     
  308,19990307,     
  308,19990308,     
  308,19990309,     
  308,19990310,     
  308,19990311,     
  308,19990312,     
  308,19990313,     
  308,19990314,     
  308,19990315,     
  308,19990316,     
  308,19990317,     
  308,19990318,     
  308,19990319,     
  308,19990320,     
  308,19990321,     
  308,19990322,     
  308,19990323,     
  308,19990324,     
  308,19990325,     
  308,19990326,     
  308,19990327,     
  308,19990328,     
  308,19990329,     
  308,19990330,     
  308,19990331,     
  308,19990401,     
  308,19990402,     
  308,19990403,     
  308,19990404,     
  308,19990405,     
  308,19990406,     
  308,19990407,     
  308,19990408,     
  308,19990409,     
  308,19990410,     
  308,19990411,     
  308,19990412,     
  308,19990413,     
  308,19990414,     
  308,19990415,     
  308,19990416,     
  308,19990417,     
  308,19990418,     
  308,19990419,     
  308,19990420,     
  308,19990421,     
  308,19990422,     
  308,19990423,     
  308,19990424,     
  308,19990425,     
  308,19990426,     
  308,19990427,     
  308,19990428,     
  308,19990429,     
  308,19990430,     
  308,19990501,     
  308,19990502,     
  308,19990503,     
  308,19990504,     
  308,19990505,     
  308,19990506,     
  308,19990507,     
  308,19990508,     
  308,19990509,     
  308,19990510,     
  308,19990511,     
  308,19990512,     
  308,19990513,     
  308,19990514,     
  308,19990515,     
  308,19990516,     
  308,19990517,     
  308,19990518,     
  308,19990519,     
  308,19990520,     
  308,19990521,     
  308,19990522,     
  308,19990523,     
  308,19990524,     
  308,19990525,     
  308,19990526,     
  308,19990527,     
  308,19990528,     
  308,19990529,     
  308,19990530,     
  308,19990531,     
  308,19990601,     
  308,19990602,     
  308,19990603,     
  308,19990604,     
  308,19990605,     
  308,19990606,     
  308,19990607,     
  308,19990608,     
  308,19990609,     
  308,19990610,     
  308,19990611,     
  308,19990612,     
  308,19990613,     
  308,19990614,     
  308,19990615,     
  308,19990616,     
  308,19990617,     
  308,19990618,     
  308,19990619,     
  308,19990620,     
  308,19990621,     
  308,19990622,     
  308,19990623,     
  308,19990624,     
  308,19990625,     
  308,19990626,     
  308,19990627,     
  308,19990628,     
  308,19990629,     
  308,19990630,     
  308,19990701,     
  308,19990702,     
  308,19990703,     
  308,19990704,     
  308,19990705,     
  308,19990706,     
  308,19990707,     
  308,19990708,     
  308,19990709,     
  308,19990710,     
  308,19990711,     
  308,19990712,     
  308,19990713,     
  308,19990714,     
  308,19990715,     
  308,19990716,     
  308,19990717,     
  308,19990718,     
  308,19990719,     
  308,19990720,     
  308,19990721,     
  308,19990722,     
  308,19990723,     
  308,19990724,     
  308,19990725,     
  308,19990726,     
  308,19990727,     
  308,19990728,     
  308,19990729,     
  308,19990730,     
  308,19990731,     
  308,19990801,     
  308,19990802,     
  308,19990803,     
  308,19990804,     
  308,19990805,     
  308,19990806,     
  308,19990807,     
  308,19990808,     
  308,19990809,     
  308,19990810,     
  308,19990811,     
  308,19990812,     
  308,19990813,     
  308,19990814,     
  308,19990815,     
  308,19990816,     
  308,19990817,     
  308,19990818,     
  308,19990819,     
  308,19990820,     
  308,19990821,     
  308,19990822,     
  308,19990823,     
  308,19990824,     
  308,19990825,     
  308,19990826,     
  308,19990827,     
  308,19990828,     
  308,19990829,     
  308,19990830,     
  308,19990831,     
  308,19990901,     
  308,19990902,     
  308,19990903,     
  308,19990904,     
  308,19990905,     
  308,19990906,     
  308,19990907,     
  308,19990908,     
  308,19990909,     
  308,19990910,     
  308,19990911,     
  308,19990912,     
  308,19990913,     
  308,19990914,     
  308,19990915,     
  308,19990916,     
  308,19990917,     
  308,19990918,     
  308,19990919,     
  308,19990920,     
  308,19990921,     
  308,19990922,     
  308,19990923,     
  308,19990924,     
  308,19990925,     
  308,19990926,     
  308,19990927,     
  308,19990928,     
  308,19990929,     
  308,19990930,     
  308,19991001,     
  308,19991002,     
  308,19991003,     
  308,19991004,     
  308,19991005,     
  308,19991006,     
  308,19991007,     
  308,19991008,     
  308,19991009,     
  308,19991010,     
  308,19991011,     
  308,19991012,     
  308,19991013,     
  308,19991014,     
  308,19991015,     
  308,19991016,     
  308,19991017,     
  308,19991018,     
  308,19991019,     
  308,19991020,     
  308,19991021,     
  308,19991022,     
  308,19991023,     
  308,19991024,     
  308,19991025,     
  308,19991026,     
  308,19991027,     
  308,19991028,     
  308,19991029,     
  308,19991030,     
  308,19991031,     
  308,19991101,     
  308,19991102,     
  308,19991103,     
  308,19991104,     
  308,19991105,     
  308,19991106,     
  308,19991107,     
  308,19991108,     
  308,19991109,     
  308,19991110,     
  308,19991111,     
  308,19991112,     
  308,19991113,     
  308,19991114,     
  308,19991115,     
  308,19991116,     
  308,19991117,     
  308,19991118,     
  308,19991119,     
  308,19991120,     
  308,19991121,     
  308,19991122,     
  308,19991123,     
  308,19991124,     
  308,19991125,     
  308,19991126,     
  308,19991127,     
  308,19991128,     
  308,19991129,     
  308,19991130,     
  308,19991201,     
  308,19991202,     
  308,19991203,     
  308,19991204,     
  308,19991205,     
  308,19991206,     
  308,19991207,     
  308,19991208,     
  308,19991209,     
  308,19991210,     
  308,19991211,     
  308,19991212,     
  308,19991213,     
  308,19991214,     
  308,19991215,     
  308,19991216,     
  308,19991217,     
  308,19991218,     
  308,19991219,     
  308,19991220,     
  308,19991221,     
  308,19991222,     
  308,19991223,     
  308,19991224,     
  308,19991225,     
  308,19991226,     
  308,19991227,     
  308,19991228,     
  308,19991229,     
  308,19991230,     
  308,19991231,     
  308,20000101,     
  308,20000102,     
  308,20000103,     
  308,20000104,     
  308,20000105,     
  308,20000106,     
  308,20000107,     
  308,20000108,     
  308,20000109,     
  308,20000110,     
  308,20000111,     
  308,20000112,     
  308,20000113,     
  308,20000114,     
  308,20000115,     
  308,20000116,     
  308,20000117,     
  308,20000118,     
  308,20000119,     
  308,20000120,     
  308,20000121,     
  308,20000122,     
  308,20000123,     
  308,20000124,     
  308,20000125,     
  308,20000126,     
  308,20000127,     
  308,20000128,     
  308,20000129,     
  308,20000130,     
  308,20000131,     
  308,20000201,     
  308,20000202,     
  308,20000203,     
  308,20000204,     
  308,20000205,     
  308,20000206,     
  308,20000207,     
  308,20000208,     
  308,20000209,     
  308,20000210,     
  308,20000211,     
  308,20000212,     
  308,20000213,     
  308,20000214,     
  308,20000215,     
  308,20000216,     
  308,20000217,     
  308,20000218,     
  308,20000219,     
  308,20000220,     
  308,20000221,     
  308,20000222,     
  308,20000223,     
  308,20000224,     
  308,20000225,     
  308,20000226,     
  308,20000227,     
  308,20000228,     
  308,20000229,     
  308,20000301,     
  308,20000302,     
  308,20000303,     
  308,20000304,     
  308,20000305,     
  308,20000306,     
  308,20000307,     
  308,20000308,     
  308,20000309,     
  308,20000310,     
  308,20000311,     
  308,20000312,     
  308,20000313,     
  308,20000314,     
  308,20000315,     
  308,20000316,     
  308,20000317,     
  308,20000318,     
  308,20000319,     
  308,20000320,     
  308,20000321,     
  308,20000322,     
  308,20000323,     
  308,20000324,     
  308,20000325,     
  308,20000326,     
  308,20000327,     
  308,20000328,     
  308,20000329,     
  308,20000330,     
  308,20000331,     
  308,20000401,     
  308,20000402,     
  308,20000403,     
  308,20000404,     
  308,20000405,     
  308,20000406,     
  308,20000407,     
  308,20000408,     
  308,20000409,     
  308,20000410,     
  308,20000411,     
  308,20000412,     
  308,20000413,     
  308,20000414,     
  308,20000415,     
  308,20000416,     
  308,20000417,     
  308,20000418,     
  308,20000419,     
  308,20000420,     
  308,20000421,     
  308,20000422,     
  308,20000423,     
  308,20000424,     
  308,20000425,     
  308,20000426,     
  308,20000427,     
  308,20000428,     
  308,20000429,     
  308,20000430,     
  308,20000501,     
  308,20000502,     
  308,20000503,     
  308,20000504,     
  308,20000505,     
  308,20000506,     
  308,20000507,     
  308,20000508,     
  308,20000509,     
  308,20000510,     
  308,20000511,     
  308,20000512,     
  308,20000513,     
  308,20000514,     
  308,20000515,     
  308,20000516,     
  308,20000517,     
  308,20000518,     
  308,20000519,     
  308,20000520,     
  308,20000521,     
  308,20000522,     
  308,20000523,     
  308,20000524,     
  308,20000525,     
  308,20000526,     
  308,20000527,     
  308,20000528,     
  308,20000529,     
  308,20000530,     
  308,20000531,     
  308,20000601,     
  308,20000602,     
  308,20000603,     
  308,20000604,     
  308,20000605,     
  308,20000606,     
  308,20000607,     
  308,20000608,     
  308,20000609,     
  308,20000610,     
  308,20000611,     
  308,20000612,     
  308,20000613,     
  308,20000614,     
  308,20000615,     
  308,20000616,     
  308,20000617,     
  308,20000618,     
  308,20000619,     
  308,20000620,     
  308,20000621,     
  308,20000622,     
  308,20000623,     
  308,20000624,     
  308,20000625,     
  308,20000626,     
  308,20000627,     
  308,20000628,     
  308,20000629,     
  308,20000630,     
  308,20000701,     
  308,20000702,     
  308,20000703,     
  308,20000704,     
  308,20000705,     
  308,20000706,     
  308,20000707,     
  308,20000708,     
  308,20000709,     
  308,20000710,     
  308,20000711,     
  308,20000712,     
  308,20000713,     
  308,20000714,     
  308,20000715,     
  308,20000716,     
  308,20000717,     
  308,20000718,     
  308,20000719,     
  308,20000720,     
  308,20000721,     
  308,20000722,     
  308,20000723,     
  308,20000724,     
  308,20000725,     
  308,20000726,     
  308,20000727,     
  308,20000728,     
  308,20000729,     
  308,20000730,     
  308,20000731,     
  308,20000801,     
  308,20000802,     
  308,20000803,     
  308,20000804,     
  308,20000805,     
  308,20000806,     
  308,20000807,     
  308,20000808,     
  308,20000809,     
  308,20000810,     
  308,20000811,     
  308,20000812,     
  308,20000813,     
  308,20000814,     
  308,20000815,     
  308,20000816,     
  308,20000817,     
  308,20000818,     
  308,20000819,     
  308,20000820,     
  308,20000821,     
  308,20000822,     
  308,20000823,     
  308,20000824,     
  308,20000825,     
  308,20000826,     
  308,20000827,     
  308,20000828,     
  308,20000829,     
  308,20000830,     
  308,20000831,     
  308,20000901,     
  308,20000902,     
  308,20000903,     
  308,20000904,     
  308,20000905,     
  308,20000906,     
  308,20000907,     
  308,20000908,     
  308,20000909,     
  308,20000910,     
  308,20000911,     
  308,20000912,     
  308,20000913,     
  308,20000914,     
  308,20000915,     
  308,20000916,     
  308,20000917,     
  308,20000918,     
  308,20000919,     
  308,20000920,     
  308,20000921,     
  308,20000922,     
  308,20000923,     
  308,20000924,     
  308,20000925,     
  308,20000926,     
  308,20000927,     
  308,20000928,     
  308,20000929,     
  308,20000930,     
  308,20001001,     
  308,20001002,     
  308,20001003,     
  308,20001004,     
  308,20001005,     
  308,20001006,     
  308,20001007,     
  308,20001008,     
  308,20001009,     
  308,20001010,     
  308,20001011,     
  308,20001012,     
  308,20001013,     
  308,20001014,     
  308,20001015,     
  308,20001016,     
  308,20001017,     
  308,20001018,     
  308,20001019,     
  308,20001020,     
  308,20001021,     
  308,20001022,     
  308,20001023,     
  308,20001024,     
  308,20001025,     
  308,20001026,     
  308,20001027,     
  308,20001028,     
  308,20001029,     
  308,20001030,     
  308,20001031,     
  308,20001101,     
  308,20001102,     
  308,20001103,     
  308,20001104,     
  308,20001105,     
  308,20001106,     
  308,20001107,     
  308,20001108,     
  308,20001109,     
  308,20001110,     
  308,20001111,     
  308,20001112,     
  308,20001113,     
  308,20001114,     
  308,20001115,     
  308,20001116,     
  308,20001117,     
  308,20001118,     
  308,20001119,     
  308,20001120,     
  308,20001121,     
  308,20001122,     
  308,20001123,     
  308,20001124,     
  308,20001125,     
  308,20001126,     
  308,20001127,     
  308,20001128,     
  308,20001129,     
  308,20001130,     
  308,20001201,     
  308,20001202,     
  308,20001203,     
  308,20001204,     
  308,20001205,     
  308,20001206,     
  308,20001207,     
  308,20001208,     
  308,20001209,     
  308,20001210,     
  308,20001211,     
  308,20001212,     
  308,20001213,     
  308,20001214,     
  308,20001215,     
  308,20001216,     
  308,20001217,     
  308,20001218,     
  308,20001219,     
  308,20001220,     
  308,20001221,     
  308,20001222,     
  308,20001223,     
  308,20001224,     
  308,20001225,     
  308,20001226,     
  308,20001227,     
  308,20001228,     
  308,20001229,     
  308,20001230,     
  308,20001231,     
  308,20010101,     
  308,20010102,     
  308,20010103,     
  308,20010104,     
  308,20010105,     
  308,20010106,     
  308,20010107,     
  308,20010108,     
  308,20010109,     
  308,20010110,     
  308,20010111,     
  308,20010112,     
  308,20010113,     
  308,20010114,     
  308,20010115,     
  308,20010116,     
  308,20010117,     
  308,20010118,     
  308,20010119,     
  308,20010120,     
  308,20010121,     
  308,20010122,     
  308,20010123,     
  308,20010124,     
  308,20010125,     
  308,20010126,     
  308,20010127,     
  308,20010128,     
  308,20010129,     
  308,20010130,     
  308,20010131,     
  308,20010201,     
  308,20010202,     
  308,20010203,     
  308,20010204,     
  308,20010205,     
  308,20010206,     
  308,20010207,     
  308,20010208,     
  308,20010209,     
  308,20010210,     
  308,20010211,     
  308,20010212,     
  308,20010213,     
  308,20010214,     
  308,20010215,     
  308,20010216,     
  308,20010217,     
  308,20010218,     
  308,20010219,     
  308,20010220,     
  308,20010221,     
  308,20010222,     
  308,20010223,     
  308,20010224,     
  308,20010225,     
  308,20010226,     
  308,20010227,     
  308,20010228,     
  308,20010301,     
  308,20010302,     
  308,20010303,     
  308,20010304,     
  308,20010305,     
  308,20010306,     
  308,20010307,     
  308,20010308,     
  308,20010309,     
  308,20010310,     
  308,20010311,     
  308,20010312,     
  308,20010313,     
  308,20010314,     
  308,20010315,     
  308,20010316,     
  308,20010317,     
  308,20010318,     
  308,20010319,     
  308,20010320,     
  308,20010321,     
  308,20010322,     
  308,20010323,     
  308,20010324,     
  308,20010325,     
  308,20010326,     
  308,20010327,     
  308,20010328,     
  308,20010329,     
  308,20010330,     
  308,20010331,     
  308,20010401,     
  308,20010402,     
  308,20010403,     
  308,20010404,     
  308,20010405,     
  308,20010406,     
  308,20010407,     
  308,20010408,     
  308,20010409,     
  308,20010410,     
  308,20010411,     
  308,20010412,     
  308,20010413,     
  308,20010414,     
  308,20010415,     
  308,20010416,     
  308,20010417,     
  308,20010418,     
  308,20010419,     
  308,20010420,     
  308,20010421,     
  308,20010422,     
  308,20010423,     
  308,20010424,     
  308,20010425,     
  308,20010426,     
  308,20010427,     
  308,20010428,     
  308,20010429,     
  308,20010430,     
  308,20010501,     
  308,20010502,     
  308,20010503,     
  308,20010504,     
  308,20010505,     
  308,20010506,     
  308,20010507,     
  308,20010508,     
  308,20010509,     
  308,20010510,     
  308,20010511,     
  308,20010512,     
  308,20010513,     
  308,20010514,     
  308,20010515,     
  308,20010516,     
  308,20010517,     
  308,20010518,     
  308,20010519,     
  308,20010520,     
  308,20010521,     
  308,20010522,     
  308,20010523,     
  308,20010524,     
  308,20010525,     
  308,20010526,     
  308,20010527,     
  308,20010528,     
  308,20010529,     
  308,20010530,     
  308,20010531,     
  308,20010601,     
  308,20010602,     
  308,20010603,     
  308,20010604,     
  308,20010605,     
  308,20010606,     
  308,20010607,     
  308,20010608,     
  308,20010609,     
  308,20010610,     
  308,20010611,     
  308,20010612,     
  308,20010613,     
  308,20010614,     
  308,20010615,     
  308,20010616,     
  308,20010617,     
  308,20010618,     
  308,20010619,     
  308,20010620,     
  308,20010621,     
  308,20010622,     
  308,20010623,     
  308,20010624,     
  308,20010625,     
  308,20010626,     
  308,20010627,     
  308,20010628,     
  308,20010629,     
  308,20010630,     
  308,20010701,     
  308,20010702,     
  308,20010703,     
  308,20010704,     
  308,20010705,     
  308,20010706,     
  308,20010707,     
  308,20010708,     
  308,20010709,     
  308,20010710,     
  308,20010711,     
  308,20010712,     
  308,20010713,     
  308,20010714,     
  308,20010715,     
  308,20010716,     
  308,20010717,     
  308,20010718,     
  308,20010719,     
  308,20010720,     
  308,20010721,     
  308,20010722,     
  308,20010723,     
  308,20010724,     
  308,20010725,     
  308,20010726,     
  310,19960726,    0
  310,19960727,   -1
  310,19960728,   -1
  310,19960729,   -1
  310,19960730,   -1
  310,19960731,    1
  310,19960801,   -1
  310,19960802,    0
  310,19960803,    0
  310,19960804,    0
  310,19960805,    0
  310,19960806,   26
  310,19960807,   -1
  310,19960808,    0
  310,19960809,   -1
  310,19960810,   54
  310,19960811,   13
  310,19960812,   32
  310,19960813,   72
  310,19960814,    0
  310,19960815,    0
  310,19960816,    0
  310,19960817,    0
  310,19960818,    0
  310,19960819,    0
  310,19960820,   -1
  310,19960821,    5
  310,19960822,    0
  310,19960823,    7
  310,19960824,   32
  310,19960825,  151
  310,19960826,   -1
  310,19960827,   -1
  310,19960828,  179
  310,19960829,  495
  310,19960830,   34
  310,19960831,   -1
  310,19960901,    0
  310,19960902,    0
  310,19960903,    0
  310,19960904,    0
  310,19960905,    0
  310,19960906,    0
  310,19960907,    0
  310,19960908,   -1
  310,19960909,   16
  310,19960910,   29
  310,19960911,    1
  310,19960912,  120
  310,19960913,   56
  310,19960914,   13
  310,19960915,   -1
  310,19960916,    0
  310,19960917,    0
  310,19960918,    0
  310,19960919,    0
  310,19960920,    0
  310,19960921,    0
  310,19960922,   15
  310,19960923,    0
  310,19960924,   10
  310,19960925,    0
  310,19960926,    6
  310,19960927,   16
  310,19960928,    0
  310,19960929,   18
  310,19960930,  157
  310,19961001,   85
  310,19961002,   35
  310,19961003,    0
  310,19961004,    8
  310,19961005,  148
  310,19961006,    6
  310,19961007,   -1
  310,19961008,    0
  310,19961009,   17
  310,19961010,   15
  310,19961011,    0
  310,19961012,    0
  310,19961013,    0
  310,19961014,   -1
  310,19961015,   27
  310,19961016,    0
  310,19961017,    0
  310,19961018,   19
  310,19961019,   32
  310,19961020,   96
  310,19961021,   -1
  310,19961022,    0
  310,19961023,    0
  310,19961024,    0
  310,19961025,    8
  310,19961026,    4
  310,19961027,   31
  310,19961028,   10
  310,19961029,  118
  310,19961030,    0
  310,19961031,  100
  310,19961101,    6
  310,19961102,    4
  310,19961103,   15
  310,19961104,   34
  310,19961105,   30
  310,19961106,   27
  310,19961107,  127
  310,19961108,    7
  310,19961109,    2
  310,19961110,   98
  310,19961111,   33
  310,19961112,    7
  310,19961113,   48
  310,19961114,    8
  310,19961115,    0
  310,19961116,    0
  310,19961117,    4
  310,19961118,   24
  310,19961119,   69
  310,19961120,   64
  310,19961121,   39
  310,19961122,    4
  310,19961123,   23
  310,19961124,   82
  310,19961125,   31
  310,19961126,   30
  310,19961127,    0
  310,19961128,   30
  310,19961129,  123
  310,19961130,   22
  310,19961201,   11
  310,19961202,    0
  310,19961203,   94
  310,19961204,    6
  310,19961205,    0
  310,19961206,    7
  310,19961207,   -1
  310,19961208,   -1
  310,19961209,    0
  310,19961210,    0
  310,19961211,   -1
  310,19961212,   -1
  310,19961213,   -1
  310,19961214,    0
  310,19961215,    0
  310,19961216,    0
  310,19961217,    0
  310,19961218,   39
  310,19961219,  130
  310,19961220,   -1
  310,19961221,    0
  310,19961222,    0
  310,19961223,    0
  310,19961224,    0
  310,19961225,    0
  310,19961226,    0
  310,19961227,    7
  310,19961228,    0
  310,19961229,   16
  310,19961230,   -1
  310,19961231,   -1
  310,19970101,    0
  310,19970102,    0
  310,19970103,    0
  310,19970104,   -1
  310,19970105,    0
  310,19970106,   -1
  310,19970107,   -1
  310,19970108,   -1
  310,19970109,    1
  310,19970110,    0
  310,19970111,    0
  310,19970112,    3
  310,19970113,   -1
  310,19970114,    0
  310,19970115,    0
  310,19970116,    0
  310,19970117,    0
  310,19970118,    0
  310,19970119,   20
  310,19970120,   -1
  310,19970121,    0
  310,19970122,    1
  310,19970123,   -1
  310,19970124,   -1
  310,19970125,    0
  310,19970126,   -1
  310,19970127,    0
  310,19970128,   -1
  310,19970129,    0
  310,19970130,    0
  310,19970131,    0
  310,19970201,    0
  310,19970202,    4
  310,19970203,    0
  310,19970204,  130
  310,19970205,  118
  310,19970206,    0
  310,19970207,   28
  310,19970208,    0
  310,19970209,    0
  310,19970210,   14
  310,19970211,   72
  310,19970212,  156
  310,19970213,   44
  310,19970214,    0
  310,19970215,    0
  310,19970216,   13
  310,19970217,   28
  310,19970218,   28
  310,19970219,   28
  310,19970220,   -1
  310,19970221,   -1
  310,19970222,    0
  310,19970223,    0
  310,19970224,   30
  310,19970225,    5
  310,19970226,   21
  310,19970227,    0
  310,19970228,   -1
  310,19970301,    0
  310,19970302,   13
  310,19970303,    4
  310,19970304,   -1
  310,19970305,   -1
  310,19970306,   20
  310,19970307,    0
  310,19970308,    0
  310,19970309,    0
  310,19970310,    0
  310,19970311,    0
  310,19970312,    0
  310,19970313,    0
  310,19970314,    4
  310,19970315,    1
  310,19970316,    0
  310,19970317,    0
  310,19970318,   17
  310,19970319,   44
  310,19970320,   -1
  310,19970321,   -1
  310,19970322,    0
  310,19970323,   40
  310,19970324,    1
  310,19970325,    5
  310,19970326,    7
  310,19970327,    0
  310,19970328,   20
  310,19970329,    0
  310,19970330,    0
  310,19970331,    0
  310,19970401,    0
  310,19970402,    0
  310,19970403,    1
  310,19970404,    0
  310,19970405,   48
  310,19970406,   -1
  310,19970407,    0
  310,19970408,    0
  310,19970409,    0
  310,19970410,    0
  310,19970411,   -1
  310,19970412,    1
  310,19970413,    0
  310,19970414,   -1
  310,19970415,   -1
  310,19970416,    5
  310,19970417,    4
  310,19970418,   -1
  310,19970419,   -1
  310,19970420,    0
  310,19970421,   -1
  310,19970422,    3
  310,19970423,    0
  310,19970424,    0
  310,19970425,  126
  310,19970426,   39
  310,19970427,   24
  310,19970428,   53
  310,19970429,   22
  310,19970430,    0
  310,19970501,    0
  310,19970502,    0
  310,19970503,   -1
  310,19970504,   50
  310,19970505,  243
  310,19970506,   36
  310,19970507,    5
  310,19970508,   43
  310,19970509,   45
  310,19970510,   59
  310,19970511,   47
  310,19970512,   19
  310,19970513,    0
  310,19970514,   30
  310,19970515,    0
  310,19970516,    0
  310,19970517,  130
  310,19970518,   58
  310,19970519,   62
  310,19970520,   90
  310,19970521,   11
  310,19970522,    2
  310,19970523,    0
  310,19970524,    0
  310,19970525,    0
  310,19970526,    0
  310,19970527,   -1
  310,19970528,    0
  310,19970529,    0
  310,19970530,    0
  310,19970531,    0
  310,19970601,    0
  310,19970602,    0
  310,19970603,    0
  310,19970604,    0
  310,19970605,   -1
  310,19970606,   16
  310,19970607,  112
  310,19970608,  195
  310,19970609,    0
  310,19970610,    0
  310,19970611,   76
  310,19970612,   -1
  310,19970613,   89
  310,19970614,    3
  310,19970615,   -1
  310,19970616,    0
  310,19970617,    0
  310,19970618,    0
  310,19970619,   58
  310,19970620,   15
  310,19970621,   35
  310,19970622,  273
  310,19970623,    4
  310,19970624,    0
  310,19970625,   33
  310,19970626,   21
  310,19970627,   31
  310,19970628,    5
  310,19970629,  124
  310,19970630,   51
  310,19970701,   41
  310,19970702,   65
  310,19970703,   33
  310,19970704,    5
  310,19970705,    0
  310,19970706,   10
  310,19970707,    0
  310,19970708,    0
  310,19970709,    0
  310,19970710,    0
  310,19970711,    0
  310,19970712,    0
  310,19970713,    0
  310,19970714,    0
  310,19970715,    4
  310,19970716,   -1
  310,19970717,   38
  310,19970718,    8
  310,19970719,    0
  310,19970720,    4
  310,19970721,   -1
  310,19970722,   -1
  310,19970723,    0
  310,19970724,   -1
  310,19970725,   27
  310,19970726,   15
  310,19970727,   -1
  310,19970728,    0
  310,19970729,    0
  310,19970730,   -1
  310,19970731,   26
  310,19970801,  103
  310,19970802,    7
  310,19970803,   -1
  310,19970804,    0
  310,19970805,    0
  310,19970806,    0
  310,19970807,    0
  310,19970808,    0
  310,19970809,    0
  310,19970810,    0
  310,19970811,    0
  310,19970812,    0
  310,19970813,    0
  310,19970814,    0
  310,19970815,    0
  310,19970816,    0
  310,19970817,    0
  310,19970818,    0
  310,19970819,    0
  310,19970820,    0
  310,19970821,   -1
  310,19970822,   16
  310,19970823,    0
  310,19970824,    0
  310,19970825,  211
  310,19970826,   -1
  310,19970827,   43
  310,19970828,   69
  310,19970829,   14
  310,19970830,   75
  310,19970831,   -1
  310,19970901,   44
  310,19970902,    0
  310,19970903,   -1
  310,19970904,    2
  310,19970905,    0
  310,19970906,    0
  310,19970907,   41
  310,19970908,    0
  310,19970909,    0
  310,19970910,    0
  310,19970911,    0
  310,19970912,   24
  310,19970913,    1
  310,19970914,    0
  310,19970915,    0
  310,19970916,    0
  310,19970917,    0
  310,19970918,    0
  310,19970919,    3
  310,19970920,    0
  310,19970921,    0
  310,19970922,    0
  310,19970923,    0
  310,19970924,    0
  310,19970925,    0
  310,19970926,    0
  310,19970927,    0
  310,19970928,    0
  310,19970929,    0
  310,19970930,    0
  310,19971001,   -1
  310,19971002,   -1
  310,19971003,    0
  310,19971004,    0
  310,19971005,    0
  310,19971006,   40
  310,19971007,   65
  310,19971008,  121
  310,19971009,  133
  310,19971010,   70
  310,19971011,   85
  310,19971012,   76
  310,19971013,   92
  310,19971014,   61
  310,19971015,   76
  310,19971016,   -1
  310,19971017,   -1
  310,19971018,    0
  310,19971019,    0
  310,19971020,    0
  310,19971021,    0
  310,19971022,    0
  310,19971023,   -1
  310,19971024,   11
  310,19971025,   -1
  310,19971026,   -1
  310,19971027,   -1
  310,19971028,    0
  310,19971029,    0
  310,19971030,    0
  310,19971031,    0
  310,19971101,    0
  310,19971102,    0
  310,19971103,    0
  310,19971104,   16
  310,19971105,    4
  310,19971106,   45
  310,19971107,  134
  310,19971108,   14
  310,19971109,   -1
  310,19971110,   16
  310,19971111,   12
  310,19971112,    0
  310,19971113,    0
  310,19971114,   -1
  310,19971115,   54
  310,19971116,    9
  310,19971117,    4
  310,19971118,   -1
  310,19971119,    9
  310,19971120,   38
  310,19971121,   -1
  310,19971122,   -1
  310,19971123,   -1
  310,19971124,    0
  310,19971125,    0
  310,19971126,   11
  310,19971127,  106
  310,19971128,   48
  310,19971129,   10
  310,19971130,   70
  310,19971201,   30
  310,19971202,    9
  310,19971203,   -1
  310,19971204,   -1
  310,19971205,    0
  310,19971206,    0
  310,19971207,    0
  310,19971208,    1
  310,19971209,   51
  310,19971210,   67
  310,19971211,   24
  310,19971212,    3
  310,19971213,   -1
  310,19971214,   32
  310,19971215,    0
  310,19971216,    0
  310,19971217,   -1
  310,19971218,   36
  310,19971219,   34
  310,19971220,    0
  310,19971221,    1
  310,19971222,    0
  310,19971223,   34
  310,19971224,   37
  310,19971225,   21
  310,19971226,   13
  310,19971227,   36
  310,19971228,  163
  310,19971229,   13
  310,19971230,   -1
  310,19971231,   13
  310,19980101,   45
  310,19980102,   50
  310,19980103,   98
  310,19980104,   28
  310,19980105,  105
  310,19980106,    3
  310,19980107,   96
  310,19980108,   49
  310,19980109,    0
  310,19980110,    0
  310,19980111,    0
  310,19980112,    0
  310,19980113,    0
  310,19980114,   24
  310,19980115,    9
  310,19980116,   29
  310,19980117,    5
  310,19980118,   70
  310,19980119,   64
  310,19980120,   43
  310,19980121,    0
  310,19980122,    0
  310,19980123,   -1
  310,19980124,    1
  310,19980125,    0
  310,19980126,    0
  310,19980127,    0
  310,19980128,    0
  310,19980129,    1
  310,19980130,   -1
  310,19980131,   16
  310,19980201,    0
  310,19980202,   -1
  310,19980203,    5
  310,19980204,    0
  310,19980205,    0
  310,19980206,    0
  310,19980207,   24
  310,19980208,    0
  310,19980209,    0
  310,19980210,    0
  310,19980211,    0
  310,19980212,    0
  310,19980213,    0
  310,19980214,    0
  310,19980215,    0
  310,19980216,   -1
  310,19980217,    0
  310,19980218,    0
  310,19980219,   -1
  310,19980220,    0
  310,19980221,   43
  310,19980222,   31
  310,19980223,    9
  310,19980224,    0
  310,19980225,   -1
  310,19980226,   -1
  310,19980227,    0
  310,19980228,   25
  310,19980301,   38
  310,19980302,   17
  310,19980303,  121
  310,19980304,   64
  310,19980305,   30
  310,19980306,  207
  310,19980307,   66
  310,19980308,   13
  310,19980309,    0
  310,19980310,   -1
  310,19980311,   42
  310,19980312,    2
  310,19980313,   -1
  310,19980314,   -1
  310,19980315,    0
  310,19980316,    0
  310,19980317,    0
  310,19980318,    0
  310,19980319,    0
  310,19980320,   -1
  310,19980321,   -1
  310,19980322,   -1
  310,19980323,   -1
  310,19980324,    0
  310,19980325,    0
  310,19980326,   39
  310,19980327,    1
  310,19980328,   -1
  310,19980329,   -1
  310,19980330,    0
  310,19980331,    0
  310,19980401,    2
  310,19980402,   37
  310,19980403,   47
  310,19980404,   33
  310,19980405,   28
  310,19980406,   18
  310,19980407,    1
  310,19980408,    1
  310,19980409,   52
  310,19980410,   62
  310,19980411,   -1
  310,19980412,    4
  310,19980413,   33
  310,19980414,   25
  310,19980415,   52
  310,19980416,   19
  310,19980417,   63
  310,19980418,   20
  310,19980419,   -1
  310,19980420,   43
  310,19980421,    0
  310,19980422,    0
  310,19980423,   31
  310,19980424,   16
  310,19980425,  129
  310,19980426,    0
  310,19980427,   -1
  310,19980428,   26
  310,19980429,    0
  310,19980430,    1
  310,19980501,    1
  310,19980502,   -1
  310,19980503,   -1
  310,19980504,   -1
  310,19980505,    1
  310,19980506,   11
  310,19980507,   -1
  310,19980508,    0
  310,19980509,    0
  310,19980510,    0
  310,19980511,    0
  310,19980512,    0
  310,19980513,    0
  310,19980514,    0
  310,19980515,    0
  310,19980516,    0
  310,19980517,    0
  310,19980518,    0
  310,19980519,    0
  310,19980520,    0
  310,19980521,    1
  310,19980522,    0
  310,19980523,   15
  310,19980524,   31
  310,19980525,    3
  310,19980526,   67
  310,19980527,   89
  310,19980528,   64
  310,19980529,    5
  310,19980530,    0
  310,19980531,    0
  310,19980601,   -1
  310,19980602,   15
  310,19980603,   48
  310,19980604,    0
  310,19980605,   57
  310,19980606,  168
  310,19980607,   29
  310,19980608,    3
  310,19980609,   89
  310,19980610,   22
  310,19980611,   85
  310,19980612,    5
  310,19980613,   37
  310,19980614,  267
  310,19980615,   95
  310,19980616,   19
  310,19980617,   25
  310,19980618,   31
  310,19980619,    0
  310,19980620,    0
  310,19980621,    9
  310,19980622,    0
  310,19980623,   -1
  310,19980624,    0
  310,19980625,   29
  310,19980626,    0
  310,19980627,   86
  310,19980628,    2
  310,19980629,    6
  310,19980630,   78
  310,19980701,   -1
  310,19980702,    0
  310,19980703,   -1
  310,19980704,    0
  310,19980705,   -1
  310,19980706,   -1
  310,19980707,   11
  310,19980708,    0
  310,19980709,   -1
  310,19980710,    1
  310,19980711,   47
  310,19980712,   75
  310,19980713,    2
  310,19980714,    1
  310,19980715,   11
  310,19980716,   14
  310,19980717,   -1
  310,19980718,   33
  310,19980719,    0
  310,19980720,    3
  310,19980721,   57
  310,19980722,    0
  310,19980723,    0
  310,19980724,    0
  310,19980725,    0
  310,19980726,    0
  310,19980727,   -1
  310,19980728,   -1
  310,19980729,   17
  310,19980730,  150
  310,19980731,   95
  310,19980801,    0
  310,19980802,    0
  310,19980803,   -1
  310,19980804,   52
  310,19980805,    0
  310,19980806,    0
  310,19980807,    0
  310,19980808,    0
  310,19980809,    0
  310,19980810,    0
  310,19980811,    0
  310,19980812,    0
  310,19980813,    0
  310,19980814,    0
  310,19980815,   -1
  310,19980816,    0
  310,19980817,    0
  310,19980818,    0
  310,19980819,    0
  310,19980820,   -1
  310,19980821,   80
  310,19980822,    8
  310,19980823,  167
  310,19980824,   55
  310,19980825,    0
  310,19980826,   80
  310,19980827,   42
  310,19980828,   -1
  310,19980829,   13
  310,19980830,   21
  310,19980831,    0
  310,19980901,   30
  310,19980902,  213
  310,19980903,  138
  310,19980904,    4
  310,19980905,  137
  310,19980906,   -1
  310,19980907,    6
  310,19980908,   19
  310,19980909,  129
  310,19980910,   14
  310,19980911,   30
  310,19980912,   37
  310,19980913,  294
  310,19980914,  155
  310,19980915,   10
  310,19980916,    5
  310,19980917,    2
  310,19980918,    0
  310,19980919,    0
  310,19980920,    0
  310,19980921,    0
  310,19980922,    0
  310,19980923,    0
  310,19980924,    0
  310,19980925,    0
  310,19980926,   28
  310,19980927,    3
  310,19980928,    0
  310,19980929,   -1
  310,19980930,   39
  310,19981001,    0
  310,19981002,   -1
  310,19981003,    6
  310,19981004,    9
  310,19981005,   11
  310,19981006,    0
  310,19981007,    1
  310,19981008,  184
  310,19981009,   40
  310,19981010,   39
  310,19981011,   58
  310,19981012,   19
  310,19981013,   30
  310,19981014,   30
  310,19981015,    0
  310,19981016,   -1
  310,19981017,   36
  310,19981018,    2
  310,19981019,    4
  310,19981020,   36
  310,19981021,   11
  310,19981022,    3
  310,19981023,   39
  310,19981024,  197
  310,19981025,   14
  310,19981026,   20
  310,19981027,  105
  310,19981028,   88
  310,19981029,   24
  310,19981030,   40
  310,19981031,  247
  310,19981101,   73
  310,19981102,   20
  310,19981103,  152
  310,19981104,  108
  310,19981105,    1
  310,19981106,   -1
  310,19981107,    0
  310,19981108,   86
  310,19981109,   28
  310,19981110,   24
  310,19981111,    0
  310,19981112,    4
  310,19981113,   42
  310,19981114,  214
  310,19981115,  167
  310,19981116,   30
  310,19981117,    0
  310,19981118,   42
  310,19981119,   13
  310,19981120,    0
  310,19981121,    0
  310,19981122,    0
  310,19981123,    0
  310,19981124,    0
  310,19981125,   17
  310,19981126,   44
  310,19981127,   -1
  310,19981128,   37
  310,19981129,   45
  310,19981130,   -1
  310,19981201,    0
  310,19981202,    0
  310,19981203,    3
  310,19981204,   45
  310,19981205,  216
  310,19981206,   69
  310,19981207,   33
  310,19981208,   33
  310,19981209,   43
  310,19981210,   13
  310,19981211,   22
  310,19981212,   82
  310,19981213,   -1
  310,19981214,    1
  310,19981215,  130
  310,19981216,    0
  310,19981217,    0
  310,19981218,   13
  310,19981219,   10
  310,19981220,   21
  310,19981221,   27
  310,19981222,    4
  310,19981223,   14
  310,19981224,   43
  310,19981225,   33
  310,19981226,   23
  310,19981227,   65
  310,19981228,   24
  310,19981229,    0
  310,19981230,    0
  310,19981231,    5
  310,19990101,    0
  310,19990102,   56
  310,19990103,   71
  310,19990104,   47
  310,19990105,   29
  310,19990106,    0
  310,19990107,   38
  310,19990108,   30
  310,19990109,   18
  310,19990110,    0
  310,19990111,   -1
  310,19990112,   60
  310,19990113,   10
  310,19990114,    5
  310,19990115,    8
  310,19990116,   82
  310,19990117,    0
  310,19990118,    3
  310,19990119,    7
  310,19990120,    8
  310,19990121,   37
  310,19990122,   -1
  310,19990123,   -1
  310,19990124,    4
  310,19990125,   20
  310,19990126,   49
  310,19990127,   14
  310,19990128,   51
  310,19990129,    0
  310,19990130,    0
  310,19990131,    0
  310,19990201,   -1
  310,19990202,    0
  310,19990203,   -1
  310,19990204,   -1
  310,19990205,   18
  310,19990206,   64
  310,19990207,   74
  310,19990208,   31
  310,19990209,   37
  310,19990210,   26
  310,19990211,    0
  310,19990212,    0
  310,19990213,    0
  310,19990214,   15
  310,19990215,    5
  310,19990216,    7
  310,19990217,   51
  310,19990218,   13
  310,19990219,   66
  310,19990220,   -1
  310,19990221,  106
  310,19990222,   22
  310,19990223,   37
  310,19990224,    2
  310,19990225,   -1
  310,19990226,   -1
  310,19990227,   28
  310,19990228,    5
  310,19990301,  137
  310,19990302,   92
  310,19990303,   -1
  310,19990304,   28
  310,19990305,   22
  310,19990306,   26
  310,19990307,   91
  310,19990308,   55
  310,19990309,    5
  310,19990310,    0
  310,19990311,    0
  310,19990312,    0
  310,19990313,    0
  310,19990314,    0
  310,19990315,    0
  310,19990316,   -1
  310,19990317,    2
  310,19990318,   40
  310,19990319,    0
  310,19990320,    0
  310,19990321,   81
  310,19990322,   44
  310,19990323,   27
  310,19990324,    0
  310,19990325,   -1
  310,19990326,   63
  310,19990327,    0
  310,19990328,    0
  310,19990329,    0
  310,19990330,   19
  310,19990331,    0
  310,19990401,    0
  310,19990402,    0
  310,19990403,   65
  310,19990404,    0
  310,19990405,   33
  310,19990406,   10
  310,19990407,    4
  310,19990408,   -1
  310,19990409,   -1
  310,19990410,   10
  310,19990411,    0
  310,19990412,   62
  310,19990413,   99
  310,19990414,    7
  310,19990415,   16
  310,19990416,    0
  310,19990417,    0
  310,19990418,   35
  310,19990419,   12
  310,19990420,   38
  310,19990421,   76
  310,19990422,   12
  310,19990423,   -1
  310,19990424,   21
  310,19990425,   -1
  310,19990426,   48
  310,19990427,    0
  310,19990428,    0
  310,19990429,    0
  310,19990430,    0
  310,19990501,    0
  310,19990502,    0
  310,19990503,    0
  310,19990504,    0
  310,19990505,   11
  310,19990506,   11
  310,19990507,    8
  310,19990508,    1
  310,19990509,    0
  310,19990510,   13
  310,19990511,   11
  310,19990512,   -1
  310,19990513,    4
  310,19990514,    0
  310,19990515,    0
  310,19990516,    2
  310,19990517,    0
  310,19990518,    5
  310,19990519,   16
  310,19990520,   78
  310,19990521,    0
  310,19990522,    3
  310,19990523,    0
  310,19990524,   -1
  310,19990525,    0
  310,19990526,    0
  310,19990527,    0
  310,19990528,   -1
  310,19990529,   -1
  310,19990530,   88
  310,19990531,    0
  310,19990601,    0
  310,19990602,   77
  310,19990603,   66
  310,19990604,   14
  310,19990605,  149
  310,19990606,   12
  310,19990607,  149
  310,19990608,    2
  310,19990609,   -1
  310,19990610,   -1
  310,19990611,   30
  310,19990612,    0
  310,19990613,    5
  310,19990614,    0
  310,19990615,    0
  310,19990616,    0
  310,19990617,    0
  310,19990618,    0
  310,19990619,    0
  310,19990620,   50
  310,19990621,   22
  310,19990622,   88
  310,19990623,    0
  310,19990624,    0
  310,19990625,    0
  310,19990626,   -1
  310,19990627,   86
  310,19990628,    4
  310,19990629,   22
  310,19990630,    9
  310,19990701,    3
  310,19990702,    0
  310,19990703,   -1
  310,19990704,   94
  310,19990705,   46
  310,19990706,    0
  310,19990707,   35
  310,19990708,    0
  310,19990709,    0
  310,19990710,    0
  310,19990711,    0
  310,19990712,    0
  310,19990713,    1
  310,19990714,    3
  310,19990715,   -1
  310,19990716,    0
  310,19990717,    0
  310,19990718,    0
  310,19990719,   -1
  310,19990720,   -1
  310,19990721,   -1
  310,19990722,   99
  310,19990723,    0
  310,19990724,    0
  310,19990725,    0
  310,19990726,    0
  310,19990727,    0
  310,19990728,    0
  310,19990729,    0
  310,19990730,    0
  310,19990731,    0
  310,19990801,   -1
  310,19990802,    0
  310,19990803,   38
  310,19990804,    0
  310,19990805,   14
  310,19990806,    0
  310,19990807,   37
  310,19990808,  151
  310,19990809,  152
  310,19990810,    5
  310,19990811,    3
  310,19990812,   -1
  310,19990813,   -1
  310,19990814,  121
  310,19990815,   82
  310,19990816,   61
  310,19990817,   13
  310,19990818,  209
  310,19990819,   74
  310,19990820,   30
  310,19990821,    2
  310,19990822,    0
  310,19990823,    0
  310,19990824,    1
  310,19990825,   -1
  310,19990826,   -1
  310,19990827,    0
  310,19990828,    0
  310,19990829,    0
  310,19990830,    0
  310,19990831,    0
  310,19990901,    0
  310,19990902,    0
  310,19990903,    0
  310,19990904,    0
  310,19990905,   22
  310,19990906,   71
  310,19990907,    0
  310,19990908,    0
  310,19990909,   -1
  310,19990910,    0
  310,19990911,    0
  310,19990912,   -1
  310,19990913,   -1
  310,19990914,   11
  310,19990915,   58
  310,19990916,   -1
  310,19990917,   -1
  310,19990918,    0
  310,19990919,   19
  310,19990920,   17
  310,19990921,   60
  310,19990922,   40
  310,19990923,   13
  310,19990924,  153
  310,19990925,   40
  310,19990926,    3
  310,19990927,   33
  310,19990928,    2
  310,19990929,   28
  310,19990930,   75
  310,19991001,   14
  310,19991002,   33
  310,19991003,  117
  310,19991004,  460
  310,19991005,   52
  310,19991006,    3
  310,19991007,   -1
  310,19991008,   47
  310,19991009,   14
  310,19991010,   -1
  310,19991011,   10
  310,19991012,    0
  310,19991013,    0
  310,19991014,    0
  310,19991015,    0
  310,19991016,    0
  310,19991017,    0
  310,19991018,    0
  310,19991019,    0
  310,19991020,    0
  310,19991021,   16
  310,19991022,  123
  310,19991023,   21
  310,19991024,   18
  310,19991025,    4
  310,19991026,    0
  310,19991027,    0
  310,19991028,   -1
  310,19991029,    0
  310,19991030,   40
  310,19991031,    6
  310,19991101,    4
  310,19991102,    1
  310,19991103,    0
  310,19991104,    0
  310,19991105,   15
  310,19991106,   12
  310,19991107,   -1
  310,19991108,   21
  310,19991109,   24
  310,19991110,   44
  310,19991111,    0
  310,19991112,    0
  310,19991113,    4
  310,19991114,   10
  310,19991115,    0
  310,19991116,   40
  310,19991117,  127
  310,19991118,   90
  310,19991119,   39
  310,19991120,   -1
  310,19991121,    0
  310,19991122,   55
  310,19991123,    0
  310,19991124,    0
  310,19991125,   17
  310,19991126,    0
  310,19991127,    9
  310,19991128,    0
  310,19991129,    1
  310,19991130,    9
  310,19991201,    2
  310,19991202,    1
  310,19991203,   14
  310,19991204,   12
  310,19991205,   44
  310,19991206,   10
  310,19991207,  145
  310,19991208,   33
  310,19991209,   92
  310,19991210,   19
  310,19991211,  100
  310,19991212,  131
  310,19991213,  129
  310,19991214,   -1
  310,19991215,  126
  310,19991216,   16
  310,19991217,  160
  310,19991218,   -1
  310,19991219,   39
  310,19991220,   14
  310,19991221,    0
  310,19991222,    6
  310,19991223,   16
  310,19991224,   95
  310,19991225,   28
  310,19991226,  165
  310,19991227,    0
  310,19991228,  161
  310,19991229,    3
  310,19991230,   25
  310,19991231,   -1
  310,20000101,    1
  310,20000102,    2
  310,20000103,   11
  310,20000104,   72
  310,20000105,    0
  310,20000106,   20
  310,20000107,    0
  310,20000108,    5
  310,20000109,    0
  310,20000110,    0
  310,20000111,   -1
  310,20000112,    0
  310,20000113,    4
  310,20000114,    5
  310,20000115,    0
  310,20000116,    1
  310,20000117,    1
  310,20000118,    3
  310,20000119,    1
  310,20000120,    3
  310,20000121,   22
  310,20000122,   64
  310,20000123,    8
  310,20000124,    0
  310,20000125,   -1
  310,20000126,   -1
  310,20000127,    0
  310,20000128,   -1
  310,20000129,   56
  310,20000130,   22
  310,20000131,    0
  310,20000201,   15
  310,20000202,   60
  310,20000203,    0
  310,20000204,   53
  310,20000205,    0
  310,20000206,   13
  310,20000207,   70
  310,20000208,   91
  310,20000209,    0
  310,20000210,   55
  310,20000211,    0
  310,20000212,   23
  310,20000213,    0
  310,20000214,   42
  310,20000215,    6
  310,20000216,   69
  310,20000217,    0
  310,20000218,   39
  310,20000219,   19
  310,20000220,    2
  310,20000221,    8
  310,20000222,    0
  310,20000223,    8
  310,20000224,   70
  310,20000225,  100
  310,20000226,   -1
  310,20000227,    0
  310,20000228,    6
  310,20000229,  136
  310,20000301,   33
  310,20000302,   56
  310,20000303,   79
  310,20000304,    5
  310,20000305,    0
  310,20000306,    0
  310,20000307,    3
  310,20000308,   12
  310,20000309,    0
  310,20000310,    4
  310,20000311,    0
  310,20000312,    0
  310,20000313,    1
  310,20000314,    6
  310,20000315,   -1
  310,20000316,    5
  310,20000317,    0
  310,20000318,   12
  310,20000319,   -1
  310,20000320,    0
  310,20000321,    0
  310,20000322,    0
  310,20000323,    0
  310,20000324,   73
  310,20000325,   33
  310,20000326,    1
  310,20000327,   55
  310,20000328,    4
  310,20000329,    3
  310,20000330,   -1
  310,20000331,   -1
  310,20000401,   13
  310,20000402,    2
  310,20000403,   -1
  310,20000404,   50
  310,20000405,    4
  310,20000406,    0
  310,20000407,    0
  310,20000408,    0
  310,20000409,    0
  310,20000410,    0
  310,20000411,   15
  310,20000412,   43
  310,20000413,   22
  310,20000414,    0
  310,20000415,   87
  310,20000416,   -1
  310,20000417,   38
  310,20000418,    0
  310,20000419,   -1
  310,20000420,    2
  310,20000421,   30
  310,20000422,   49
  310,20000423,   67
  310,20000424,    0
  310,20000425,    2
  310,20000426,    6
  310,20000427,  146
  310,20000428,    1
  310,20000429,   -1
  310,20000430,   -1
  310,20000501,   -1
  310,20000502,   -1
  310,20000503,   -1
  310,20000504,    0
  310,20000505,    0
  310,20000506,   -1
  310,20000507,   25
  310,20000508,   -1
  310,20000509,    0
  310,20000510,  148
  310,20000511,    3
  310,20000512,   -1
  310,20000513,   -1
  310,20000514,    0
  310,20000515,    0
  310,20000516,   69
  310,20000517,   -1
  310,20000518,   18
  310,20000519,   29
  310,20000520,    0
  310,20000521,  135
  310,20000522,   -1
  310,20000523,   75
  310,20000524,   95
  310,20000525,   34
  310,20000526,   63
  310,20000527,   23
  310,20000528,  143
  310,20000529,    1
  310,20000530,    0
  310,20000531,    0
  310,20000601,    5
  310,20000602,    0
  310,20000603,   61
  310,20000604,    0
  310,20000605,   82
  310,20000606,    1
  310,20000607,    0
  310,20000608,    0
  310,20000609,    0
  310,20000610,   18
  310,20000611,    0
  310,20000612,    0
  310,20000613,    0
  310,20000614,   -1
  310,20000615,   -1
  310,20000616,    0
  310,20000617,    0
  310,20000618,    0
  310,20000619,    0
  310,20000620,   -1
  310,20000621,   -1
  310,20000622,    4
  310,20000623,  164
  310,20000624,   13
  310,20000625,   21
  310,20000626,    0
  310,20000627,    0
  310,20000628,    0
  310,20000629,    5
  310,20000630,   10
  310,20000701,   23
  310,20000702,   23
  310,20000703,    0
  310,20000704,  123
  310,20000705,  112
  310,20000706,    0
  310,20000707,    0
  310,20000708,   -1
  310,20000709,   72
  310,20000710,  253
  310,20000711,   86
  310,20000712,   -1
  310,20000713,   58
  310,20000714,   48
  310,20000715,   60
  310,20000716,   29
  310,20000717,   -1
  310,20000718,    0
  310,20000719,    0
  310,20000720,    0
  310,20000721,   -1
  310,20000722,    0
  310,20000723,    0
  310,20000724,   56
  310,20000725,   -1
  310,20000726,    0
  310,20000727,   76
  310,20000728,    4
  310,20000729,   20
  310,20000730,    0
  310,20000731,    0
  310,20000801,   49
  310,20000802,    0
  310,20000803,   28
  310,20000804,    1
  310,20000805,    0
  310,20000806,    0
  310,20000807,   -1
  310,20000808,    0
  310,20000809,    0
  310,20000810,   -1
  310,20000811,    0
  310,20000812,    0
  310,20000813,    4
  310,20000814,   50
  310,20000815,    0
  310,20000816,   -1
  310,20000817,   -1
  310,20000818,   -1
  310,20000819,   62
  310,20000820,   76
  310,20000821,   14
  310,20000822,    0
  310,20000823,    0
  310,20000824,    0
  310,20000825,    0
  310,20000826,   -1
  310,20000827,    2
  310,20000828,    8
  310,20000829,    1
  310,20000830,    0
  310,20000831,    0
  310,20000901,   87
  310,20000902,  157
  310,20000903,    1
  310,20000904,    1
  310,20000905,   -1
  310,20000906,   38
  310,20000907,    0
  310,20000908,    3
  310,20000909,   -1
  310,20000910,    0
  310,20000911,    0
  310,20000912,    0
  310,20000913,    0
  310,20000914,    0
  310,20000915,   97
  310,20000916,  120
  310,20000917,    1
  310,20000918,    0
  310,20000919,    4
  310,20000920,    0
  310,20000921,    0
  310,20000922,    5
  310,20000923,    0
  310,20000924,    8
  310,20000925,    2
  310,20000926,   24
  310,20000927,   -1
  310,20000928,   74
  310,20000929,   40
  310,20000930,    8
  310,20001001,    0
  310,20001002,  115
  310,20001003,   -1
  310,20001004,   -1
  310,20001005,   28
  310,20001006,    4
  310,20001007,   -1
  310,20001008,   33
  310,20001009,  141
  310,20001010,   91
  310,20001011,   62
  310,20001012,   -1
  310,20001013,    0
  310,20001014,    0
  310,20001015,   -1
  310,20001016,  127
  310,20001017,    0
  310,20001018,   61
  310,20001019,   59
  310,20001020,    8
  310,20001021,    7
  310,20001022,    3
  310,20001023,   17
  310,20001024,    1
  310,20001025,    3
  310,20001026,   31
  310,20001027,   63
  310,20001028,   61
  310,20001029,   23
  310,20001030,  132
  310,20001031,   12
  310,20001101,  109
  310,20001102,   64
  310,20001103,    9
  310,20001104,    8
  310,20001105,    5
  310,20001106,   72
  310,20001107,   45
  310,20001108,   51
  310,20001109,   29
  310,20001110,    0
  310,20001111,   -1
  310,20001112,   52
  310,20001113,    0
  310,20001114,   12
  310,20001115,   11
  310,20001116,   24
  310,20001117,   55
  310,20001118,    3
  310,20001119,   37
  310,20001120,   38
  310,20001121,   56
  310,20001122,    4
  310,20001123,   26
  310,20001124,   -1
  310,20001125,   40
  310,20001126,   31
  310,20001127,   50
  310,20001128,   64
  310,20001129,    2
  310,20001130,    0
  310,20001201,   22
  310,20001202,    6
  310,20001203,  138
  310,20001204,   11
  310,20001205,   -1
  310,20001206,   35
  310,20001207,   27
  310,20001208,   -1
  310,20001209,   -1
  310,20001210,   42
  310,20001211,   25
  310,20001212,   67
  310,20001213,   36
  310,20001214,   11
  310,20001215,   28
  310,20001216,    0
  310,20001217,   15
  310,20001218,   -1
  310,20001219,    2
  310,20001220,    0
  310,20001221,    0
  310,20001222,    0
  310,20001223,    0
  310,20001224,    5
  310,20001225,    8
  310,20001226,    0
  310,20001227,   39
  310,20001228,   18
  310,20001229,   -1
  310,20001230,   34
  310,20001231,   -1
  310,20010101,  100
  310,20010102,   -1
  310,20010103,   22
  310,20010104,   34
  310,20010105,  132
  310,20010106,    4
  310,20010107,    1
  310,20010108,    1
  310,20010109,    8
  310,20010110,   29
  310,20010111,   18
  310,20010112,    0
  310,20010113,    0
  310,20010114,    0
  310,20010115,    0
  310,20010116,    0
  310,20010117,    0
  310,20010118,    0
  310,20010119,   -1
  310,20010120,   29
  310,20010121,   65
  310,20010122,   13
  310,20010123,   32
  310,20010124,   57
  310,20010125,   -1
  310,20010126,    5
  310,20010127,   95
  310,20010128,    0
  310,20010129,    1
  310,20010130,    4
  310,20010131,   -1
  310,20010201,    0
  310,20010202,   23
  310,20010203,   68
  310,20010204,  179
  310,20010205,   21
  310,20010206,   37
  310,20010207,   44
  310,20010208,  184
  310,20010209,    0
  310,20010210,   13
  310,20010211,   -1
  310,20010212,  122
  310,20010213,    0
  310,20010214,    0
  310,20010215,    0
  310,20010216,   -1
  310,20010217,    0
  310,20010218,    0
  310,20010219,   -1
  310,20010220,    0
  310,20010221,   15
  310,20010222,   11
  310,20010223,   38
  310,20010224,   48
  310,20010225,   24
  310,20010226,    1
  310,20010227,    1
  310,20010228,   41
  310,20010301,   63
  310,20010302,   11
  310,20010303,    0
  310,20010304,   -1
  310,20010305,    0
  310,20010306,    0
  310,20010307,   47
  310,20010308,   50
  310,20010309,    7
  310,20010310,   25
  310,20010311,   63
  310,20010312,   41
  310,20010313,   31
  310,20010314,    0
  310,20010315,   13
  310,20010316,    5
  310,20010317,    2
  310,20010318,  101
  310,20010319,   19
  310,20010320,    0
  310,20010321,   61
  310,20010322,    6
  310,20010323,  120
  310,20010324,   16
  310,20010325,    0
  310,20010326,    0
  310,20010327,   -1
  310,20010328,   32
  310,20010329,    1
  310,20010330,    0
  310,20010331,   -1
  310,20010401,   -1
  310,20010402,    2
  310,20010403,    1
  310,20010404,   30
  310,20010405,   52
  310,20010406,   18
  310,20010407,   74
  310,20010408,    4
  310,20010409,    3
  310,20010410,   33
  310,20010411,   14
  310,20010412,    0
  310,20010413,    0
  310,20010414,   90
  310,20010415,   38
  310,20010416,   22
  310,20010417,   27
  310,20010418,   51
  310,20010419,   25
  310,20010420,   38
  310,20010421,   -1
  310,20010422,    0
  310,20010423,   -1
  310,20010424,    7
  310,20010425,   31
  310,20010426,    7
  310,20010427,   20
  310,20010428,   42
  310,20010429,   -1
  310,20010430,   12
  310,20010501,    0
  310,20010502,   -1
  310,20010503,   49
  310,20010504,   34
  310,20010505,    0
  310,20010506,    0
  310,20010507,    0
  310,20010508,    0
  310,20010509,    0
  310,20010510,    0
  310,20010511,    0
  310,20010512,    0
  310,20010513,    0
  310,20010514,   38
  310,20010515,  122
  310,20010516,    5
  310,20010517,   12
  310,20010518,    7
  310,20010519,    0
  310,20010520,    0
  310,20010521,    0
  310,20010522,    0
  310,20010523,    0
  310,20010524,    0
  310,20010525,    0
  310,20010526,    0
  310,20010527,    0
  310,20010528,    0
  310,20010529,    0
  310,20010530,    0
  310,20010531,   -1
  310,20010601,   23
  310,20010602,   73
  310,20010603,   20
  310,20010604,    0
  310,20010605,   -1
  310,20010606,   13
  310,20010607,   24
  310,20010608,    0
  310,20010609,    0
  310,20010610,    3
  310,20010611,   -1
  310,20010612,    0
  310,20010613,   -1
  310,20010614,   -1
  310,20010615,  176
  310,20010616,   66
  310,20010617,   10
  310,20010618,   15
  310,20010619,    0
  310,20010620,    0
  310,20010621,    0
  310,20010622,    0
  310,20010623,    0
  310,20010624,    0
  310,20010625,    0
  310,20010626,    0
  310,20010627,  115
  310,20010628,   -1
  310,20010629,   -1
  310,20010630,   17
  310,20010701,    0
  310,20010702,    0
  310,20010703,    0
  310,20010704,    0
  310,20010705,   -1
  310,20010706,  111
  310,20010707,   46
  310,20010708,  121
  310,20010709,   -1
  310,20010710,   18
  310,20010711,   -1
  310,20010712,   29
  310,20010713,   31
  310,20010714,   18
  310,20010715,    0
  310,20010716,    0
  310,20010717,   37
  310,20010718,   51
  310,20010719,   20
  310,20010720,   18
  310,20010721,   52
  310,20010722,   -1
  310,20010723,   -1
  310,20010724,    0
  310,20010725,    0
  310,20010726,    0
  311,19970201,     
  311,19970202,     
  311,19970203,     
  311,19970204,     
  311,19970205,     
  311,19970206,     
  311,19970207,     
  311,19970208,     
  311,19970209,     
  311,19970210,     
  311,19970211,     
  311,19970212,     
  311,19970213,     
  311,19970214,     
  311,19970215,     
  311,19970216,     
  311,19970217,     
  311,19970218,     
  311,19970219,     
  311,19970220,     
  311,19970221,     
  311,19970222,     
  311,19970223,     
  311,19970224,     
  311,19970225,     
  311,19970226,     
  311,19970227,     
  311,19970228,     
  311,19970301,     
  311,19970302,     
  311,19970303,     
  311,19970304,     
  311,19970305,     
  311,19970306,     
  311,19970307,     
  311,19970308,     
  311,19970309,     
  311,19970310,     
  311,19970311,     
  311,19970312,     
  311,19970313,     
  311,19970314,     
  311,19970315,     
  311,19970316,     
  311,19970317,     
  311,19970318,     
  311,19970319,     
  311,19970320,     
  311,19970321,     
  311,19970322,     
  311,19970323,     
  311,19970324,     
  311,19970325,     
  311,19970326,     
  311,19970327,     
  311,19970328,     
  311,19970329,     
  311,19970330,     
  311,19970331,     
  311,19970401,     
  311,19970402,     
  311,19970403,     
  311,19970404,     
  311,19970405,     
  311,19970406,     
  311,19970407,     
  311,19970408,     
  311,19970409,     
  311,19970410,     
  311,19970411,     
  311,19970412,     
  311,19970413,     
  311,19970414,     
  311,19970415,     
  311,19970416,     
  311,19970417,     
  311,19970418,     
  311,19970419,     
  311,19970420,     
  311,19970421,     
  311,19970422,     
  311,19970423,     
  311,19970424,     
  311,19970425,     
  311,19970426,     
  311,19970427,     
  311,19970428,     
  311,19970429,     
  311,19970430,     
  311,19970501,     
  311,19970502,     
  311,19970503,     
  311,19970504,     
  311,19970505,     
  311,19970506,     
  311,19970507,     
  311,19970508,     
  311,19970509,     
  311,19970510,     
  311,19970511,     
  311,19970512,     
  311,19970513,     
  311,19970514,     
  311,19970515,     
  311,19970516,     
  311,19970517,     
  311,19970518,     
  311,19970519,     
  311,19970520,     
  311,19970521,     
  311,19970522,     
  311,19970523,     
  311,19970524,     
  311,19970525,     
  311,19970526,     
  311,19970527,     
  311,19970528,     
  311,19970529,     
  311,19970530,     
  311,19970531,     
  311,19970601,     
  311,19970602,     
  311,19970603,     
  311,19970604,     
  311,19970605,     
  311,19970606,     
  311,19970607,     
  311,19970608,     
  311,19970609,     
  311,19970610,     
  311,19970611,     
  311,19970612,     
  311,19970613,     
  311,19970614,     
  311,19970615,     
  311,19970616,     
  311,19970617,     
  311,19970618,     
  311,19970619,     
  311,19970620,     
  311,19970621,     
  311,19970622,     
  311,19970623,     
  311,19970624,     
  311,19970625,     
  311,19970626,     
  311,19970627,     
  311,19970628,     
  311,19970629,     
  311,19970630,     
  311,19970701,     
  311,19970702,     
  311,19970703,     
  311,19970704,     
  311,19970705,     
  311,19970706,     
  311,19970707,     
  311,19970708,     
  311,19970709,     
  311,19970710,     
  311,19970711,     
  311,19970712,     
  311,19970713,     
  311,19970714,     
  311,19970715,     
  311,19970716,     
  311,19970717,     
  311,19970718,     
  311,19970719,     
  311,19970720,     
  311,19970721,     
  311,19970722,     
  311,19970723,     
  311,19970724,     
  311,19970725,     
  311,19970726,     
  311,19970727,     
  311,19970728,     
  311,19970729,     
  311,19970730,     
  311,19970731,     
  311,19970801,     
  311,19970802,     
  311,19970803,     
  311,19970804,     
  311,19970805,     
  311,19970806,     
  311,19970807,     
  311,19970808,     
  311,19970809,     
  311,19970810,     
  311,19970811,     
  311,19970812,     
  311,19970813,     
  311,19970814,     
  311,19970815,     
  311,19970816,     
  311,19970817,     
  311,19970818,     
  311,19970819,     
  311,19970820,     
  311,19970821,     
  311,19970822,     
  311,19970823,     
  311,19970824,     
  311,19970825,     
  311,19970826,     
  311,19970827,     
  311,19970828,     
  311,19970829,     
  311,19970830,     
  311,19970831,     
  311,19970901,     
  311,19970902,     
  311,19970903,     
  311,19970904,     
  311,19970905,     
  311,19970906,     
  311,19970907,     
  311,19970908,     
  311,19970909,     
  311,19970910,     
  311,19970911,     
  311,19970912,     
  311,19970913,     
  311,19970914,     
  311,19970915,     
  311,19970916,     
  311,19970917,     
  311,19970918,     
  311,19970919,     
  311,19970920,     
  311,19970921,     
  311,19970922,     
  311,19970923,     
  311,19970924,     
  311,19970925,     
  311,19970926,     
  311,19970927,     
  311,19970928,     
  311,19970929,     
  311,19970930,     
  311,19971001,     
  311,19971002,     
  311,19971003,     
  311,19971004,     
  311,19971005,     
  311,19971006,     
  311,19971007,     
  311,19971008,     
  311,19971009,     
  311,19971010,     
  311,19971011,     
  311,19971012,     
  311,19971013,     
  311,19971014,     
  311,19971015,     
  311,19971016,     
  311,19971017,     
  311,19971018,     
  311,19971019,     
  311,19971020,     
  311,19971021,     
  311,19971022,     
  311,19971023,     
  311,19971024,     
  311,19971025,     
  311,19971026,     
  311,19971027,     
  311,19971028,     
  311,19971029,     
  311,19971030,     
  311,19971031,     
  311,19971101,     
  311,19971102,     
  311,19971103,     
  311,19971104,     
  311,19971105,     
  311,19971106,     
  311,19971107,     
  311,19971108,     
  311,19971109,     
  311,19971110,     
  311,19971111,     
  311,19971112,     
  311,19971113,     
  311,19971114,     
  311,19971115,     
  311,19971116,     
  311,19971117,     
  311,19971118,     
  311,19971119,     
  311,19971120,     
  311,19971121,     
  311,19971122,     
  311,19971123,     
  311,19971124,     
  311,19971125,     
  311,19971126,     
  311,19971127,     
  311,19971128,     
  311,19971129,     
  311,19971130,     
  311,19971201,     
  311,19971202,     
  311,19971203,     
  311,19971204,     
  311,19971205,     
  311,19971206,     
  311,19971207,     
  311,19971208,     
  311,19971209,     
  311,19971210,     
  311,19971211,     
  311,19971212,     
  311,19971213,     
  311,19971214,     
  311,19971215,     
  311,19971216,     
  311,19971217,     
  311,19971218,     
  311,19971219,     
  311,19971220,     
  311,19971221,     
  311,19971222,     
  311,19971223,     
  311,19971224,     
  311,19971225,     
  311,19971226,     
  311,19971227,     
  311,19971228,     
  311,19971229,     
  311,19971230,     
  311,19971231,     
  311,19980101,     
  311,19980102,     
  311,19980103,     
  311,19980104,     
  311,19980105,     
  311,19980106,     
  311,19980107,     
  311,19980108,     
  311,19980109,     
  311,19980110,     
  311,19980111,     
  311,19980112,     
  311,19980113,     
  311,19980114,     
  311,19980115,     
  311,19980116,     
  311,19980117,     
  311,19980118,     
  311,19980119,     
  311,19980120,     
  311,19980121,     
  311,19980122,     
  311,19980123,     
  311,19980124,     
  311,19980125,     
  311,19980126,     
  311,19980127,     
  311,19980128,     
  311,19980129,     
  311,19980130,     
  311,19980131,     
  311,19980201,     
  311,19980202,     
  311,19980203,     
  311,19980204,     
  311,19980205,     
  311,19980206,     
  311,19980207,     
  311,19980208,     
  311,19980209,     
  311,19980210,     
  311,19980211,     
  311,19980212,     
  311,19980213,     
  311,19980214,     
  311,19980215,     
  311,19980216,     
  311,19980217,     
  311,19980218,     
  311,19980219,     
  311,19980220,     
  311,19980221,     
  311,19980222,     
  311,19980223,     
  311,19980224,     
  311,19980225,     
  311,19980226,     
  311,19980227,     
  311,19980228,     
  311,19980301,     
  311,19980302,     
  311,19980303,     
  311,19980304,     
  311,19980305,     
  311,19980306,     
  311,19980307,     
  311,19980308,     
  311,19980309,     
  311,19980310,     
  311,19980311,     
  311,19980312,     
  311,19980313,     
  311,19980314,     
  311,19980315,     
  311,19980316,     
  311,19980317,     
  311,19980318,     
  311,19980319,     
  311,19980320,     
  311,19980321,     
  311,19980322,     
  311,19980323,     
  311,19980324,     
  311,19980325,     
  311,19980326,     
  311,19980327,     
  311,19980328,     
  311,19980329,     
  311,19980330,     
  311,19980331,     
  311,19980401,     
  311,19980402,     
  311,19980403,     
  311,19980404,     
  311,19980405,     
  311,19980406,     
  311,19980407,     
  311,19980408,     
  311,19980409,     
  311,19980410,     
  311,19980411,     
  311,19980412,     
  311,19980413,     
  311,19980414,     
  311,19980415,     
  311,19980416,     
  311,19980417,     
  311,19980418,     
  311,19980419,     
  311,19980420,     
  311,19980421,     
  311,19980422,     
  311,19980423,     
  311,19980424,     
  311,19980425,     
  311,19980426,     
  311,19980427,     
  311,19980428,     
  311,19980429,     
  311,19980430,     
  311,19980501,     
  311,19980502,     
  311,19980503,     
  311,19980504,     
  311,19980505,     
  311,19980506,     
  311,19980507,     
  311,19980508,     
  311,19980509,     
  311,19980510,     
  311,19980511,     
  311,19980512,     
  311,19980513,     
  311,19980514,     
  311,19980515,     
  311,19980516,     
  311,19980517,     
  311,19980518,     
  311,19980519,     
  311,19980520,     
  311,19980521,     
  311,19980522,     
  311,19980523,     
  311,19980524,     
  311,19980525,     
  311,19980526,     
  311,19980527,     
  311,19980528,     
  311,19980529,     
  311,19980530,     
  311,19980531,     
  311,19980601,     
  311,19980602,     
  311,19980603,     
  311,19980604,     
  311,19980605,     
  311,19980606,     
  311,19980607,     
  311,19980608,     
  311,19980609,     
  311,19980610,     
  311,19980611,     
  311,19980612,     
  311,19980613,     
  311,19980614,     
  311,19980615,     
  311,19980616,     
  311,19980617,     
  311,19980618,     
  311,19980619,     
  311,19980620,     
  311,19980621,     
  311,19980622,     
  311,19980623,     
  311,19980624,     
  311,19980625,     
  311,19980626,     
  311,19980627,     
  311,19980628,     
  311,19980629,     
  311,19980630,     
  311,19980701,     
  311,19980702,     
  311,19980703,     
  311,19980704,     
  311,19980705,     
  311,19980706,     
  311,19980707,     
  311,19980708,     
  311,19980709,     
  311,19980710,     
  311,19980711,     
  311,19980712,     
  311,19980713,     
  311,19980714,     
  311,19980715,     
  311,19980716,     
  311,19980717,     
  311,19980718,     
  311,19980719,     
  311,19980720,     
  311,19980721,     
  311,19980722,     
  311,19980723,     
  311,19980724,     
  311,19980725,     
  311,19980726,     
  311,19980727,     
  311,19980728,     
  311,19980729,     
  311,19980730,     
  311,19980731,     
  311,19980801,     
  311,19980802,     
  311,19980803,     
  311,19980804,     
  311,19980805,     
  311,19980806,     
  311,19980807,     
  311,19980808,     
  311,19980809,     
  311,19980810,     
  311,19980811,     
  311,19980812,     
  311,19980813,     
  311,19980814,     
  311,19980815,     
  311,19980816,     
  311,19980817,     
  311,19980818,     
  311,19980819,     
  311,19980820,     
  311,19980821,     
  311,19980822,     
  311,19980823,     
  311,19980824,     
  311,19980825,     
  311,19980826,     
  311,19980827,     
  311,19980828,     
  311,19980829,     
  311,19980830,     
  311,19980831,     
  311,19980901,     
  311,19980902,     
  311,19980903,     
  311,19980904,     
  311,19980905,     
  311,19980906,     
  311,19980907,     
  311,19980908,     
  311,19980909,     
  311,19980910,     
  311,19980911,     
  311,19980912,     
  311,19980913,     
  311,19980914,     
  311,19980915,     
  311,19980916,     
  311,19980917,     
  311,19980918,     
  311,19980919,     
  311,19980920,     
  311,19980921,     
  311,19980922,     
  311,19980923,     
  311,19980924,     
  311,19980925,     
  311,19980926,     
  311,19980927,     
  311,19980928,     
  311,19980929,     
  311,19980930,     
  311,19981001,     
  311,19981002,     
  311,19981003,     
  311,19981004,     
  311,19981005,     
  311,19981006,     
  311,19981007,     
  311,19981008,     
  311,19981009,     
  311,19981010,     
  311,19981011,     
  311,19981012,     
  311,19981013,     
  311,19981014,     
  311,19981015,     
  311,19981016,     
  311,19981017,     
  311,19981018,     
  311,19981019,     
  311,19981020,     
  311,19981021,     
  311,19981022,     
  311,19981023,     
  311,19981024,     
  311,19981025,     
  311,19981026,     
  311,19981027,     
  311,19981028,     
  311,19981029,     
  311,19981030,     
  311,19981031,     
  311,19981101,     
  311,19981102,     
  311,19981103,     
  311,19981104,     
  311,19981105,     
  311,19981106,     
  311,19981107,     
  311,19981108,     
  311,19981109,     
  311,19981110,     
  311,19981111,     
  311,19981112,     
  311,19981113,     
  311,19981114,     
  311,19981115,     
  311,19981116,     
  311,19981117,     
  311,19981118,     
  311,19981119,     
  311,19981120,     
  311,19981121,     
  311,19981122,     
  311,19981123,     
  311,19981124,     
  311,19981125,     
  311,19981126,     
  311,19981127,     
  311,19981128,     
  311,19981129,     
  311,19981130,     
  311,19981201,     
  311,19981202,     
  311,19981203,     
  311,19981204,     
  311,19981205,     
  311,19981206,     
  311,19981207,     
  311,19981208,     
  311,19981209,     
  311,19981210,     
  311,19981211,     
  311,19981212,     
  311,19981213,     
  311,19981214,     
  311,19981215,     
  311,19981216,     
  311,19981217,     
  311,19981218,     
  311,19981219,     
  311,19981220,     
  311,19981221,     
  311,19981222,     
  311,19981223,     
  311,19981224,     
  311,19981225,     
  311,19981226,     
  311,19981227,     
  311,19981228,     
  311,19981229,     
  311,19981230,     
  311,19981231,     
  311,19990101,     
  311,19990102,     
  311,19990103,     
  311,19990104,     
  311,19990105,     
  311,19990106,     
  311,19990107,     
  311,19990108,     
  311,19990109,     
  311,19990110,     
  311,19990111,     
  311,19990112,     
  311,19990113,     
  311,19990114,     
  311,19990115,     
  311,19990116,     
  311,19990117,     
  311,19990118,     
  311,19990119,     
  311,19990120,     
  311,19990121,     
  311,19990122,     
  311,19990123,     
  311,19990124,     
  311,19990125,     
  311,19990126,     
  311,19990127,     
  311,19990128,     
  311,19990129,     
  311,19990130,     
  311,19990131,     
  311,19990201,     
  311,19990202,     
  311,19990203,     
  311,19990204,     
  311,19990205,     
  311,19990206,     
  311,19990207,     
  311,19990208,     
  311,19990209,     
  311,19990210,     
  311,19990211,     
  311,19990212,     
  311,19990213,     
  311,19990214,     
  311,19990215,     
  311,19990216,     
  311,19990217,     
  311,19990218,     
  311,19990219,     
  311,19990220,     
  311,19990221,     
  311,19990222,     
  311,19990223,     
  311,19990224,     
  311,19990225,     
  311,19990226,     
  311,19990227,     
  311,19990228,     
  311,19990301,     
  311,19990302,     
  311,19990303,     
  311,19990304,     
  311,19990305,     
  311,19990306,     
  311,19990307,     
  311,19990308,     
  311,19990309,     
  311,19990310,     
  311,19990311,     
  311,19990312,     
  311,19990313,     
  311,19990314,     
  311,19990315,     
  311,19990316,     
  311,19990317,     
  311,19990318,     
  311,19990319,     
  311,19990320,     
  311,19990321,     
  311,19990322,     
  311,19990323,     
  311,19990324,     
  311,19990325,     
  311,19990326,     
  311,19990327,     
  311,19990328,     
  311,19990329,     
  311,19990330,     
  311,19990331,     
  311,19990401,     
  311,19990402,     
  311,19990403,     
  311,19990404,     
  311,19990405,     
  311,19990406,     
  311,19990407,     
  311,19990408,     
  311,19990409,     
  311,19990410,     
  311,19990411,     
  311,19990412,     
  311,19990413,     
  311,19990414,     
  311,19990415,     
  311,19990416,     
  311,19990417,     
  311,19990418,     
  311,19990419,     
  311,19990420,     
  311,19990421,     
  311,19990422,     
  311,19990423,     
  311,19990424,     
  311,19990425,     
  311,19990426,     
  311,19990427,     
  311,19990428,     
  311,19990429,     
  311,19990430,     
  311,19990501,     
  311,19990502,     
  311,19990503,     
  311,19990504,     
  311,19990505,     
  311,19990506,     
  311,19990507,     
  311,19990508,     
  311,19990509,     
  311,19990510,     
  311,19990511,     
  311,19990512,     
  311,19990513,     
  311,19990514,     
  311,19990515,     
  311,19990516,     
  311,19990517,     
  311,19990518,     
  311,19990519,     
  311,19990520,     
  311,19990521,     
  311,19990522,     
  311,19990523,     
  311,19990524,     
  311,19990525,     
  311,19990526,     
  311,19990527,     
  311,19990528,     
  311,19990529,     
  311,19990530,     
  311,19990531,     
  311,19990601,     
  311,19990602,     
  311,19990603,     
  311,19990604,     
  311,19990605,     
  311,19990606,     
  311,19990607,     
  311,19990608,     
  311,19990609,     
  311,19990610,     
  311,19990611,     
  311,19990612,     
  311,19990613,     
  311,19990614,     
  311,19990615,     
  311,19990616,     
  311,19990617,     
  311,19990618,     
  311,19990619,     
  311,19990620,     
  311,19990621,     
  311,19990622,     
  311,19990623,     
  311,19990624,     
  311,19990625,     
  311,19990626,     
  311,19990627,     
  311,19990628,     
  311,19990629,     
  311,19990630,     
  311,19990701,     
  311,19990702,     
  311,19990703,     
  311,19990704,     
  311,19990705,     
  311,19990706,     
  311,19990707,     
  311,19990708,     
  311,19990709,     
  311,19990710,     
  311,19990711,     
  311,19990712,     
  311,19990713,     
  311,19990714,     
  311,19990715,     
  311,19990716,     
  311,19990717,     
  311,19990718,     
  311,19990719,     
  311,19990720,     
  311,19990721,     
  311,19990722,     
  311,19990723,     
  311,19990724,     
  311,19990725,     
  311,19990726,     
  311,19990727,     
  311,19990728,     
  311,19990729,     
  311,19990730,     
  311,19990731,     
  311,19990801,     
  311,19990802,     
  311,19990803,     
  311,19990804,     
  311,19990805,     
  311,19990806,     
  311,19990807,     
  311,19990808,     
  311,19990809,     
  311,19990810,     
  311,19990811,     
  311,19990812,     
  311,19990813,     
  311,19990814,     
  311,19990815,     
  311,19990816,     
  311,19990817,     
  311,19990818,     
  311,19990819,     
  311,19990820,     
  311,19990821,     
  311,19990822,     
  311,19990823,     
  311,19990824,     
  311,19990825,     
  311,19990826,     
  311,19990827,     
  311,19990828,     
  311,19990829,     
  311,19990830,     
  311,19990831,     
  311,19990901,     
  311,19990902,     
  311,19990903,     
  311,19990904,     
  311,19990905,     
  311,19990906,     
  311,19990907,     
  311,19990908,     
  311,19990909,     
  311,19990910,     
  311,19990911,     
  311,19990912,     
  311,19990913,     
  311,19990914,     
  311,19990915,     
  311,19990916,     
  311,19990917,     
  311,19990918,     
  311,19990919,     
  311,19990920,     
  311,19990921,     
  311,19990922,     
  311,19990923,     
  311,19990924,     
  311,19990925,     
  311,19990926,     
  311,19990927,     
  311,19990928,     
  311,19990929,     
  311,19990930,     
  311,19991001,     
  311,19991002,     
  311,19991003,     
  311,19991004,     
  311,19991005,     
  311,19991006,     
  311,19991007,     
  311,19991008,     
  311,19991009,     
  311,19991010,     
  311,19991011,     
  311,19991012,     
  311,19991013,     
  311,19991014,     
  311,19991015,     
  311,19991016,     
  311,19991017,     
  311,19991018,     
  311,19991019,     
  311,19991020,     
  311,19991021,     
  311,19991022,     
  311,19991023,     
  311,19991024,     
  311,19991025,     
  311,19991026,     
  311,19991027,     
  311,19991028,     
  311,19991029,     
  311,19991030,     
  311,19991031,     
  311,19991101,     
  311,19991102,     
  311,19991103,     
  311,19991104,     
  311,19991105,     
  311,19991106,     
  311,19991107,     
  311,19991108,     
  311,19991109,     
  311,19991110,     
  311,19991111,     
  311,19991112,     
  311,19991113,     
  311,19991114,     
  311,19991115,     
  311,19991116,     
  311,19991117,     
  311,19991118,     
  311,19991119,     
  311,19991120,     
  311,19991121,     
  311,19991122,     
  311,19991123,     
  311,19991124,     
  311,19991125,     
  311,19991126,     
  311,19991127,     
  311,19991128,     
  311,19991129,     
  311,19991130,     
  311,19991201,     
  311,19991202,     
  311,19991203,     
  311,19991204,     
  311,19991205,     
  311,19991206,     
  311,19991207,     
  311,19991208,     
  311,19991209,     
  311,19991210,     
  311,19991211,     
  311,19991212,     
  311,19991213,     
  311,19991214,     
  311,19991215,     
  311,19991216,     
  311,19991217,     
  311,19991218,     
  311,19991219,     
  311,19991220,     
  311,19991221,     
  311,19991222,     
  311,19991223,     
  311,19991224,     
  311,19991225,     
  311,19991226,     
  311,19991227,     
  311,19991228,     
  311,19991229,     
  311,19991230,     
  311,19991231,     
  311,20000101,     
  311,20000102,     
  311,20000103,     
  311,20000104,     
  311,20000105,     
  311,20000106,     
  311,20000107,     
  311,20000108,     
  311,20000109,     
  311,20000110,     
  311,20000111,     
  311,20000112,     
  311,20000113,     
  311,20000114,     
  311,20000115,     
  311,20000116,     
  311,20000117,     
  311,20000118,     
  311,20000119,     
  311,20000120,     
  311,20000121,     
  311,20000122,     
  311,20000123,     
  311,20000124,     
  311,20000125,     
  311,20000126,     
  311,20000127,     
  311,20000128,     
  311,20000129,     
  311,20000130,     
  311,20000131,     
  311,20000201,     
  311,20000202,     
  311,20000203,     
  311,20000204,     
  311,20000205,     
  311,20000206,     
  311,20000207,     
  311,20000208,     
  311,20000209,     
  311,20000210,     
  311,20000211,     
  311,20000212,     
  311,20000213,     
  311,20000214,     
  311,20000215,     
  311,20000216,     
  311,20000217,     
  311,20000218,     
  311,20000219,     
  311,20000220,     
  311,20000221,     
  311,20000222,     
  311,20000223,     
  311,20000224,     
  311,20000225,     
  311,20000226,     
  311,20000227,     
  311,20000228,     
  311,20000229,     
  311,20000301,     
  311,20000302,     
  311,20000303,     
  311,20000304,     
  311,20000305,     
  311,20000306,     
  311,20000307,     
  311,20000308,     
  311,20000309,     
  311,20000310,     
  311,20000311,     
  311,20000312,     
  311,20000313,     
  311,20000314,     
  311,20000315,     
  311,20000316,     
  311,20000317,     
  311,20000318,     
  311,20000319,     
  311,20000320,     
  311,20000321,     
  311,20000322,     
  311,20000323,     
  311,20000324,     
  311,20000325,     
  311,20000326,     
  311,20000327,     
  311,20000328,     
  311,20000329,     
  311,20000330,     
  311,20000331,     
  311,20000401,     
  311,20000402,     
  311,20000403,     
  311,20000404,     
  311,20000405,     
  311,20000406,     
  311,20000407,     
  311,20000408,     
  311,20000409,     
  311,20000410,     
  311,20000411,     
  311,20000412,     
  311,20000413,     
  311,20000414,     
  311,20000415,     
  311,20000416,     
  311,20000417,     
  311,20000418,     
  311,20000419,     
  311,20000420,     
  311,20000421,     
  311,20000422,     
  311,20000423,     
  311,20000424,     
  311,20000425,     
  311,20000426,     
  311,20000427,     
  311,20000428,     
  311,20000429,     
  311,20000430,     
  311,20000501,     
  311,20000502,     
  311,20000503,     
  311,20000504,     
  311,20000505,     
  311,20000506,     
  311,20000507,     
  311,20000508,     
  311,20000509,     
  311,20000510,     
  311,20000511,     
  311,20000512,     
  311,20000513,     
  311,20000514,     
  311,20000515,     
  311,20000516,     
  311,20000517,     
  311,20000518,     
  311,20000519,     
  311,20000520,     
  311,20000521,     
  311,20000522,     
  311,20000523,     
  311,20000524,     
  311,20000525,     
  311,20000526,     
  311,20000527,     
  311,20000528,     
  311,20000529,     
  311,20000530,     
  311,20000531,     
  311,20000601,     
  311,20000602,     
  311,20000603,     
  311,20000604,     
  311,20000605,     
  311,20000606,     
  311,20000607,     
  311,20000608,     
  311,20000609,     
  311,20000610,     
  311,20000611,     
  311,20000612,     
  311,20000613,     
  311,20000614,     
  311,20000615,     
  311,20000616,     
  311,20000617,     
  311,20000618,     
  311,20000619,     
  311,20000620,     
  311,20000621,     
  311,20000622,     
  311,20000623,     
  311,20000624,     
  311,20000625,     
  311,20000626,     
  311,20000627,     
  311,20000628,     
  311,20000629,     
  311,20000630,     
  311,20000701,     
  311,20000702,     
  311,20000703,     
  311,20000704,     
  311,20000705,     
  311,20000706,     
  311,20000707,     
  311,20000708,     
  311,20000709,     
  311,20000710,     
  311,20000711,     
  311,20000712,     
  311,20000713,     
  311,20000714,     
  311,20000715,     
  311,20000716,     
  311,20000717,     
  311,20000718,     
  311,20000719,     
  311,20000720,     
  311,20000721,     
  311,20000722,     
  311,20000723,     
  311,20000724,     
  311,20000725,     
  311,20000726,     
  311,20000727,     
  311,20000728,     
  311,20000729,     
  311,20000730,     
  311,20000731,     
  311,20000801,     
  311,20000802,     
  311,20000803,     
  311,20000804,     
  311,20000805,     
  311,20000806,     
  311,20000807,     
  311,20000808,     
  311,20000809,     
  311,20000810,     
  311,20000811,     
  311,20000812,     
  311,20000813,     
  311,20000814,     
  311,20000815,     
  311,20000816,     
  311,20000817,     
  311,20000818,     
  311,20000819,     
  311,20000820,     
  311,20000821,     
  311,20000822,     
  311,20000823,     
  311,20000824,     
  311,20000825,     
  311,20000826,     
  311,20000827,     
  311,20000828,     
  311,20000829,     
  311,20000830,     
  311,20000831,     
  311,20000901,     
  311,20000902,     
  311,20000903,     
  311,20000904,     
  311,20000905,     
  311,20000906,     
  311,20000907,     
  311,20000908,     
  311,20000909,     
  311,20000910,     
  311,20000911,     
  311,20000912,     
  311,20000913,     
  311,20000914,     
  311,20000915,     
  311,20000916,     
  311,20000917,     
  311,20000918,     
  311,20000919,     
  311,20000920,     
  311,20000921,     
  311,20000922,     
  311,20000923,     
  311,20000924,     
  311,20000925,     
  311,20000926,     
  311,20000927,     
  311,20000928,     
  311,20000929,     
  311,20000930,     
  311,20001001,     
  311,20001002,     
  311,20001003,     
  311,20001004,     
  311,20001005,     
  311,20001006,     
  311,20001007,     
  311,20001008,     
  311,20001009,     
  311,20001010,     
  311,20001011,     
  311,20001012,     
  311,20001013,     
  311,20001014,     
  311,20001015,     
  311,20001016,     
  311,20001017,     
  311,20001018,     
  311,20001019,     
  311,20001020,     
  311,20001021,     
  311,20001022,     
  311,20001023,     
  311,20001024,     
  311,20001025,     
  311,20001026,     
  311,20001027,     
  311,20001028,     
  311,20001029,     
  311,20001030,     
  311,20001031,     
  311,20001101,     
  311,20001102,     
  311,20001103,     
  311,20001104,     
  311,20001105,     
  311,20001106,     
  311,20001107,     
  311,20001108,     
  311,20001109,     
  311,20001110,     
  311,20001111,     
  311,20001112,     
  311,20001113,     
  311,20001114,     
  311,20001115,     
  311,20001116,     
  311,20001117,     
  311,20001118,     
  311,20001119,     
  311,20001120,     
  311,20001121,     
  311,20001122,     
  311,20001123,     
  311,20001124,     
  311,20001125,     
  311,20001126,     
  311,20001127,     
  311,20001128,     
  311,20001129,     
  311,20001130,     
  311,20001201,     
  311,20001202,     
  311,20001203,     
  311,20001204,     
  311,20001205,     
  311,20001206,     
  311,20001207,     
  311,20001208,     
  311,20001209,     
  311,20001210,     
  311,20001211,     
  311,20001212,     
  311,20001213,     
  311,20001214,     
  311,20001215,     
  311,20001216,     
  311,20001217,     
  311,20001218,     
  311,20001219,     
  311,20001220,     
  311,20001221,     
  311,20001222,     
  311,20001223,     
  311,20001224,     
  311,20001225,     
  311,20001226,     
  311,20001227,     
  311,20001228,     
  311,20001229,     
  311,20001230,     
  311,20001231,     
  311,20010101,     
  311,20010102,     
  311,20010103,     
  311,20010104,     
  311,20010105,     
  311,20010106,     
  311,20010107,     
  311,20010108,     
  311,20010109,     
  311,20010110,     
  311,20010111,     
  311,20010112,     
  311,20010113,     
  311,20010114,     
  311,20010115,     
  311,20010116,     
  311,20010117,     
  311,20010118,     
  311,20010119,     
  311,20010120,     
  311,20010121,     
  311,20010122,     
  311,20010123,     
  311,20010124,     
  311,20010125,     
  311,20010126,     
  311,20010127,     
  311,20010128,     
  311,20010129,     
  311,20010130,     
  311,20010131,     
  311,20010201,     
  311,20010202,     
  311,20010203,     
  311,20010204,     
  311,20010205,     
  311,20010206,     
  311,20010207,     
  311,20010208,     
  311,20010209,     
  311,20010210,     
  311,20010211,     
  311,20010212,     
  311,20010213,     
  311,20010214,     
  311,20010215,     
  311,20010216,     
  311,20010217,     
  311,20010218,     
  311,20010219,     
  311,20010220,     
  311,20010221,     
  311,20010222,     
  311,20010223,     
  311,20010224,     
  311,20010225,     
  311,20010226,     
  311,20010227,     
  311,20010228,     
  311,20010301,     
  311,20010302,     
  311,20010303,     
  311,20010304,     
  311,20010305,     
  311,20010306,     
  311,20010307,     
  311,20010308,     
  311,20010309,     
  311,20010310,     
  311,20010311,     
  311,20010312,     
  311,20010313,     
  311,20010314,     
  311,20010315,     
  311,20010316,     
  311,20010317,     
  311,20010318,     
  311,20010319,     
  311,20010320,     
  311,20010321,     
  311,20010322,     
  311,20010323,     
  311,20010324,     
  311,20010325,     
  311,20010326,     
  311,20010327,     
  311,20010328,     
  311,20010329,     
  311,20010330,     
  311,20010331,     
  311,20010401,     
  311,20010402,     
  311,20010403,     
  311,20010404,     
  311,20010405,     
  311,20010406,     
  311,20010407,     
  311,20010408,     
  311,20010409,     
  311,20010410,     
  311,20010411,     
  311,20010412,     
  311,20010413,     
  311,20010414,     
  311,20010415,     
  311,20010416,     
  311,20010417,     
  311,20010418,     
  311,20010419,     
  311,20010420,     
  311,20010421,     
  311,20010422,     
  311,20010423,     
  311,20010424,     
  311,20010425,     
  311,20010426,     
  311,20010427,     
  311,20010428,     
  311,20010429,     
  311,20010430,     
  311,20010501,     
  311,20010502,     
  311,20010503,     
  311,20010504,     
  311,20010505,     
  311,20010506,     
  311,20010507,     
  311,20010508,     
  311,20010509,     
  311,20010510,     
  311,20010511,     
  311,20010512,     
  311,20010513,     
  311,20010514,     
  311,20010515,     
  311,20010516,     
  311,20010517,     
  311,20010518,     
  311,20010519,     
  311,20010520,     
  311,20010521,     
  311,20010522,     
  311,20010523,     
  311,20010524,     
  311,20010525,     
  311,20010526,     
  311,20010527,     
  311,20010528,     
  311,20010529,     
  311,20010530,     
  311,20010531,     
  311,20010601,     
  311,20010602,     
  311,20010603,     
  311,20010604,     
  311,20010605,     
  311,20010606,     
  311,20010607,     
  311,20010608,     
  311,20010609,     
  311,20010610,     
  311,20010611,     
  311,20010612,     
  311,20010613,     
  311,20010614,     
  311,20010615,     
  311,20010616,     
  311,20010617,     
  311,20010618,     
  311,20010619,     
  311,20010620,     
  311,20010621,     
  311,20010622,     
  311,20010623,     
  311,20010624,     
  311,20010625,     
  311,20010626,     
  311,20010627,     
  311,20010628,     
  311,20010629,     
  311,20010630,     
  311,20010701,     
  311,20010702,     
  311,20010703,     
  311,20010704,     
  311,20010705,     
  311,20010706,     
  311,20010707,     
  311,20010708,     
  311,20010709,     
  311,20010710,     
  311,20010711,     
  311,20010712,     
  311,20010713,     
  311,20010714,     
  311,20010715,     
  311,20010716,     
  311,20010717,     
  311,20010718,     
  311,20010719,     
  311,20010720,     
  311,20010721,     
  311,20010722,     
  311,20010723,     
  311,20010724,     
  311,20010725,     
  311,20010726,     
  312,19960726,     
  312,19960727,     
  312,19960728,     
  312,19960729,     
  312,19960730,     
  312,19960731,     
  312,19960801,     
  312,19960802,     
  312,19960803,     
  312,19960804,     
  312,19960805,     
  312,19960806,     
  312,19960807,     
  312,19960808,     
  312,19960809,     
  312,19960810,     
  312,19960811,     
  312,19960812,     
  312,19960813,     
  312,19960814,     
  312,19960815,     
  312,19960816,     
  312,19960817,     
  312,19960818,     
  312,19960819,     
  312,19960820,     
  312,19960821,     
  312,19960822,     
  312,19960823,     
  312,19960824,     
  312,19960825,     
  312,19960826,     
  312,19960827,     
  312,19960828,     
  312,19960829,     
  312,19960830,     
  312,19960831,     
  312,19960901,     
  312,19960902,     
  312,19960903,     
  312,19960904,     
  312,19960905,     
  312,19960906,     
  312,19960907,     
  312,19960908,     
  312,19960909,     
  312,19960910,     
  312,19960911,     
  312,19960912,     
  312,19960913,     
  312,19960914,     
  312,19960915,     
  312,19960916,     
  312,19960917,     
  312,19960918,     
  312,19960919,     
  312,19960920,     
  312,19960921,     
  312,19960922,     
  312,19960923,     
  312,19960924,     
  312,19960925,     
  312,19960926,     
  312,19960927,     
  312,19960928,     
  312,19960929,     
  312,19960930,     
  312,19961001,     
  312,19961002,     
  312,19961003,     
  312,19961004,     
  312,19961005,     
  312,19961006,     
  312,19961007,     
  312,19961008,     
  312,19961009,     
  312,19961010,     
  312,19961011,     
  312,19961012,     
  312,19961013,     
  312,19961014,     
  312,19961015,     
  312,19961016,     
  312,19961017,     
  312,19961018,     
  312,19961019,     
  312,19961020,     
  312,19961021,     
  312,19961022,     
  312,19961023,     
  312,19961024,     
  312,19961025,     
  312,19961026,     
  312,19961027,     
  312,19961028,     
  312,19961029,     
  312,19961030,     
  312,19961031,     
  312,19961101,     
  312,19961102,     
  312,19961103,     
  312,19961104,     
  312,19961105,     
  312,19961106,     
  312,19961107,     
  312,19961108,     
  312,19961109,     
  312,19961110,     
  312,19961111,     
  312,19961112,     
  312,19961113,     
  312,19961114,     
  312,19961115,     
  312,19961116,     
  312,19961117,     
  312,19961118,     
  312,19961119,     
  312,19961120,     
  312,19961121,     
  312,19961122,     
  312,19961123,     
  312,19961124,     
  312,19961125,     
  312,19961126,     
  312,19961127,     
  312,19961128,     
  312,19961129,     
  312,19961130,     
  312,19961201,     
  312,19961202,     
  312,19961203,     
  312,19961204,     
  312,19961205,     
  312,19961206,     
  312,19961207,     
  312,19961208,     
  312,19961209,     
  312,19961210,     
  312,19961211,     
  312,19961212,     
  312,19961213,     
  312,19961214,     
  312,19961215,     
  312,19961216,     
  312,19961217,     
  312,19961218,     
  312,19961219,     
  312,19961220,     
  312,19961221,     
  312,19961222,     
  312,19961223,     
  312,19961224,     
  312,19961225,     
  312,19961226,     
  312,19961227,     
  312,19961228,     
  312,19961229,     
  312,19961230,     
  312,19961231,     
  312,19970101,     
  312,19970102,     
  312,19970103,     
  312,19970104,     
  312,19970105,     
  312,19970106,     
  312,19970107,     
  312,19970108,     
  312,19970109,     
  312,19970110,     
  312,19970111,     
  312,19970112,     
  312,19970113,     
  312,19970114,     
  312,19970115,     
  312,19970116,     
  312,19970117,     
  312,19970118,     
  312,19970119,     
  312,19970120,     
  312,19970121,     
  312,19970122,     
  312,19970123,     
  312,19970124,     
  312,19970125,     
  312,19970126,     
  312,19970127,     
  312,19970128,     
  312,19970129,     
  312,19970130,     
  312,19970131,     
  312,19970201,     
  312,19970202,     
  312,19970203,     
  312,19970204,     
  312,19970205,     
  312,19970206,     
  312,19970207,     
  312,19970208,     
  312,19970209,     
  312,19970210,     
  312,19970211,     
  312,19970212,     
  312,19970213,     
  312,19970214,     
  312,19970215,     
  312,19970216,     
  312,19970217,     
  312,19970218,     
  312,19970219,     
  312,19970220,     
  312,19970221,     
  312,19970222,     
  312,19970223,     
  312,19970224,     
  312,19970225,     
  312,19970226,     
  312,19970227,     
  312,19970228,     
  312,19970301,     
  312,19970302,     
  312,19970303,     
  312,19970304,     
  312,19970305,     
  312,19970306,     
  312,19970307,     
  312,19970308,     
  312,19970309,     
  312,19970310,     
  312,19970311,     
  312,19970312,     
  312,19970313,     
  312,19970314,     
  312,19970315,     
  312,19970316,     
  312,19970317,     
  312,19970318,     
  312,19970319,     
  312,19970320,     
  312,19970321,     
  312,19970322,     
  312,19970323,     
  312,19970324,     
  312,19970325,     
  312,19970326,     
  312,19970327,     
  312,19970328,     
  312,19970329,     
  312,19970330,     
  312,19970331,     
  312,19970401,     
  312,19970402,     
  312,19970403,     
  312,19970404,     
  312,19970405,     
  312,19970406,     
  312,19970407,     
  312,19970408,     
  312,19970409,     
  312,19970410,     
  312,19970411,     
  312,19970412,     
  312,19970413,     
  312,19970414,     
  312,19970415,     
  312,19970416,     
  312,19970417,     
  312,19970418,     
  312,19970419,     
  312,19970420,     
  312,19970421,     
  312,19970422,     
  312,19970423,     
  312,19970424,     
  312,19970425,     
  312,19970426,     
  312,19970427,     
  312,19970428,     
  312,19970429,     
  312,19970430,     
  312,19970501,     
  312,19970502,     
  312,19970503,     
  312,19970504,     
  312,19970505,     
  312,19970506,     
  312,19970507,     
  312,19970508,     
  312,19970509,     
  312,19970510,     
  312,19970511,     
  312,19970512,     
  312,19970513,     
  312,19970514,     
  312,19970515,     
  312,19970516,     
  312,19970517,     
  312,19970518,     
  312,19970519,     
  312,19970520,     
  312,19970521,     
  312,19970522,     
  312,19970523,     
  312,19970524,     
  312,19970525,     
  312,19970526,     
  312,19970527,     
  312,19970528,     
  312,19970529,     
  312,19970530,     
  312,19970531,     
  312,19970601,     
  312,19970602,     
  312,19970603,     
  312,19970604,     
  312,19970605,     
  312,19970606,     
  312,19970607,     
  312,19970608,     
  312,19970609,     
  312,19970610,     
  312,19970611,     
  312,19970612,     
  312,19970613,     
  312,19970614,     
  312,19970615,     
  312,19970616,     
  312,19970617,     
  312,19970618,     
  312,19970619,     
  312,19970620,     
  312,19970621,     
  312,19970622,     
  312,19970623,     
  312,19970624,     
  312,19970625,     
  312,19970626,     
  312,19970627,     
  312,19970628,     
  312,19970629,     
  312,19970630,     
  312,19970701,     
  312,19970702,     
  312,19970703,     
  312,19970704,     
  312,19970705,     
  312,19970706,     
  312,19970707,     
  312,19970708,     
  312,19970709,     
  312,19970710,     
  312,19970711,     
  312,19970712,     
  312,19970713,     
  312,19970714,     
  312,19970715,     
  312,19970716,     
  312,19970717,     
  312,19970718,     
  312,19970719,     
  312,19970720,     
  312,19970721,     
  312,19970722,     
  312,19970723,     
  312,19970724,     
  312,19970725,     
  312,19970726,     
  312,19970727,     
  312,19970728,     
  312,19970729,     
  312,19970730,     
  312,19970731,     
  312,19970801,     
  312,19970802,     
  312,19970803,     
  312,19970804,     
  312,19970805,     
  312,19970806,     
  312,19970807,     
  312,19970808,     
  312,19970809,     
  312,19970810,     
  312,19970811,     
  312,19970812,     
  312,19970813,     
  312,19970814,     
  312,19970815,     
  312,19970816,     
  312,19970817,     
  312,19970818,     
  312,19970819,     
  312,19970820,     
  312,19970821,     
  312,19970822,     
  312,19970823,     
  312,19970824,     
  312,19970825,     
  312,19970826,     
  312,19970827,     
  312,19970828,     
  312,19970829,     
  312,19970830,     
  312,19970831,     
  312,19970901,     
  312,19970902,     
  312,19970903,     
  312,19970904,     
  312,19970905,     
  312,19970906,     
  312,19970907,     
  312,19970908,     
  312,19970909,     
  312,19970910,     
  312,19970911,     
  312,19970912,     
  312,19970913,     
  312,19970914,     
  312,19970915,     
  312,19970916,     
  312,19970917,     
  312,19970918,     
  312,19970919,     
  312,19970920,     
  312,19970921,     
  312,19970922,     
  312,19970923,     
  312,19970924,     
  312,19970925,     
  312,19970926,     
  312,19970927,     
  312,19970928,     
  312,19970929,     
  312,19970930,     
  312,19971001,     
  312,19971002,     
  312,19971003,     
  312,19971004,     
  312,19971005,     
  312,19971006,     
  312,19971007,     
  312,19971008,     
  312,19971009,     
  312,19971010,     
  312,19971011,     
  312,19971012,     
  312,19971013,     
  312,19971014,     
  312,19971015,     
  312,19971016,     
  312,19971017,     
  312,19971018,     
  312,19971019,     
  312,19971020,     
  312,19971021,     
  312,19971022,     
  312,19971023,     
  312,19971024,     
  312,19971025,     
  312,19971026,     
  312,19971027,     
  312,19971028,     
  312,19971029,     
  312,19971030,     
  312,19971031,     
  312,19971101,     
  312,19971102,     
  312,19971103,     
  312,19971104,     
  312,19971105,     
  312,19971106,     
  312,19971107,     
  312,19971108,     
  312,19971109,     
  312,19971110,     
  312,19971111,     
  312,19971112,     
  312,19971113,     
  312,19971114,     
  312,19971115,     
  312,19971116,     
  312,19971117,     
  312,19971118,     
  312,19971119,     
  312,19971120,     
  312,19971121,     
  312,19971122,     
  312,19971123,     
  312,19971124,     
  312,19971125,     
  312,19971126,     
  312,19971127,     
  312,19971128,     
  312,19971129,     
  312,19971130,     
  312,19971201,     
  312,19971202,     
  312,19971203,     
  312,19971204,     
  312,19971205,     
  312,19971206,     
  312,19971207,     
  312,19971208,     
  312,19971209,     
  312,19971210,     
  312,19971211,     
  312,19971212,     
  312,19971213,     
  312,19971214,     
  312,19971215,     
  312,19971216,     
  312,19971217,     
  312,19971218,     
  312,19971219,     
  312,19971220,     
  312,19971221,     
  312,19971222,     
  312,19971223,     
  312,19971224,     
  312,19971225,     
  312,19971226,     
  312,19971227,     
  312,19971228,     
  312,19971229,     
  312,19971230,     
  312,19971231,     
  312,19980101,     
  312,19980102,     
  312,19980103,     
  312,19980104,     
  312,19980105,     
  312,19980106,     
  312,19980107,     
  312,19980108,     
  312,19980109,     
  312,19980110,     
  312,19980111,     
  312,19980112,     
  312,19980113,     
  312,19980114,     
  312,19980115,     
  312,19980116,     
  312,19980117,     
  312,19980118,     
  312,19980119,     
  312,19980120,     
  312,19980121,     
  312,19980122,     
  312,19980123,     
  312,19980124,     
  312,19980125,     
  312,19980126,     
  312,19980127,     
  312,19980128,     
  312,19980129,     
  312,19980130,     
  312,19980131,     
  312,19980201,     
  312,19980202,     
  312,19980203,     
  312,19980204,     
  312,19980205,     
  312,19980206,     
  312,19980207,     
  312,19980208,     
  312,19980209,     
  312,19980210,     
  312,19980211,     
  312,19980212,     
  312,19980213,     
  312,19980214,     
  312,19980215,     
  312,19980216,     
  312,19980217,     
  312,19980218,     
  312,19980219,     
  312,19980220,     
  312,19980221,     
  312,19980222,     
  312,19980223,     
  312,19980224,     
  312,19980225,     
  312,19980226,     
  312,19980227,     
  312,19980228,     
  312,19980301,     
  312,19980302,     
  312,19980303,     
  312,19980304,     
  312,19980305,     
  312,19980306,     
  312,19980307,     
  312,19980308,     
  312,19980309,     
  312,19980310,     
  312,19980311,     
  312,19980312,     
  312,19980313,     
  312,19980314,     
  312,19980315,     
  312,19980316,     
  312,19980317,     
  312,19980318,     
  312,19980319,     
  312,19980320,     
  312,19980321,     
  312,19980322,     
  312,19980323,     
  312,19980324,     
  312,19980325,     
  312,19980326,     
  312,19980327,     
  312,19980328,     
  312,19980329,     
  312,19980330,     
  312,19980331,     
  312,19980401,     
  312,19980402,     
  312,19980403,     
  312,19980404,     
  312,19980405,     
  312,19980406,     
  312,19980407,     
  312,19980408,     
  312,19980409,     
  312,19980410,     
  312,19980411,     
  312,19980412,     
  312,19980413,     
  312,19980414,     
  312,19980415,     
  312,19980416,     
  312,19980417,     
  312,19980418,     
  312,19980419,     
  312,19980420,     
  312,19980421,     
  312,19980422,     
  312,19980423,     
  312,19980424,     
  312,19980425,     
  312,19980426,     
  312,19980427,     
  312,19980428,     
  312,19980429,     
  312,19980430,     
  312,19980501,     
  312,19980502,     
  312,19980503,     
  312,19980504,     
  312,19980505,     
  312,19980506,     
  312,19980507,     
  312,19980508,     
  312,19980509,     
  312,19980510,     
  312,19980511,     
  312,19980512,     
  312,19980513,     
  312,19980514,     
  312,19980515,     
  312,19980516,     
  312,19980517,     
  312,19980518,     
  312,19980519,     
  312,19980520,     
  312,19980521,     
  312,19980522,     
  312,19980523,     
  312,19980524,     
  312,19980525,     
  312,19980526,     
  312,19980527,     
  312,19980528,     
  312,19980529,     
  312,19980530,     
  312,19980531,     
  312,19980601,     
  312,19980602,     
  312,19980603,     
  312,19980604,     
  312,19980605,     
  312,19980606,     
  312,19980607,     
  312,19980608,     
  312,19980609,     
  312,19980610,     
  312,19980611,     
  312,19980612,     
  312,19980613,     
  312,19980614,     
  312,19980615,     
  312,19980616,     
  312,19980617,     
  312,19980618,     
  312,19980619,     
  312,19980620,     
  312,19980621,     
  312,19980622,     
  312,19980623,     
  312,19980624,     
  312,19980625,     
  312,19980626,     
  312,19980627,     
  312,19980628,     
  312,19980629,     
  312,19980630,     
  312,19980701,     
  312,19980702,     
  312,19980703,     
  312,19980704,     
  312,19980705,     
  312,19980706,     
  312,19980707,     
  312,19980708,     
  312,19980709,     
  312,19980710,     
  312,19980711,     
  312,19980712,     
  312,19980713,     
  312,19980714,     
  312,19980715,     
  312,19980716,     
  312,19980717,     
  312,19980718,     
  312,19980719,     
  312,19980720,     
  312,19980721,     
  312,19980722,     
  312,19980723,     
  312,19980724,     
  312,19980725,     
  312,19980726,     
  312,19980727,     
  312,19980728,     
  312,19980729,     
  312,19980730,     
  312,19980731,     
  312,19980801,     
  312,19980802,     
  312,19980803,     
  312,19980804,     
  312,19980805,     
  312,19980806,     
  312,19980807,     
  312,19980808,     
  312,19980809,     
  312,19980810,     
  312,19980811,     
  312,19980812,     
  312,19980813,     
  312,19980814,     
  312,19980815,     
  312,19980816,     
  312,19980817,     
  312,19980818,     
  312,19980819,     
  312,19980820,     
  312,19980821,     
  312,19980822,     
  312,19980823,     
  312,19980824,     
  312,19980825,     
  312,19980826,     
  312,19980827,     
  312,19980828,     
  312,19980829,     
  312,19980830,     
  312,19980831,     
  312,19980901,     
  312,19980902,     
  312,19980903,     
  312,19980904,     
  312,19980905,     
  312,19980906,     
  312,19980907,     
  312,19980908,     
  312,19980909,     
  312,19980910,     
  312,19980911,     
  312,19980912,     
  312,19980913,     
  312,19980914,     
  312,19980915,     
  312,19980916,     
  312,19980917,     
  312,19980918,     
  312,19980919,     
  312,19980920,     
  312,19980921,     
  312,19980922,     
  312,19980923,     
  312,19980924,     
  312,19980925,     
  312,19980926,     
  312,19980927,     
  312,19980928,     
  312,19980929,     
  312,19980930,     
  312,19981001,     
  312,19981002,     
  312,19981003,     
  312,19981004,     
  312,19981005,     
  312,19981006,     
  312,19981007,     
  312,19981008,     
  312,19981009,     
  312,19981010,     
  312,19981011,     
  312,19981012,     
  312,19981013,     
  312,19981014,     
  312,19981015,     
  312,19981016,     
  312,19981017,     
  312,19981018,     
  312,19981019,     
  312,19981020,     
  312,19981021,     
  312,19981022,     
  312,19981023,     
  312,19981024,     
  312,19981025,     
  312,19981026,     
  312,19981027,     
  312,19981028,     
  312,19981029,     
  312,19981030,     
  312,19981031,     
  312,19981101,     
  312,19981102,     
  312,19981103,     
  312,19981104,     
  312,19981105,     
  312,19981106,     
  312,19981107,     
  312,19981108,     
  312,19981109,     
  312,19981110,     
  312,19981111,     
  312,19981112,     
  312,19981113,     
  312,19981114,     
  312,19981115,     
  312,19981116,     
  312,19981117,     
  312,19981118,     
  312,19981119,     
  312,19981120,     
  312,19981121,     
  312,19981122,     
  312,19981123,     
  312,19981124,     
  312,19981125,     
  312,19981126,     
  312,19981127,     
  312,19981128,     
  312,19981129,     
  312,19981130,     
  312,19981201,     
  312,19981202,     
  312,19981203,     
  312,19981204,     
  312,19981205,     
  312,19981206,     
  312,19981207,     
  312,19981208,     
  312,19981209,     
  312,19981210,     
  312,19981211,     
  312,19981212,     
  312,19981213,     
  312,19981214,     
  312,19981215,     
  312,19981216,     
  312,19981217,     
  312,19981218,     
  312,19981219,     
  312,19981220,     
  312,19981221,     
  312,19981222,     
  312,19981223,     
  312,19981224,     
  312,19981225,     
  312,19981226,     
  312,19981227,     
  312,19981228,     
  312,19981229,     
  312,19981230,     
  312,19981231,     
  312,19990101,     
  312,19990102,     
  312,19990103,     
  312,19990104,     
  312,19990105,     
  312,19990106,     
  312,19990107,     
  312,19990108,     
  312,19990109,     
  312,19990110,     
  312,19990111,     
  312,19990112,     
  312,19990113,     
  312,19990114,     
  312,19990115,     
  312,19990116,     
  312,19990117,     
  312,19990118,     
  312,19990119,     
  312,19990120,     
  312,19990121,     
  312,19990122,     
  312,19990123,     
  312,19990124,     
  312,19990125,     
  312,19990126,     
  312,19990127,     
  312,19990128,     
  312,19990129,     
  312,19990130,     
  312,19990131,     
  312,19990201,     
  312,19990202,     
  312,19990203,     
  312,19990204,     
  312,19990205,     
  312,19990206,     
  312,19990207,     
  312,19990208,     
  312,19990209,     
  312,19990210,     
  312,19990211,     
  312,19990212,     
  312,19990213,     
  312,19990214,     
  312,19990215,     
  312,19990216,     
  312,19990217,     
  312,19990218,     
  312,19990219,     
  312,19990220,     
  312,19990221,     
  312,19990222,     
  312,19990223,     
  312,19990224,     
  312,19990225,     
  312,19990226,     
  312,19990227,     
  312,19990228,     
  312,19990301,     
  312,19990302,     
  312,19990303,     
  312,19990304,     
  312,19990305,     
  312,19990306,     
  312,19990307,     
  312,19990308,     
  312,19990309,     
  312,19990310,     
  312,19990311,     
  312,19990312,     
  312,19990313,     
  312,19990314,     
  312,19990315,     
  312,19990316,     
  312,19990317,     
  312,19990318,     
  312,19990319,     
  312,19990320,     
  312,19990321,     
  312,19990322,     
  312,19990323,     
  312,19990324,     
  312,19990325,     
  312,19990326,     
  312,19990327,     
  312,19990328,     
  312,19990329,     
  312,19990330,     
  312,19990331,     
  312,19990401,     
  312,19990402,     
  312,19990403,     
  312,19990404,     
  312,19990405,     
  312,19990406,     
  312,19990407,     
  312,19990408,     
  312,19990409,     
  312,19990410,     
  312,19990411,     
  312,19990412,     
  312,19990413,     
  312,19990414,     
  312,19990415,     
  312,19990416,     
  312,19990417,     
  312,19990418,     
  312,19990419,     
  312,19990420,     
  312,19990421,     
  312,19990422,     
  312,19990423,     
  312,19990424,     
  312,19990425,     
  312,19990426,     
  312,19990427,     
  312,19990428,     
  312,19990429,     
  312,19990430,     
  312,19990501,     
  312,19990502,     
  312,19990503,     
  312,19990504,     
  312,19990505,     
  312,19990506,     
  312,19990507,     
  312,19990508,     
  312,19990509,     
  312,19990510,     
  312,19990511,     
  312,19990512,     
  312,19990513,     
  312,19990514,     
  312,19990515,     
  312,19990516,     
  312,19990517,     
  312,19990518,     
  312,19990519,     
  312,19990520,     
  312,19990521,     
  312,19990522,     
  312,19990523,     
  312,19990524,     
  312,19990525,     
  312,19990526,     
  312,19990527,     
  312,19990528,     
  312,19990529,     
  312,19990530,     
  312,19990531,     
  312,19990601,     
  312,19990602,     
  312,19990603,     
  312,19990604,     
  312,19990605,     
  312,19990606,     
  312,19990607,     
  312,19990608,     
  312,19990609,     
  312,19990610,     
  312,19990611,     
  312,19990612,     
  312,19990613,     
  312,19990614,     
  312,19990615,     
  312,19990616,     
  312,19990617,     
  312,19990618,     
  312,19990619,     
  312,19990620,     
  312,19990621,     
  312,19990622,     
  312,19990623,     
  312,19990624,     
  312,19990625,     
  312,19990626,     
  312,19990627,     
  312,19990628,     
  312,19990629,     
  312,19990630,     
  312,19990701,     
  312,19990702,     
  312,19990703,     
  312,19990704,     
  312,19990705,     
  312,19990706,     
  312,19990707,     
  312,19990708,     
  312,19990709,     
  312,19990710,     
  312,19990711,     
  312,19990712,     
  312,19990713,     
  312,19990714,     
  312,19990715,     
  312,19990716,     
  312,19990717,     
  312,19990718,     
  312,19990719,     
  312,19990720,     
  312,19990721,     
  312,19990722,     
  312,19990723,     
  312,19990724,     
  312,19990725,     
  312,19990726,     
  312,19990727,     
  312,19990728,     
  312,19990729,     
  312,19990730,     
  312,19990731,     
  312,19990801,     
  312,19990802,     
  312,19990803,     
  312,19990804,     
  312,19990805,     
  312,19990806,     
  312,19990807,     
  312,19990808,     
  312,19990809,     
  312,19990810,     
  312,19990811,     
  312,19990812,     
  312,19990813,     
  312,19990814,     
  312,19990815,     
  312,19990816,     
  312,19990817,     
  312,19990818,     
  312,19990819,     
  312,19990820,     
  312,19990821,     
  312,19990822,     
  312,19990823,     
  312,19990824,     
  312,19990825,     
  312,19990826,     
  312,19990827,     
  312,19990828,     
  312,19990829,     
  312,19990830,     
  312,19990831,     
  312,19990901,     
  312,19990902,     
  312,19990903,     
  312,19990904,     
  312,19990905,     
  312,19990906,     
  312,19990907,     
  312,19990908,     
  312,19990909,     
  312,19990910,     
  312,19990911,     
  312,19990912,     
  312,19990913,     
  312,19990914,     
  312,19990915,     
  312,19990916,     
  312,19990917,     
  312,19990918,     
  312,19990919,     
  312,19990920,     
  312,19990921,     
  312,19990922,     
  312,19990923,     
  312,19990924,     
  312,19990925,     
  312,19990926,     
  312,19990927,     
  312,19990928,     
  312,19990929,     
  312,19990930,     
  312,19991001,     
  312,19991002,     
  312,19991003,     
  312,19991004,     
  312,19991005,     
  312,19991006,     
  312,19991007,     
  312,19991008,     
  312,19991009,     
  312,19991010,     
  312,19991011,     
  312,19991012,     
  312,19991013,     
  312,19991014,     
  312,19991015,     
  312,19991016,     
  312,19991017,     
  312,19991018,     
  312,19991019,     
  312,19991020,     
  312,19991021,     
  312,19991022,     
  312,19991023,     
  312,19991024,     
  312,19991025,     
  312,19991026,     
  312,19991027,     
  312,19991028,     
  312,19991029,     
  312,19991030,     
  312,19991031,     
  312,19991101,     
  312,19991102,     
  312,19991103,     
  312,19991104,     
  312,19991105,     
  312,19991106,     
  312,19991107,     
  312,19991108,     
  312,19991109,     
  312,19991110,     
  312,19991111,     
  312,19991112,     
  312,19991113,     
  312,19991114,     
  312,19991115,     
  312,19991116,     
  312,19991117,     
  312,19991118,     
  312,19991119,     
  312,19991120,     
  312,19991121,     
  312,19991122,     
  312,19991123,     
  312,19991124,     
  312,19991125,     
  312,19991126,     
  312,19991127,     
  312,19991128,     
  312,19991129,     
  312,19991130,     
  312,19991201,     
  312,19991202,     
  312,19991203,     
  312,19991204,     
  312,19991205,     
  312,19991206,     
  312,19991207,     
  312,19991208,     
  312,19991209,     
  312,19991210,     
  312,19991211,     
  312,19991212,     
  312,19991213,     
  312,19991214,     
  312,19991215,     
  312,19991216,     
  312,19991217,     
  312,19991218,     
  312,19991219,     
  312,19991220,     
  312,19991221,     
  312,19991222,     
  312,19991223,     
  312,19991224,     
  312,19991225,     
  312,19991226,     
  312,19991227,     
  312,19991228,     
  312,19991229,     
  312,19991230,     
  312,19991231,     
  312,20000101,     
  312,20000102,     
  312,20000103,     
  312,20000104,     
  312,20000105,     
  312,20000106,     
  312,20000107,     
  312,20000108,     
  312,20000109,     
  312,20000110,     
  312,20000111,     
  312,20000112,     
  312,20000113,     
  312,20000114,     
  312,20000115,     
  312,20000116,     
  312,20000117,     
  312,20000118,     
  312,20000119,     
  312,20000120,     
  312,20000121,     
  312,20000122,     
  312,20000123,     
  312,20000124,     
  312,20000125,     
  312,20000126,     
  312,20000127,     
  312,20000128,     
  312,20000129,     
  312,20000130,     
  312,20000131,     
  312,20000201,     
  312,20000202,     
  312,20000203,     
  312,20000204,     
  312,20000205,     
  312,20000206,     
  312,20000207,     
  312,20000208,     
  312,20000209,     
  312,20000210,     
  312,20000211,     
  312,20000212,     
  312,20000213,     
  312,20000214,     
  312,20000215,     
  312,20000216,     
  312,20000217,     
  312,20000218,     
  312,20000219,     
  312,20000220,     
  312,20000221,     
  312,20000222,     
  312,20000223,     
  312,20000224,     
  312,20000225,     
  312,20000226,     
  312,20000227,     
  312,20000228,     
  312,20000229,     
  312,20000301,     
  312,20000302,     
  312,20000303,     
  312,20000304,     
  312,20000305,     
  312,20000306,     
  312,20000307,     
  312,20000308,     
  312,20000309,     
  312,20000310,     
  312,20000311,     
  312,20000312,     
  312,20000313,     
  312,20000314,     
  312,20000315,     
  312,20000316,     
  312,20000317,     
  312,20000318,     
  312,20000319,     
  312,20000320,     
  312,20000321,     
  312,20000322,     
  312,20000323,     
  312,20000324,     
  312,20000325,     
  312,20000326,     
  312,20000327,     
  312,20000328,     
  312,20000329,     
  312,20000330,     
  312,20000331,     
  312,20000401,     
  312,20000402,     
  312,20000403,     
  312,20000404,     
  312,20000405,     
  312,20000406,     
  312,20000407,     
  312,20000408,     
  312,20000409,     
  312,20000410,     
  312,20000411,     
  312,20000412,     
  312,20000413,     
  312,20000414,     
  312,20000415,     
  312,20000416,     
  312,20000417,     
  312,20000418,     
  312,20000419,     
  312,20000420,     
  312,20000421,     
  312,20000422,     
  312,20000423,     
  312,20000424,     
  312,20000425,     
  312,20000426,     
  312,20000427,     
  312,20000428,     
  312,20000429,     
  312,20000430,     
  312,20000501,     
  312,20000502,     
  312,20000503,     
  312,20000504,     
  312,20000505,     
  312,20000506,     
  312,20000507,     
  312,20000508,     
  312,20000509,     
  312,20000510,     
  312,20000511,     
  312,20000512,     
  312,20000513,     
  312,20000514,     
  312,20000515,     
  312,20000516,     
  312,20000517,     
  312,20000518,     
  312,20000519,     
  312,20000520,     
  312,20000521,     
  312,20000522,     
  312,20000523,     
  312,20000524,     
  312,20000525,     
  312,20000526,     
  312,20000527,     
  312,20000528,     
  312,20000529,     
  312,20000530,     
  312,20000531,     
  312,20000601,     
  312,20000602,     
  312,20000603,     
  312,20000604,     
  312,20000605,     
  312,20000606,     
  312,20000607,     
  312,20000608,     
  312,20000609,     
  312,20000610,     
  312,20000611,     
  312,20000612,     
  312,20000613,     
  312,20000614,     
  312,20000615,     
  312,20000616,     
  312,20000617,     
  312,20000618,     
  312,20000619,     
  312,20000620,     
  312,20000621,     
  312,20000622,     
  312,20000623,     
  312,20000624,     
  312,20000625,     
  312,20000626,     
  312,20000627,     
  312,20000628,     
  312,20000629,     
  312,20000630,     
  312,20000701,     
  312,20000702,     
  312,20000703,     
  312,20000704,     
  312,20000705,     
  312,20000706,     
  312,20000707,     
  312,20000708,     
  312,20000709,     
  312,20000710,     
  312,20000711,     
  312,20000712,     
  312,20000713,     
  312,20000714,     
  312,20000715,     
  312,20000716,     
  312,20000717,     
  312,20000718,     
  312,20000719,     
  312,20000720,     
  312,20000721,     
  312,20000722,     
  312,20000723,     
  312,20000724,     
  312,20000725,     
  312,20000726,     
  312,20000727,     
  312,20000728,     
  312,20000729,     
  312,20000730,     
  312,20000731,     
  312,20000801,     
  312,20000802,     
  312,20000803,     
  312,20000804,     
  312,20000805,     
  312,20000806,     
  312,20000807,     
  312,20000808,     
  312,20000809,     
  312,20000810,     
  312,20000811,     
  312,20000812,     
  312,20000813,     
  312,20000814,     
  312,20000815,     
  312,20000816,     
  312,20000817,     
  312,20000818,     
  312,20000819,     
  312,20000820,     
  312,20000821,     
  312,20000822,     
  312,20000823,     
  312,20000824,     
  312,20000825,     
  312,20000826,     
  312,20000827,     
  312,20000828,     
  312,20000829,     
  312,20000830,     
  312,20000831,     
  312,20000901,     
  312,20000902,     
  312,20000903,     
  312,20000904,     
  312,20000905,     
  312,20000906,     
  312,20000907,     
  312,20000908,     
  312,20000909,     
  312,20000910,     
  312,20000911,     
  312,20000912,     
  312,20000913,     
  312,20000914,     
  312,20000915,     
  312,20000916,     
  312,20000917,     
  312,20000918,     
  312,20000919,     
  312,20000920,     
  312,20000921,     
  312,20000922,     
  312,20000923,     
  312,20000924,     
  312,20000925,     
  312,20000926,     
  312,20000927,     
  312,20000928,     
  312,20000929,     
  312,20000930,     
  312,20001001,     
  312,20001002,     
  312,20001003,     
  312,20001004,     
  312,20001005,     
  312,20001006,     
  312,20001007,     
  312,20001008,     
  312,20001009,     
  312,20001010,     
  312,20001011,     
  312,20001012,     
  312,20001013,     
  312,20001014,     
  312,20001015,     
  312,20001016,     
  312,20001017,     
  312,20001018,     
  312,20001019,     
  312,20001020,     
  312,20001021,     
  312,20001022,     
  312,20001023,     
  312,20001024,     
  312,20001025,     
  312,20001026,     
  312,20001027,     
  312,20001028,     
  312,20001029,     
  312,20001030,     
  312,20001031,     
  312,20001101,     
  312,20001102,     
  312,20001103,     
  312,20001104,     
  312,20001105,     
  312,20001106,     
  312,20001107,     
  312,20001108,     
  312,20001109,     
  312,20001110,     
  312,20001111,     
  312,20001112,     
  312,20001113,     
  312,20001114,     
  312,20001115,     
  312,20001116,     
  312,20001117,     
  312,20001118,     
  312,20001119,     
  312,20001120,     
  312,20001121,     
  312,20001122,     
  312,20001123,     
  312,20001124,     
  312,20001125,     
  312,20001126,     
  312,20001127,     
  312,20001128,     
  312,20001129,     
  312,20001130,     
  312,20001201,     
  312,20001202,     
  312,20001203,     
  312,20001204,     
  312,20001205,     
  312,20001206,     
  312,20001207,     
  312,20001208,     
  312,20001209,     
  312,20001210,     
  312,20001211,     
  312,20001212,     
  312,20001213,     
  312,20001214,     
  312,20001215,     
  312,20001216,     
  312,20001217,     
  312,20001218,     
  312,20001219,     
  312,20001220,     
  312,20001221,     
  312,20001222,     
  312,20001223,     
  312,20001224,     
  312,20001225,     
  312,20001226,     
  312,20001227,     
  312,20001228,     
  312,20001229,     
  312,20001230,     
  312,20001231,     
  312,20010101,     
  312,20010102,     
  312,20010103,     
  312,20010104,     
  312,20010105,     
  312,20010106,     
  312,20010107,     
  312,20010108,     
  312,20010109,     
  312,20010110,     
  312,20010111,     
  312,20010112,     
  312,20010113,     
  312,20010114,     
  312,20010115,     
  312,20010116,     
  312,20010117,     
  312,20010118,     
  312,20010119,     
  312,20010120,     
  312,20010121,     
  312,20010122,     
  312,20010123,     
  312,20010124,     
  312,20010125,     
  312,20010126,     
  312,20010127,     
  312,20010128,     
  312,20010129,     
  312,20010130,     
  312,20010131,     
  312,20010201,     
  312,20010202,     
  312,20010203,     
  312,20010204,     
  312,20010205,     
  312,20010206,     
  312,20010207,     
  312,20010208,     
  312,20010209,     
  312,20010210,     
  312,20010211,     
  312,20010212,     
  312,20010213,     
  312,20010214,     
  312,20010215,     
  312,20010216,     
  312,20010217,     
  312,20010218,     
  312,20010219,     
  312,20010220,     
  312,20010221,     
  312,20010222,     
  312,20010223,     
  312,20010224,     
  312,20010225,     
  312,20010226,     
  312,20010227,     
  312,20010228,     
  312,20010301,     
  312,20010302,     
  312,20010303,     
  312,20010304,     
  312,20010305,     
  312,20010306,     
  312,20010307,     
  312,20010308,     
  312,20010309,     
  312,20010310,     
  312,20010311,     
  312,20010312,     
  312,20010313,     
  312,20010314,     
  312,20010315,     
  312,20010316,     
  312,20010317,     
  312,20010318,     
  312,20010319,     
  312,20010320,     
  312,20010321,     
  312,20010322,     
  312,20010323,     
  312,20010324,     
  312,20010325,     
  312,20010326,     
  312,20010327,     
  312,20010328,     
  312,20010329,     
  312,20010330,     
  312,20010331,     
  312,20010401,     
  312,20010402,     
  312,20010403,     
  312,20010404,     
  312,20010405,     
  312,20010406,     
  312,20010407,     
  312,20010408,     
  312,20010409,     
  312,20010410,     
  312,20010411,     
  312,20010412,     
  312,20010413,     
  312,20010414,     
  312,20010415,     
  312,20010416,     
  312,20010417,     
  312,20010418,     
  312,20010419,     
  312,20010420,     
  312,20010421,     
  312,20010422,     
  312,20010423,     
  312,20010424,     
  312,20010425,     
  312,20010426,     
  312,20010427,     
  312,20010428,     
  312,20010429,     
  312,20010430,     
  312,20010501,     
  312,20010502,     
  312,20010503,     
  312,20010504,     
  312,20010505,     
  312,20010506,     
  312,20010507,     
  312,20010508,     
  312,20010509,     
  312,20010510,     
  312,20010511,     
  312,20010512,     
  312,20010513,     
  312,20010514,     
  312,20010515,     
  312,20010516,     
  312,20010517,     
  312,20010518,     
  312,20010519,     
  312,20010520,     
  312,20010521,     
  312,20010522,     
  312,20010523,     
  312,20010524,     
  312,20010525,     
  312,20010526,     
  312,20010527,     
  312,20010528,     
  312,20010529,     
  312,20010530,     
  312,20010531,     
  312,20010601,     
  312,20010602,     
  312,20010603,     
  312,20010604,     
  312,20010605,     
  312,20010606,     
  312,20010607,     
  312,20010608,     
  312,20010609,     
  312,20010610,     
  312,20010611,     
  312,20010612,     
  312,20010613,     
  312,20010614,     
  312,20010615,     
  312,20010616,     
  312,20010617,     
  312,20010618,     
  312,20010619,     
  312,20010620,     
  312,20010621,     
  312,20010622,     
  312,20010623,     
  312,20010624,     
  312,20010625,     
  312,20010626,     
  312,20010627,     
  312,20010628,     
  312,20010629,     
  312,20010630,     
  312,20010701,     
  312,20010702,     
  312,20010703,     
  312,20010704,     
  312,20010705,     
  312,20010706,     
  312,20010707,     
  312,20010708,     
  312,20010709,     
  312,20010710,     
  312,20010711,     
  312,20010712,     
  312,20010713,     
  312,20010714,     
  312,20010715,     
  312,20010716,     
  312,20010717,     
  312,20010718,     
  312,20010719,     
  312,20010720,     
  312,20010721,     
  312,20010722,     
  312,20010723,     
  312,20010724,     
  312,20010725,     
  312,20010726,     
  313,19970201,     
  313,19970202,     
  313,19970203,     
  313,19970204,     
  313,19970205,     
  313,19970206,     
  313,19970207,     
  313,19970208,     
  313,19970209,     
  313,19970210,     
  313,19970211,     
  313,19970212,     
  313,19970213,     
  313,19970214,     
  313,19970215,     
  313,19970216,     
  313,19970217,     
  313,19970218,     
  313,19970219,     
  313,19970220,     
  313,19970221,     
  313,19970222,     
  313,19970223,     
  313,19970224,     
  313,19970225,     
  313,19970226,     
  313,19970227,     
  313,19970228,     
  313,19970301,     
  313,19970302,     
  313,19970303,     
  313,19970304,     
  313,19970305,     
  313,19970306,     
  313,19970307,     
  313,19970308,     
  313,19970309,     
  313,19970310,     
  313,19970311,     
  313,19970312,     
  313,19970313,     
  313,19970314,     
  313,19970315,     
  313,19970316,     
  313,19970317,     
  313,19970318,     
  313,19970319,     
  313,19970320,     
  313,19970321,     
  313,19970322,     
  313,19970323,     
  313,19970324,     
  313,19970325,     
  313,19970326,     
  313,19970327,     
  313,19970328,     
  313,19970329,     
  313,19970330,     
  313,19970331,     
  313,19970401,     
  313,19970402,     
  313,19970403,     
  313,19970404,     
  313,19970405,     
  313,19970406,     
  313,19970407,     
  313,19970408,     
  313,19970409,     
  313,19970410,     
  313,19970411,     
  313,19970412,     
  313,19970413,     
  313,19970414,     
  313,19970415,     
  313,19970416,     
  313,19970417,     
  313,19970418,     
  313,19970419,     
  313,19970420,     
  313,19970421,     
  313,19970422,     
  313,19970423,     
  313,19970424,     
  313,19970425,     
  313,19970426,     
  313,19970427,     
  313,19970428,     
  313,19970429,     
  313,19970430,     
  313,19970501,     
  313,19970502,     
  313,19970503,     
  313,19970504,     
  313,19970505,     
  313,19970506,     
  313,19970507,     
  313,19970508,     
  313,19970509,     
  313,19970510,     
  313,19970511,     
  313,19970512,     
  313,19970513,     
  313,19970514,     
  313,19970515,     
  313,19970516,     
  313,19970517,     
  313,19970518,     
  313,19970519,     
  313,19970520,     
  313,19970521,     
  313,19970522,     
  313,19970523,     
  313,19970524,     
  313,19970525,     
  313,19970526,     
  313,19970527,     
  313,19970528,     
  313,19970529,     
  313,19970530,     
  313,19970531,     
  313,19970601,     
  313,19970602,     
  313,19970603,     
  313,19970604,     
  313,19970605,     
  313,19970606,     
  313,19970607,     
  313,19970608,     
  313,19970609,     
  313,19970610,     
  313,19970611,     
  313,19970612,     
  313,19970613,     
  313,19970614,     
  313,19970615,     
  313,19970616,     
  313,19970617,     
  313,19970618,     
  313,19970619,     
  313,19970620,     
  313,19970621,     
  313,19970622,     
  313,19970623,     
  313,19970624,     
  313,19970625,     
  313,19970626,     
  313,19970627,     
  313,19970628,     
  313,19970629,     
  313,19970630,     
  313,19970701,     
  313,19970702,     
  313,19970703,     
  313,19970704,     
  313,19970705,     
  313,19970706,     
  313,19970707,     
  313,19970708,     
  313,19970709,     
  313,19970710,     
  313,19970711,     
  313,19970712,     
  313,19970713,     
  313,19970714,     
  313,19970715,     
  313,19970716,     
  313,19970717,     
  313,19970718,     
  313,19970719,     
  313,19970720,     
  313,19970721,     
  313,19970722,     
  313,19970723,     
  313,19970724,     
  313,19970725,     
  313,19970726,     
  313,19970727,     
  313,19970728,     
  313,19970729,     
  313,19970730,     
  313,19970731,     
  313,19970801,     
  313,19970802,     
  313,19970803,     
  313,19970804,     
  313,19970805,     
  313,19970806,     
  313,19970807,     
  313,19970808,     
  313,19970809,     
  313,19970810,     
  313,19970811,     
  313,19970812,     
  313,19970813,     
  313,19970814,     
  313,19970815,     
  313,19970816,     
  313,19970817,     
  313,19970818,     
  313,19970819,     
  313,19970820,     
  313,19970821,     
  313,19970822,     
  313,19970823,     
  313,19970824,     
  313,19970825,     
  313,19970826,     
  313,19970827,     
  313,19970828,     
  313,19970829,     
  313,19970830,     
  313,19970831,     
  313,19970901,     
  313,19970902,     
  313,19970903,     
  313,19970904,     
  313,19970905,     
  313,19970906,     
  313,19970907,     
  313,19970908,     
  313,19970909,     
  313,19970910,     
  313,19970911,     
  313,19970912,     
  313,19970913,     
  313,19970914,     
  313,19970915,     
  313,19970916,     
  313,19970917,     
  313,19970918,     
  313,19970919,     
  313,19970920,     
  313,19970921,     
  313,19970922,     
  313,19970923,     
  313,19970924,     
  313,19970925,     
  313,19970926,     
  313,19970927,     
  313,19970928,     
  313,19970929,     
  313,19970930,     
  313,19971001,     
  313,19971002,     
  313,19971003,     
  313,19971004,     
  313,19971005,     
  313,19971006,     
  313,19971007,     
  313,19971008,     
  313,19971009,     
  313,19971010,     
  313,19971011,     
  313,19971012,     
  313,19971013,     
  313,19971014,     
  313,19971015,     
  313,19971016,     
  313,19971017,     
  313,19971018,     
  313,19971019,     
  313,19971020,     
  313,19971021,     
  313,19971022,     
  313,19971023,     
  313,19971024,     
  313,19971025,     
  313,19971026,     
  313,19971027,     
  313,19971028,     
  313,19971029,     
  313,19971030,     
  313,19971031,     
  313,19971101,     
  313,19971102,     
  313,19971103,     
  313,19971104,     
  313,19971105,     
  313,19971106,     
  313,19971107,     
  313,19971108,     
  313,19971109,     
  313,19971110,     
  313,19971111,     
  313,19971112,     
  313,19971113,     
  313,19971114,     
  313,19971115,     
  313,19971116,     
  313,19971117,     
  313,19971118,     
  313,19971119,     
  313,19971120,     
  313,19971121,     
  313,19971122,     
  313,19971123,     
  313,19971124,     
  313,19971125,     
  313,19971126,     
  313,19971127,     
  313,19971128,     
  313,19971129,     
  313,19971130,     
  313,19971201,     
  313,19971202,     
  313,19971203,     
  313,19971204,     
  313,19971205,     
  313,19971206,     
  313,19971207,     
  313,19971208,     
  313,19971209,     
  313,19971210,     
  313,19971211,     
  313,19971212,     
  313,19971213,     
  313,19971214,     
  313,19971215,     
  313,19971216,     
  313,19971217,     
  313,19971218,     
  313,19971219,     
  313,19971220,     
  313,19971221,     
  313,19971222,     
  313,19971223,     
  313,19971224,     
  313,19971225,     
  313,19971226,     
  313,19971227,     
  313,19971228,     
  313,19971229,     
  313,19971230,     
  313,19971231,     
  313,19980101,     
  313,19980102,     
  313,19980103,     
  313,19980104,     
  313,19980105,     
  313,19980106,     
  313,19980107,     
  313,19980108,     
  313,19980109,     
  313,19980110,     
  313,19980111,     
  313,19980112,     
  313,19980113,     
  313,19980114,     
  313,19980115,     
  313,19980116,     
  313,19980117,     
  313,19980118,     
  313,19980119,     
  313,19980120,     
  313,19980121,     
  313,19980122,     
  313,19980123,     
  313,19980124,     
  313,19980125,     
  313,19980126,     
  313,19980127,     
  313,19980128,     
  313,19980129,     
  313,19980130,     
  313,19980131,     
  313,19980201,     
  313,19980202,     
  313,19980203,     
  313,19980204,     
  313,19980205,     
  313,19980206,     
  313,19980207,     
  313,19980208,     
  313,19980209,     
  313,19980210,     
  313,19980211,     
  313,19980212,     
  313,19980213,     
  313,19980214,     
  313,19980215,     
  313,19980216,     
  313,19980217,     
  313,19980218,     
  313,19980219,     
  313,19980220,     
  313,19980221,     
  313,19980222,     
  313,19980223,     
  313,19980224,     
  313,19980225,     
  313,19980226,     
  313,19980227,     
  313,19980228,     
  313,19980301,     
  313,19980302,     
  313,19980303,     
  313,19980304,     
  313,19980305,     
  313,19980306,     
  313,19980307,     
  313,19980308,     
  313,19980309,     
  313,19980310,     
  313,19980311,     
  313,19980312,     
  313,19980313,     
  313,19980314,     
  313,19980315,     
  313,19980316,     
  313,19980317,     
  313,19980318,     
  313,19980319,     
  313,19980320,     
  313,19980321,     
  313,19980322,     
  313,19980323,     
  313,19980324,     
  313,19980325,     
  313,19980326,     
  313,19980327,     
  313,19980328,     
  313,19980329,     
  313,19980330,     
  313,19980331,     
  313,19980401,     
  313,19980402,     
  313,19980403,     
  313,19980404,     
  313,19980405,     
  313,19980406,     
  313,19980407,     
  313,19980408,     
  313,19980409,     
  313,19980410,     
  313,19980411,     
  313,19980412,     
  313,19980413,     
  313,19980414,     
  313,19980415,     
  313,19980416,     
  313,19980417,     
  313,19980418,     
  313,19980419,     
  313,19980420,     
  313,19980421,     
  313,19980422,     
  313,19980423,     
  313,19980424,     
  313,19980425,     
  313,19980426,     
  313,19980427,     
  313,19980428,     
  313,19980429,     
  313,19980430,     
  313,19980501,     
  313,19980502,     
  313,19980503,     
  313,19980504,     
  313,19980505,     
  313,19980506,     
  313,19980507,     
  313,19980508,     
  313,19980509,     
  313,19980510,     
  313,19980511,     
  313,19980512,     
  313,19980513,     
  313,19980514,     
  313,19980515,     
  313,19980516,     
  313,19980517,     
  313,19980518,     
  313,19980519,     
  313,19980520,     
  313,19980521,     
  313,19980522,     
  313,19980523,     
  313,19980524,     
  313,19980525,     
  313,19980526,     
  313,19980527,     
  313,19980528,     
  313,19980529,     
  313,19980530,     
  313,19980531,     
  313,19980601,     
  313,19980602,     
  313,19980603,     
  313,19980604,     
  313,19980605,     
  313,19980606,     
  313,19980607,     
  313,19980608,     
  313,19980609,     
  313,19980610,     
  313,19980611,     
  313,19980612,     
  313,19980613,     
  313,19980614,     
  313,19980615,     
  313,19980616,     
  313,19980617,     
  313,19980618,     
  313,19980619,     
  313,19980620,     
  313,19980621,     
  313,19980622,     
  313,19980623,     
  313,19980624,     
  313,19980625,     
  313,19980626,     
  313,19980627,     
  313,19980628,     
  313,19980629,     
  313,19980630,     
  313,19980701,     
  313,19980702,     
  313,19980703,     
  313,19980704,     
  313,19980705,     
  313,19980706,     
  313,19980707,     
  313,19980708,     
  313,19980709,     
  313,19980710,     
  313,19980711,     
  313,19980712,     
  313,19980713,     
  313,19980714,     
  313,19980715,     
  313,19980716,     
  313,19980717,     
  313,19980718,     
  313,19980719,     
  313,19980720,     
  313,19980721,     
  313,19980722,     
  313,19980723,     
  313,19980724,     
  313,19980725,     
  313,19980726,     
  313,19980727,     
  313,19980728,     
  313,19980729,     
  313,19980730,     
  313,19980731,     
  313,19980801,     
  313,19980802,     
  313,19980803,     
  313,19980804,     
  313,19980805,     
  313,19980806,     
  313,19980807,     
  313,19980808,     
  313,19980809,     
  313,19980810,     
  313,19980811,     
  313,19980812,     
  313,19980813,     
  313,19980814,     
  313,19980815,     
  313,19980816,     
  313,19980817,     
  313,19980818,     
  313,19980819,     
  313,19980820,     
  313,19980821,     
  313,19980822,     
  313,19980823,     
  313,19980824,     
  313,19980825,     
  313,19980826,     
  313,19980827,     
  313,19980828,     
  313,19980829,     
  313,19980830,     
  313,19980831,     
  313,19980901,     
  313,19980902,     
  313,19980903,     
  313,19980904,     
  313,19980905,     
  313,19980906,     
  313,19980907,     
  313,19980908,     
  313,19980909,     
  313,19980910,     
  313,19980911,     
  313,19980912,     
  313,19980913,     
  313,19980914,     
  313,19980915,     
  313,19980916,     
  313,19980917,     
  313,19980918,     
  313,19980919,     
  313,19980920,     
  313,19980921,     
  313,19980922,     
  313,19980923,     
  313,19980924,     
  313,19980925,     
  313,19980926,     
  313,19980927,     
  313,19980928,     
  313,19980929,     
  313,19980930,     
  313,19981001,     
  313,19981002,     
  313,19981003,     
  313,19981004,     
  313,19981005,     
  313,19981006,     
  313,19981007,     
  313,19981008,     
  313,19981009,     
  313,19981010,     
  313,19981011,     
  313,19981012,     
  313,19981013,     
  313,19981014,     
  313,19981015,     
  313,19981016,     
  313,19981017,     
  313,19981018,     
  313,19981019,     
  313,19981020,     
  313,19981021,     
  313,19981022,     
  313,19981023,     
  313,19981024,     
  313,19981025,     
  313,19981026,     
  313,19981027,     
  313,19981028,     
  313,19981029,     
  313,19981030,     
  313,19981031,     
  313,19981101,     
  313,19981102,     
  313,19981103,     
  313,19981104,     
  313,19981105,     
  313,19981106,     
  313,19981107,     
  313,19981108,     
  313,19981109,     
  313,19981110,     
  313,19981111,     
  313,19981112,     
  313,19981113,     
  313,19981114,     
  313,19981115,     
  313,19981116,     
  313,19981117,     
  313,19981118,     
  313,19981119,     
  313,19981120,     
  313,19981121,     
  313,19981122,     
  313,19981123,     
  313,19981124,     
  313,19981125,     
  313,19981126,     
  313,19981127,     
  313,19981128,     
  313,19981129,     
  313,19981130,     
  313,19981201,     
  313,19981202,     
  313,19981203,     
  313,19981204,     
  313,19981205,     
  313,19981206,     
  313,19981207,     
  313,19981208,     
  313,19981209,     
  313,19981210,     
  313,19981211,     
  313,19981212,     
  313,19981213,     
  313,19981214,     
  313,19981215,     
  313,19981216,     
  313,19981217,     
  313,19981218,     
  313,19981219,     
  313,19981220,     
  313,19981221,     
  313,19981222,     
  313,19981223,     
  313,19981224,     
  313,19981225,     
  313,19981226,     
  313,19981227,     
  313,19981228,     
  313,19981229,     
  313,19981230,     
  313,19981231,     
  313,19990101,     
  313,19990102,     
  313,19990103,     
  313,19990104,     
  313,19990105,     
  313,19990106,     
  313,19990107,     
  313,19990108,     
  313,19990109,     
  313,19990110,     
  313,19990111,     
  313,19990112,     
  313,19990113,     
  313,19990114,     
  313,19990115,     
  313,19990116,     
  313,19990117,     
  313,19990118,     
  313,19990119,     
  313,19990120,     
  313,19990121,     
  313,19990122,     
  313,19990123,     
  313,19990124,     
  313,19990125,     
  313,19990126,     
  313,19990127,     
  313,19990128,     
  313,19990129,     
  313,19990130,     
  313,19990131,     
  313,19990201,     
  313,19990202,     
  313,19990203,     
  313,19990204,     
  313,19990205,     
  313,19990206,     
  313,19990207,     
  313,19990208,     
  313,19990209,     
  313,19990210,     
  313,19990211,     
  313,19990212,     
  313,19990213,     
  313,19990214,     
  313,19990215,     
  313,19990216,     
  313,19990217,     
  313,19990218,     
  313,19990219,     
  313,19990220,     
  313,19990221,     
  313,19990222,     
  313,19990223,     
  313,19990224,     
  313,19990225,     
  313,19990226,     
  313,19990227,     
  313,19990228,     
  313,19990301,     
  313,19990302,     
  313,19990303,     
  313,19990304,     
  313,19990305,     
  313,19990306,     
  313,19990307,     
  313,19990308,     
  313,19990309,     
  313,19990310,     
  313,19990311,     
  313,19990312,     
  313,19990313,     
  313,19990314,     
  313,19990315,     
  313,19990316,     
  313,19990317,     
  313,19990318,     
  313,19990319,     
  313,19990320,     
  313,19990321,     
  313,19990322,     
  313,19990323,     
  313,19990324,     
  313,19990325,     
  313,19990326,     
  313,19990327,     
  313,19990328,     
  313,19990329,     
  313,19990330,     
  313,19990331,     
  313,19990401,     
  313,19990402,     
  313,19990403,     
  313,19990404,     
  313,19990405,     
  313,19990406,     
  313,19990407,     
  313,19990408,     
  313,19990409,     
  313,19990410,     
  313,19990411,     
  313,19990412,     
  313,19990413,     
  313,19990414,     
  313,19990415,     
  313,19990416,     
  313,19990417,     
  313,19990418,     
  313,19990419,     
  313,19990420,     
  313,19990421,     
  313,19990422,     
  313,19990423,     
  313,19990424,     
  313,19990425,     
  313,19990426,     
  313,19990427,     
  313,19990428,     
  313,19990429,     
  313,19990430,     
  313,19990501,     
  313,19990502,     
  313,19990503,     
  313,19990504,     
  313,19990505,     
  313,19990506,     
  313,19990507,     
  313,19990508,     
  313,19990509,     
  313,19990510,     
  313,19990511,     
  313,19990512,     
  313,19990513,     
  313,19990514,     
  313,19990515,     
  313,19990516,     
  313,19990517,     
  313,19990518,     
  313,19990519,     
  313,19990520,     
  313,19990521,     
  313,19990522,     
  313,19990523,     
  313,19990524,     
  313,19990525,     
  313,19990526,     
  313,19990527,     
  313,19990528,     
  313,19990529,     
  313,19990530,     
  313,19990531,     
  313,19990601,     
  313,19990602,     
  313,19990603,     
  313,19990604,     
  313,19990605,     
  313,19990606,     
  313,19990607,     
  313,19990608,     
  313,19990609,     
  313,19990610,     
  313,19990611,     
  313,19990612,     
  313,19990613,     
  313,19990614,     
  313,19990615,     
  313,19990616,     
  313,19990617,     
  313,19990618,     
  313,19990619,     
  313,19990620,     
  313,19990621,     
  313,19990622,     
  313,19990623,     
  313,19990624,     
  313,19990625,     
  313,19990626,     
  313,19990627,     
  313,19990628,     
  313,19990629,     
  313,19990630,     
  313,19990701,     
  313,19990702,     
  313,19990703,     
  313,19990704,     
  313,19990705,     
  313,19990706,     
  313,19990707,     
  313,19990708,     
  313,19990709,     
  313,19990710,     
  313,19990711,     
  313,19990712,     
  313,19990713,     
  313,19990714,     
  313,19990715,     
  313,19990716,     
  313,19990717,     
  313,19990718,     
  313,19990719,     
  313,19990720,     
  313,19990721,     
  313,19990722,     
  313,19990723,     
  313,19990724,     
  313,19990725,     
  313,19990726,     
  313,19990727,     
  313,19990728,     
  313,19990729,     
  313,19990730,     
  313,19990731,     
  313,19990801,     
  313,19990802,     
  313,19990803,     
  313,19990804,     
  313,19990805,     
  313,19990806,     
  313,19990807,     
  313,19990808,     
  313,19990809,     
  313,19990810,     
  313,19990811,     
  313,19990812,     
  313,19990813,     
  313,19990814,     
  313,19990815,     
  313,19990816,     
  313,19990817,     
  313,19990818,     
  313,19990819,     
  313,19990820,     
  313,19990821,     
  313,19990822,     
  313,19990823,     
  313,19990824,     
  313,19990825,     
  313,19990826,     
  313,19990827,     
  313,19990828,     
  313,19990829,     
  313,19990830,     
  313,19990831,     
  313,19990901,     
  313,19990902,     
  313,19990903,     
  313,19990904,     
  313,19990905,     
  313,19990906,     
  313,19990907,     
  313,19990908,     
  313,19990909,     
  313,19990910,     
  313,19990911,     
  313,19990912,     
  313,19990913,     
  313,19990914,     
  313,19990915,     
  313,19990916,     
  313,19990917,     
  313,19990918,     
  313,19990919,     
  313,19990920,     
  313,19990921,     
  313,19990922,     
  313,19990923,     
  313,19990924,     
  313,19990925,     
  313,19990926,     
  313,19990927,     
  313,19990928,     
  313,19990929,     
  313,19990930,     
  313,19991001,     
  313,19991002,     
  313,19991003,     
  313,19991004,     
  313,19991005,     
  313,19991006,     
  313,19991007,     
  313,19991008,     
  313,19991009,     
  313,19991010,     
  313,19991011,     
  313,19991012,     
  313,19991013,     
  313,19991014,     
  313,19991015,     
  313,19991016,     
  313,19991017,     
  313,19991018,     
  313,19991019,     
  313,19991020,     
  313,19991021,     
  313,19991022,     
  313,19991023,     
  313,19991024,     
  313,19991025,     
  313,19991026,     
  313,19991027,     
  313,19991028,     
  313,19991029,     
  313,19991030,     
  313,19991031,     
  313,19991101,     
  313,19991102,     
  313,19991103,     
  313,19991104,     
  313,19991105,     
  313,19991106,     
  313,19991107,     
  313,19991108,     
  313,19991109,     
  313,19991110,     
  313,19991111,     
  313,19991112,     
  313,19991113,     
  313,19991114,     
  313,19991115,     
  313,19991116,     
  313,19991117,     
  313,19991118,     
  313,19991119,     
  313,19991120,     
  313,19991121,     
  313,19991122,     
  313,19991123,     
  313,19991124,     
  313,19991125,     
  313,19991126,     
  313,19991127,     
  313,19991128,     
  313,19991129,     
  313,19991130,     
  313,19991201,     
  313,19991202,     
  313,19991203,     
  313,19991204,     
  313,19991205,     
  313,19991206,     
  313,19991207,     
  313,19991208,     
  313,19991209,     
  313,19991210,     
  313,19991211,     
  313,19991212,     
  313,19991213,     
  313,19991214,     
  313,19991215,     
  313,19991216,     
  313,19991217,     
  313,19991218,     
  313,19991219,     
  313,19991220,     
  313,19991221,     
  313,19991222,     
  313,19991223,     
  313,19991224,     
  313,19991225,     
  313,19991226,     
  313,19991227,     
  313,19991228,     
  313,19991229,     
  313,19991230,     
  313,19991231,     
  313,20000101,     
  313,20000102,     
  313,20000103,     
  313,20000104,     
  313,20000105,     
  313,20000106,     
  313,20000107,     
  313,20000108,     
  313,20000109,     
  313,20000110,     
  313,20000111,     
  313,20000112,     
  313,20000113,     
  313,20000114,     
  313,20000115,     
  313,20000116,     
  313,20000117,     
  313,20000118,     
  313,20000119,     
  313,20000120,     
  313,20000121,     
  313,20000122,     
  313,20000123,     
  313,20000124,     
  313,20000125,     
  313,20000126,     
  313,20000127,     
  313,20000128,     
  313,20000129,     
  313,20000130,     
  313,20000131,     
  313,20000201,     
  313,20000202,     
  313,20000203,     
  313,20000204,     
  313,20000205,     
  313,20000206,     
  313,20000207,     
  313,20000208,     
  313,20000209,     
  313,20000210,     
  313,20000211,     
  313,20000212,     
  313,20000213,     
  313,20000214,     
  313,20000215,     
  313,20000216,     
  313,20000217,     
  313,20000218,     
  313,20000219,     
  313,20000220,     
  313,20000221,     
  313,20000222,     
  313,20000223,     
  313,20000224,     
  313,20000225,     
  313,20000226,     
  313,20000227,     
  313,20000228,     
  313,20000229,     
  313,20000301,     
  313,20000302,     
  313,20000303,     
  313,20000304,     
  313,20000305,     
  313,20000306,     
  313,20000307,     
  313,20000308,     
  313,20000309,     
  313,20000310,     
  313,20000311,     
  313,20000312,     
  313,20000313,     
  313,20000314,     
  313,20000315,     
  313,20000316,     
  313,20000317,     
  313,20000318,     
  313,20000319,     
  313,20000320,     
  313,20000321,     
  313,20000322,     
  313,20000323,     
  313,20000324,     
  313,20000325,     
  313,20000326,     
  313,20000327,     
  313,20000328,     
  313,20000329,     
  313,20000330,     
  313,20000331,     
  313,20000401,     
  313,20000402,     
  313,20000403,     
  313,20000404,     
  313,20000405,     
  313,20000406,     
  313,20000407,     
  313,20000408,     
  313,20000409,     
  313,20000410,     
  313,20000411,     
  313,20000412,     
  313,20000413,     
  313,20000414,     
  313,20000415,     
  313,20000416,     
  313,20000417,     
  313,20000418,     
  313,20000419,     
  313,20000420,     
  313,20000421,     
  313,20000422,     
  313,20000423,     
  313,20000424,     
  313,20000425,     
  313,20000426,     
  313,20000427,     
  313,20000428,     
  313,20000429,     
  313,20000430,     
  313,20000501,     
  313,20000502,     
  313,20000503,     
  313,20000504,     
  313,20000505,     
  313,20000506,     
  313,20000507,     
  313,20000508,     
  313,20000509,     
  313,20000510,     
  313,20000511,     
  313,20000512,     
  313,20000513,     
  313,20000514,     
  313,20000515,     
  313,20000516,     
  313,20000517,     
  313,20000518,     
  313,20000519,     
  313,20000520,     
  313,20000521,     
  313,20000522,     
  313,20000523,     
  313,20000524,     
  313,20000525,     
  313,20000526,     
  313,20000527,     
  313,20000528,     
  313,20000529,     
  313,20000530,     
  313,20000531,     
  313,20000601,     
  313,20000602,     
  313,20000603,     
  313,20000604,     
  313,20000605,     
  313,20000606,     
  313,20000607,     
  313,20000608,     
  313,20000609,     
  313,20000610,     
  313,20000611,     
  313,20000612,     
  313,20000613,     
  313,20000614,     
  313,20000615,     
  313,20000616,     
  313,20000617,     
  313,20000618,     
  313,20000619,     
  313,20000620,     
  313,20000621,     
  313,20000622,     
  313,20000623,     
  313,20000624,     
  313,20000625,     
  313,20000626,     
  313,20000627,     
  313,20000628,     
  313,20000629,     
  313,20000630,     
  313,20000701,     
  313,20000702,     
  313,20000703,     
  313,20000704,     
  313,20000705,     
  313,20000706,     
  313,20000707,     
  313,20000708,     
  313,20000709,     
  313,20000710,     
  313,20000711,     
  313,20000712,     
  313,20000713,     
  313,20000714,     
  313,20000715,     
  313,20000716,     
  313,20000717,     
  313,20000718,     
  313,20000719,     
  313,20000720,     
  313,20000721,     
  313,20000722,     
  313,20000723,     
  313,20000724,     
  313,20000725,     
  313,20000726,     
  313,20000727,     
  313,20000728,     
  313,20000729,     
  313,20000730,     
  313,20000731,     
  313,20000801,     
  313,20000802,     
  313,20000803,     
  313,20000804,     
  313,20000805,     
  313,20000806,     
  313,20000807,     
  313,20000808,     
  313,20000809,     
  313,20000810,     
  313,20000811,     
  313,20000812,     
  313,20000813,     
  313,20000814,     
  313,20000815,     
  313,20000816,     
  313,20000817,     
  313,20000818,     
  313,20000819,     
  313,20000820,     
  313,20000821,     
  313,20000822,     
  313,20000823,     
  313,20000824,     
  313,20000825,     
  313,20000826,     
  313,20000827,     
  313,20000828,     
  313,20000829,     
  313,20000830,     
  313,20000831,     
  313,20000901,     
  313,20000902,     
  313,20000903,     
  313,20000904,     
  313,20000905,     
  313,20000906,     
  313,20000907,     
  313,20000908,     
  313,20000909,     
  313,20000910,     
  313,20000911,     
  313,20000912,     
  313,20000913,     
  313,20000914,     
  313,20000915,     
  313,20000916,     
  313,20000917,     
  313,20000918,     
  313,20000919,     
  313,20000920,     
  313,20000921,     
  313,20000922,     
  313,20000923,     
  313,20000924,     
  313,20000925,     
  313,20000926,     
  313,20000927,     
  313,20000928,     
  313,20000929,     
  313,20000930,     
  313,20001001,     
  313,20001002,     
  313,20001003,     
  313,20001004,     
  313,20001005,     
  313,20001006,     
  313,20001007,     
  313,20001008,     
  313,20001009,     
  313,20001010,     
  313,20001011,     
  313,20001012,     
  313,20001013,     
  313,20001014,     
  313,20001015,     
  313,20001016,     
  313,20001017,     
  313,20001018,     
  313,20001019,     
  313,20001020,     
  313,20001021,     
  313,20001022,     
  313,20001023,     
  313,20001024,     
  313,20001025,     
  313,20001026,     
  313,20001027,     
  313,20001028,     
  313,20001029,     
  313,20001030,     
  313,20001031,     
  313,20001101,     
  313,20001102,     
  313,20001103,     
  313,20001104,     
  313,20001105,     
  313,20001106,     
  313,20001107,     
  313,20001108,     
  313,20001109,     
  313,20001110,     
  313,20001111,     
  313,20001112,     
  313,20001113,     
  313,20001114,     
  313,20001115,     
  313,20001116,     
  313,20001117,     
  313,20001118,     
  313,20001119,     
  313,20001120,     
  313,20001121,     
  313,20001122,     
  313,20001123,     
  313,20001124,     
  313,20001125,     
  313,20001126,     
  313,20001127,     
  313,20001128,     
  313,20001129,     
  313,20001130,     
  313,20001201,     
  313,20001202,     
  313,20001203,     
  313,20001204,     
  313,20001205,     
  313,20001206,     
  313,20001207,     
  313,20001208,     
  313,20001209,     
  313,20001210,     
  313,20001211,     
  313,20001212,     
  313,20001213,     
  313,20001214,     
  313,20001215,     
  313,20001216,     
  313,20001217,     
  313,20001218,     
  313,20001219,     
  313,20001220,     
  313,20001221,     
  313,20001222,     
  313,20001223,     
  313,20001224,     
  313,20001225,     
  313,20001226,     
  313,20001227,     
  313,20001228,     
  313,20001229,     
  313,20001230,     
  313,20001231,     
  313,20010101,     
  313,20010102,     
  313,20010103,     
  313,20010104,     
  313,20010105,     
  313,20010106,     
  313,20010107,     
  313,20010108,     
  313,20010109,     
  313,20010110,     
  313,20010111,     
  313,20010112,     
  313,20010113,     
  313,20010114,     
  313,20010115,     
  313,20010116,     
  313,20010117,     
  313,20010118,     
  313,20010119,     
  313,20010120,     
  313,20010121,     
  313,20010122,     
  313,20010123,     
  313,20010124,     
  313,20010125,     
  313,20010126,     
  313,20010127,     
  313,20010128,     
  313,20010129,     
  313,20010130,     
  313,20010131,     
  313,20010201,     
  313,20010202,     
  313,20010203,     
  313,20010204,     
  313,20010205,     
  313,20010206,     
  313,20010207,     
  313,20010208,     
  313,20010209,     
  313,20010210,     
  313,20010211,     
  313,20010212,     
  313,20010213,     
  313,20010214,     
  313,20010215,     
  313,20010216,     
  313,20010217,     
  313,20010218,     
  313,20010219,     
  313,20010220,     
  313,20010221,     
  313,20010222,     
  313,20010223,     
  313,20010224,     
  313,20010225,     
  313,20010226,     
  313,20010227,     
  313,20010228,     
  313,20010301,     
  313,20010302,     
  313,20010303,     
  313,20010304,     
  313,20010305,     
  313,20010306,     
  313,20010307,     
  313,20010308,     
  313,20010309,     
  313,20010310,     
  313,20010311,     
  313,20010312,     
  313,20010313,     
  313,20010314,     
  313,20010315,     
  313,20010316,     
  313,20010317,     
  313,20010318,     
  313,20010319,     
  313,20010320,     
  313,20010321,     
  313,20010322,     
  313,20010323,     
  313,20010324,     
  313,20010325,     
  313,20010326,     
  313,20010327,     
  313,20010328,     
  313,20010329,     
  313,20010330,     
  313,20010331,     
  313,20010401,     
  313,20010402,     
  313,20010403,     
  313,20010404,     
  313,20010405,     
  313,20010406,     
  313,20010407,     
  313,20010408,     
  313,20010409,     
  313,20010410,     
  313,20010411,     
  313,20010412,     
  313,20010413,     
  313,20010414,     
  313,20010415,     
  313,20010416,     
  313,20010417,     
  313,20010418,     
  313,20010419,     
  313,20010420,     
  313,20010421,     
  313,20010422,     
  313,20010423,     
  313,20010424,     
  313,20010425,     
  313,20010426,     
  313,20010427,     
  313,20010428,     
  313,20010429,     
  313,20010430,     
  313,20010501,     
  313,20010502,     
  313,20010503,     
  313,20010504,     
  313,20010505,     
  313,20010506,     
  313,20010507,     
  313,20010508,     
  313,20010509,     
  313,20010510,     
  313,20010511,     
  313,20010512,     
  313,20010513,     
  313,20010514,     
  313,20010515,     
  313,20010516,     
  313,20010517,     
  313,20010518,     
  313,20010519,     
  313,20010520,     
  313,20010521,     
  313,20010522,     
  313,20010523,     
  313,20010524,     
  313,20010525,     
  313,20010526,     
  313,20010527,     
  313,20010528,     
  313,20010529,     
  313,20010530,     
  313,20010531,     
  313,20010601,     
  313,20010602,     
  313,20010603,     
  313,20010604,     
  313,20010605,     
  313,20010606,     
  313,20010607,     
  313,20010608,     
  313,20010609,     
  313,20010610,     
  313,20010611,     
  313,20010612,     
  313,20010613,     
  313,20010614,     
  313,20010615,     
  313,20010616,     
  313,20010617,     
  313,20010618,     
  313,20010619,     
  313,20010620,     
  313,20010621,     
  313,20010622,     
  313,20010623,     
  313,20010624,     
  313,20010625,     
  313,20010626,     
  313,20010627,     
  313,20010628,     
  313,20010629,     
  313,20010630,     
  313,20010701,     
  313,20010702,     
  313,20010703,     
  313,20010704,     
  313,20010705,     
  313,20010706,     
  313,20010707,     
  313,20010708,     
  313,20010709,     
  313,20010710,     
  313,20010711,     
  313,20010712,     
  313,20010713,     
  313,20010714,     
  313,20010715,     
  313,20010716,     
  313,20010717,     
  313,20010718,     
  313,20010719,     
  313,20010720,     
  313,20010721,     
  313,20010722,     
  313,20010723,     
  313,20010724,     
  313,20010725,     
  313,20010726,     
  315,19970201,     
  315,19970202,     
  315,19970203,     
  315,19970204,     
  315,19970205,     
  315,19970206,     
  315,19970207,     
  315,19970208,     
  315,19970209,     
  315,19970210,     
  315,19970211,     
  315,19970212,     
  315,19970213,     
  315,19970214,     
  315,19970215,     
  315,19970216,     
  315,19970217,     
  315,19970218,     
  315,19970219,     
  315,19970220,     
  315,19970221,     
  315,19970222,     
  315,19970223,     
  315,19970224,     
  315,19970225,     
  315,19970226,     
  315,19970227,     
  315,19970228,     
  315,19970301,     
  315,19970302,     
  315,19970303,     
  315,19970304,     
  315,19970305,     
  315,19970306,     
  315,19970307,     
  315,19970308,     
  315,19970309,     
  315,19970310,     
  315,19970311,     
  315,19970312,     
  315,19970313,     
  315,19970314,     
  315,19970315,     
  315,19970316,     
  315,19970317,     
  315,19970318,     
  315,19970319,     
  315,19970320,     
  315,19970321,     
  315,19970322,     
  315,19970323,     
  315,19970324,     
  315,19970325,     
  315,19970326,     
  315,19970327,     
  315,19970328,     
  315,19970329,     
  315,19970330,     
  315,19970331,     
  315,19970401,     
  315,19970402,     
  315,19970403,     
  315,19970404,     
  315,19970405,     
  315,19970406,     
  315,19970407,     
  315,19970408,     
  315,19970409,     
  315,19970410,     
  315,19970411,     
  315,19970412,     
  315,19970413,     
  315,19970414,     
  315,19970415,     
  315,19970416,     
  315,19970417,     
  315,19970418,     
  315,19970419,     
  315,19970420,     
  315,19970421,     
  315,19970422,     
  315,19970423,     
  315,19970424,     
  315,19970425,     
  315,19970426,     
  315,19970427,     
  315,19970428,     
  315,19970429,     
  315,19970430,     
  315,19970501,     
  315,19970502,     
  315,19970503,     
  315,19970504,     
  315,19970505,     
  315,19970506,     
  315,19970507,     
  315,19970508,     
  315,19970509,     
  315,19970510,     
  315,19970511,     
  315,19970512,     
  315,19970513,     
  315,19970514,     
  315,19970515,     
  315,19970516,     
  315,19970517,     
  315,19970518,     
  315,19970519,     
  315,19970520,     
  315,19970521,     
  315,19970522,     
  315,19970523,     
  315,19970524,     
  315,19970525,     
  315,19970526,     
  315,19970527,     
  315,19970528,     
  315,19970529,     
  315,19970530,     
  315,19970531,     
  315,19970601,     
  315,19970602,     
  315,19970603,     
  315,19970604,     
  315,19970605,     
  315,19970606,     
  315,19970607,     
  315,19970608,     
  315,19970609,     
  315,19970610,     
  315,19970611,     
  315,19970612,     
  315,19970613,     
  315,19970614,     
  315,19970615,     
  315,19970616,     
  315,19970617,     
  315,19970618,     
  315,19970619,     
  315,19970620,     
  315,19970621,     
  315,19970622,     
  315,19970623,     
  315,19970624,     
  315,19970625,     
  315,19970626,     
  315,19970627,     
  315,19970628,     
  315,19970629,     
  315,19970630,     
  315,19970701,     
  315,19970702,     
  315,19970703,     
  315,19970704,     
  315,19970705,     
  315,19970706,     
  315,19970707,     
  315,19970708,     
  315,19970709,     
  315,19970710,     
  315,19970711,     
  315,19970712,     
  315,19970713,     
  315,19970714,     
  315,19970715,     
  315,19970716,     
  315,19970717,     
  315,19970718,     
  315,19970719,     
  315,19970720,     
  315,19970721,     
  315,19970722,     
  315,19970723,     
  315,19970724,     
  315,19970725,     
  315,19970726,     
  315,19970727,     
  315,19970728,     
  315,19970729,     
  315,19970730,     
  315,19970731,     
  315,19970801,     
  315,19970802,     
  315,19970803,     
  315,19970804,     
  315,19970805,     
  315,19970806,     
  315,19970807,     
  315,19970808,     
  315,19970809,     
  315,19970810,     
  315,19970811,     
  315,19970812,     
  315,19970813,     
  315,19970814,     
  315,19970815,     
  315,19970816,     
  315,19970817,     
  315,19970818,     
  315,19970819,     
  315,19970820,     
  315,19970821,     
  315,19970822,     
  315,19970823,     
  315,19970824,     
  315,19970825,     
  315,19970826,     
  315,19970827,     
  315,19970828,     
  315,19970829,     
  315,19970830,     
  315,19970831,     
  315,19970901,     
  315,19970902,     
  315,19970903,     
  315,19970904,     
  315,19970905,     
  315,19970906,     
  315,19970907,     
  315,19970908,     
  315,19970909,     
  315,19970910,     
  315,19970911,     
  315,19970912,     
  315,19970913,     
  315,19970914,     
  315,19970915,     
  315,19970916,     
  315,19970917,     
  315,19970918,     
  315,19970919,     
  315,19970920,     
  315,19970921,     
  315,19970922,     
  315,19970923,     
  315,19970924,     
  315,19970925,     
  315,19970926,     
  315,19970927,     
  315,19970928,     
  315,19970929,     
  315,19970930,     
  315,19971001,     
  315,19971002,     
  315,19971003,     
  315,19971004,     
  315,19971005,     
  315,19971006,     
  315,19971007,     
  315,19971008,     
  315,19971009,     
  315,19971010,     
  315,19971011,     
  315,19971012,     
  315,19971013,     
  315,19971014,     
  315,19971015,     
  315,19971016,     
  315,19971017,     
  315,19971018,     
  315,19971019,     
  315,19971020,     
  315,19971021,     
  315,19971022,     
  315,19971023,     
  315,19971024,     
  315,19971025,     
  315,19971026,     
  315,19971027,     
  315,19971028,     
  315,19971029,     
  315,19971030,     
  315,19971031,     
  315,19971101,     
  315,19971102,     
  315,19971103,     
  315,19971104,     
  315,19971105,     
  315,19971106,     
  315,19971107,     
  315,19971108,     
  315,19971109,     
  315,19971110,     
  315,19971111,     
  315,19971112,     
  315,19971113,     
  315,19971114,     
  315,19971115,     
  315,19971116,     
  315,19971117,     
  315,19971118,     
  315,19971119,     
  315,19971120,     
  315,19971121,     
  315,19971122,     
  315,19971123,     
  315,19971124,     
  315,19971125,     
  315,19971126,     
  315,19971127,     
  315,19971128,     
  315,19971129,     
  315,19971130,     
  315,19971201,     
  315,19971202,     
  315,19971203,     
  315,19971204,     
  315,19971205,     
  315,19971206,     
  315,19971207,     
  315,19971208,     
  315,19971209,     
  315,19971210,     
  315,19971211,     
  315,19971212,     
  315,19971213,     
  315,19971214,     
  315,19971215,     
  315,19971216,     
  315,19971217,     
  315,19971218,     
  315,19971219,     
  315,19971220,     
  315,19971221,     
  315,19971222,     
  315,19971223,     
  315,19971224,     
  315,19971225,     
  315,19971226,     
  315,19971227,     
  315,19971228,     
  315,19971229,     
  315,19971230,     
  315,19971231,     
  315,19980101,     
  315,19980102,     
  315,19980103,     
  315,19980104,     
  315,19980105,     
  315,19980106,     
  315,19980107,     
  315,19980108,     
  315,19980109,     
  315,19980110,     
  315,19980111,     
  315,19980112,     
  315,19980113,     
  315,19980114,     
  315,19980115,     
  315,19980116,     
  315,19980117,     
  315,19980118,     
  315,19980119,     
  315,19980120,     
  315,19980121,     
  315,19980122,     
  315,19980123,     
  315,19980124,     
  315,19980125,     
  315,19980126,     
  315,19980127,     
  315,19980128,     
  315,19980129,     
  315,19980130,     
  315,19980131,     
  315,19980201,     
  315,19980202,     
  315,19980203,     
  315,19980204,     
  315,19980205,     
  315,19980206,     
  315,19980207,     
  315,19980208,     
  315,19980209,     
  315,19980210,     
  315,19980211,     
  315,19980212,     
  315,19980213,     
  315,19980214,     
  315,19980215,     
  315,19980216,     
  315,19980217,     
  315,19980218,     
  315,19980219,     
  315,19980220,     
  315,19980221,     
  315,19980222,     
  315,19980223,     
  315,19980224,     
  315,19980225,     
  315,19980226,     
  315,19980227,     
  315,19980228,     
  315,19980301,     
  315,19980302,     
  315,19980303,     
  315,19980304,     
  315,19980305,     
  315,19980306,     
  315,19980307,     
  315,19980308,     
  315,19980309,     
  315,19980310,     
  315,19980311,     
  315,19980312,     
  315,19980313,     
  315,19980314,     
  315,19980315,     
  315,19980316,     
  315,19980317,     
  315,19980318,     
  315,19980319,     
  315,19980320,     
  315,19980321,     
  315,19980322,     
  315,19980323,     
  315,19980324,     
  315,19980325,     
  315,19980326,     
  315,19980327,     
  315,19980328,     
  315,19980329,     
  315,19980330,     
  315,19980331,     
  315,19980401,     
  315,19980402,     
  315,19980403,     
  315,19980404,     
  315,19980405,     
  315,19980406,     
  315,19980407,     
  315,19980408,     
  315,19980409,     
  315,19980410,     
  315,19980411,     
  315,19980412,     
  315,19980413,     
  315,19980414,     
  315,19980415,     
  315,19980416,     
  315,19980417,     
  315,19980418,     
  315,19980419,     
  315,19980420,     
  315,19980421,     
  315,19980422,     
  315,19980423,     
  315,19980424,     
  315,19980425,     
  315,19980426,     
  315,19980427,     
  315,19980428,     
  315,19980429,     
  315,19980430,     
  315,19980501,     
  315,19980502,     
  315,19980503,     
  315,19980504,     
  315,19980505,     
  315,19980506,     
  315,19980507,     
  315,19980508,     
  315,19980509,     
  315,19980510,     
  315,19980511,     
  315,19980512,     
  315,19980513,     
  315,19980514,     
  315,19980515,     
  315,19980516,     
  315,19980517,     
  315,19980518,     
  315,19980519,     
  315,19980520,     
  315,19980521,     
  315,19980522,     
  315,19980523,     
  315,19980524,     
  315,19980525,     
  315,19980526,     
  315,19980527,     
  315,19980528,     
  315,19980529,     
  315,19980530,     
  315,19980531,     
  315,19980601,     
  315,19980602,     
  315,19980603,     
  315,19980604,     
  315,19980605,     
  315,19980606,     
  315,19980607,     
  315,19980608,     
  315,19980609,     
  315,19980610,     
  315,19980611,     
  315,19980612,     
  315,19980613,     
  315,19980614,     
  315,19980615,     
  315,19980616,     
  315,19980617,     
  315,19980618,     
  315,19980619,     
  315,19980620,     
  315,19980621,     
  315,19980622,     
  315,19980623,     
  315,19980624,     
  315,19980625,     
  315,19980626,     
  315,19980627,     
  315,19980628,     
  315,19980629,     
  315,19980630,     
  315,19980701,     
  315,19980702,     
  315,19980703,     
  315,19980704,     
  315,19980705,     
  315,19980706,     
  315,19980707,     
  315,19980708,     
  315,19980709,     
  315,19980710,     
  315,19980711,     
  315,19980712,     
  315,19980713,     
  315,19980714,     
  315,19980715,     
  315,19980716,     
  315,19980717,     
  315,19980718,     
  315,19980719,     
  315,19980720,     
  315,19980721,     
  315,19980722,     
  315,19980723,     
  315,19980724,     
  315,19980725,     
  315,19980726,     
  315,19980727,     
  315,19980728,     
  315,19980729,     
  315,19980730,     
  315,19980731,     
  315,19980801,     
  315,19980802,     
  315,19980803,     
  315,19980804,     
  315,19980805,     
  315,19980806,     
  315,19980807,     
  315,19980808,     
  315,19980809,     
  315,19980810,     
  315,19980811,     
  315,19980812,     
  315,19980813,     
  315,19980814,     
  315,19980815,     
  315,19980816,     
  315,19980817,     
  315,19980818,     
  315,19980819,     
  315,19980820,     
  315,19980821,     
  315,19980822,     
  315,19980823,     
  315,19980824,     
  315,19980825,     
  315,19980826,     
  315,19980827,     
  315,19980828,     
  315,19980829,     
  315,19980830,     
  315,19980831,     
  315,19980901,     
  315,19980902,     
  315,19980903,     
  315,19980904,     
  315,19980905,     
  315,19980906,     
  315,19980907,     
  315,19980908,     
  315,19980909,     
  315,19980910,     
  315,19980911,     
  315,19980912,     
  315,19980913,     
  315,19980914,     
  315,19980915,     
  315,19980916,     
  315,19980917,     
  315,19980918,     
  315,19980919,     
  315,19980920,     
  315,19980921,     
  315,19980922,     
  315,19980923,     
  315,19980924,     
  315,19980925,     
  315,19980926,     
  315,19980927,     
  315,19980928,     
  315,19980929,     
  315,19980930,     
  315,19981001,     
  315,19981002,     
  315,19981003,     
  315,19981004,     
  315,19981005,     
  315,19981006,     
  315,19981007,     
  315,19981008,     
  315,19981009,     
  315,19981010,     
  315,19981011,     
  315,19981012,     
  315,19981013,     
  315,19981014,     
  315,19981015,     
  315,19981016,     
  315,19981017,     
  315,19981018,     
  315,19981019,     
  315,19981020,     
  315,19981021,     
  315,19981022,     
  315,19981023,     
  315,19981024,     
  315,19981025,     
  315,19981026,     
  315,19981027,     
  315,19981028,     
  315,19981029,     
  315,19981030,     
  315,19981031,     
  315,19981101,     
  315,19981102,     
  315,19981103,     
  315,19981104,     
  315,19981105,     
  315,19981106,     
  315,19981107,     
  315,19981108,     
  315,19981109,     
  315,19981110,     
  315,19981111,     
  315,19981112,     
  315,19981113,     
  315,19981114,     
  315,19981115,     
  315,19981116,     
  315,19981117,     
  315,19981118,     
  315,19981119,     
  315,19981120,     
  315,19981121,     
  315,19981122,     
  315,19981123,     
  315,19981124,     
  315,19981125,     
  315,19981126,     
  315,19981127,     
  315,19981128,     
  315,19981129,     
  315,19981130,     
  315,19981201,     
  315,19981202,     
  315,19981203,     
  315,19981204,     
  315,19981205,     
  315,19981206,     
  315,19981207,     
  315,19981208,     
  315,19981209,     
  315,19981210,     
  315,19981211,     
  315,19981212,     
  315,19981213,     
  315,19981214,     
  315,19981215,     
  315,19981216,     
  315,19981217,     
  315,19981218,     
  315,19981219,     
  315,19981220,     
  315,19981221,     
  315,19981222,     
  315,19981223,     
  315,19981224,     
  315,19981225,     
  315,19981226,     
  315,19981227,     
  315,19981228,     
  315,19981229,     
  315,19981230,     
  315,19981231,     
  315,19990101,     
  315,19990102,     
  315,19990103,     
  315,19990104,     
  315,19990105,     
  315,19990106,     
  315,19990107,     
  315,19990108,     
  315,19990109,     
  315,19990110,     
  315,19990111,     
  315,19990112,     
  315,19990113,     
  315,19990114,     
  315,19990115,     
  315,19990116,     
  315,19990117,     
  315,19990118,     
  315,19990119,     
  315,19990120,     
  315,19990121,     
  315,19990122,     
  315,19990123,     
  315,19990124,     
  315,19990125,     
  315,19990126,     
  315,19990127,     
  315,19990128,     
  315,19990129,     
  315,19990130,     
  315,19990131,     
  315,19990201,     
  315,19990202,     
  315,19990203,     
  315,19990204,     
  315,19990205,     
  315,19990206,     
  315,19990207,     
  315,19990208,     
  315,19990209,     
  315,19990210,     
  315,19990211,     
  315,19990212,     
  315,19990213,     
  315,19990214,     
  315,19990215,     
  315,19990216,     
  315,19990217,     
  315,19990218,     
  315,19990219,     
  315,19990220,     
  315,19990221,     
  315,19990222,     
  315,19990223,     
  315,19990224,     
  315,19990225,     
  315,19990226,     
  315,19990227,     
  315,19990228,     
  315,19990301,     
  315,19990302,     
  315,19990303,     
  315,19990304,     
  315,19990305,     
  315,19990306,     
  315,19990307,     
  315,19990308,     
  315,19990309,     
  315,19990310,     
  315,19990311,     
  315,19990312,     
  315,19990313,     
  315,19990314,     
  315,19990315,     
  315,19990316,     
  315,19990317,     
  315,19990318,     
  315,19990319,     
  315,19990320,     
  315,19990321,     
  315,19990322,     
  315,19990323,     
  315,19990324,     
  315,19990325,     
  315,19990326,     
  315,19990327,     
  315,19990328,     
  315,19990329,     
  315,19990330,     
  315,19990331,     
  315,19990401,     
  315,19990402,     
  315,19990403,     
  315,19990404,     
  315,19990405,     
  315,19990406,     
  315,19990407,     
  315,19990408,     
  315,19990409,     
  315,19990410,     
  315,19990411,     
  315,19990412,     
  315,19990413,     
  315,19990414,     
  315,19990415,     
  315,19990416,     
  315,19990417,     
  315,19990418,     
  315,19990419,     
  315,19990420,     
  315,19990421,     
  315,19990422,     
  315,19990423,     
  315,19990424,     
  315,19990425,     
  315,19990426,     
  315,19990427,     
  315,19990428,     
  315,19990429,     
  315,19990430,     
  315,19990501,     
  315,19990502,     
  315,19990503,     
  315,19990504,     
  315,19990505,     
  315,19990506,     
  315,19990507,     
  315,19990508,     
  315,19990509,     
  315,19990510,     
  315,19990511,     
  315,19990512,     
  315,19990513,     
  315,19990514,     
  315,19990515,     
  315,19990516,     
  315,19990517,     
  315,19990518,     
  315,19990519,     
  315,19990520,     
  315,19990521,     
  315,19990522,     
  315,19990523,     
  315,19990524,     
  315,19990525,     
  315,19990526,     
  315,19990527,     
  315,19990528,     
  315,19990529,     
  315,19990530,     
  315,19990531,     
  315,19990601,     
  315,19990602,     
  315,19990603,     
  315,19990604,     
  315,19990605,     
  315,19990606,     
  315,19990607,     
  315,19990608,     
  315,19990609,     
  315,19990610,     
  315,19990611,     
  315,19990612,     
  315,19990613,     
  315,19990614,     
  315,19990615,     
  315,19990616,     
  315,19990617,     
  315,19990618,     
  315,19990619,     
  315,19990620,     
  315,19990621,     
  315,19990622,     
  315,19990623,     
  315,19990624,     
  315,19990625,     
  315,19990626,     
  315,19990627,     
  315,19990628,     
  315,19990629,     
  315,19990630,     
  315,19990701,     
  315,19990702,     
  315,19990703,     
  315,19990704,     
  315,19990705,     
  315,19990706,     
  315,19990707,     
  315,19990708,     
  315,19990709,     
  315,19990710,     
  315,19990711,     
  315,19990712,     
  315,19990713,     
  315,19990714,     
  315,19990715,     
  315,19990716,     
  315,19990717,     
  315,19990718,     
  315,19990719,     
  315,19990720,     
  315,19990721,     
  315,19990722,     
  315,19990723,     
  315,19990724,     
  315,19990725,     
  315,19990726,     
  315,19990727,     
  315,19990728,     
  315,19990729,     
  315,19990730,     
  315,19990731,     
  315,19990801,     
  315,19990802,     
  315,19990803,     
  315,19990804,     
  315,19990805,     
  315,19990806,     
  315,19990807,     
  315,19990808,     
  315,19990809,     
  315,19990810,     
  315,19990811,     
  315,19990812,     
  315,19990813,     
  315,19990814,     
  315,19990815,     
  315,19990816,     
  315,19990817,     
  315,19990818,     
  315,19990819,     
  315,19990820,     
  315,19990821,     
  315,19990822,     
  315,19990823,     
  315,19990824,     
  315,19990825,     
  315,19990826,     
  315,19990827,     
  315,19990828,     
  315,19990829,     
  315,19990830,     
  315,19990831,     
  315,19990901,     
  315,19990902,     
  315,19990903,     
  315,19990904,     
  315,19990905,     
  315,19990906,     
  315,19990907,     
  315,19990908,     
  315,19990909,     
  315,19990910,     
  315,19990911,     
  315,19990912,     
  315,19990913,     
  315,19990914,     
  315,19990915,     
  315,19990916,     
  315,19990917,     
  315,19990918,     
  315,19990919,     
  315,19990920,     
  315,19990921,     
  315,19990922,     
  315,19990923,     
  315,19990924,     
  315,19990925,     
  315,19990926,     
  315,19990927,     
  315,19990928,     
  315,19990929,     
  315,19990930,     
  315,19991001,     
  315,19991002,     
  315,19991003,     
  315,19991004,     
  315,19991005,     
  315,19991006,     
  315,19991007,     
  315,19991008,     
  315,19991009,     
  315,19991010,     
  315,19991011,     
  315,19991012,     
  315,19991013,     
  315,19991014,     
  315,19991015,     
  315,19991016,     
  315,19991017,     
  315,19991018,     
  315,19991019,     
  315,19991020,     
  315,19991021,     
  315,19991022,     
  315,19991023,     
  315,19991024,     
  315,19991025,     
  315,19991026,     
  315,19991027,     
  315,19991028,     
  315,19991029,     
  315,19991030,     
  315,19991031,     
  315,19991101,     
  315,19991102,     
  315,19991103,     
  315,19991104,     
  315,19991105,     
  315,19991106,     
  315,19991107,     
  315,19991108,     
  315,19991109,     
  315,19991110,     
  315,19991111,     
  315,19991112,     
  315,19991113,     
  315,19991114,     
  315,19991115,     
  315,19991116,     
  315,19991117,     
  315,19991118,     
  315,19991119,     
  315,19991120,     
  315,19991121,     
  315,19991122,     
  315,19991123,     
  315,19991124,     
  315,19991125,     
  315,19991126,     
  315,19991127,     
  315,19991128,     
  315,19991129,     
  315,19991130,     
  315,19991201,     
  315,19991202,     
  315,19991203,     
  315,19991204,     
  315,19991205,     
  315,19991206,     
  315,19991207,     
  315,19991208,     
  315,19991209,     
  315,19991210,     
  315,19991211,     
  315,19991212,     
  315,19991213,     
  315,19991214,     
  315,19991215,     
  315,19991216,     
  315,19991217,     
  315,19991218,     
  315,19991219,     
  315,19991220,     
  315,19991221,     
  315,19991222,     
  315,19991223,     
  315,19991224,     
  315,19991225,     
  315,19991226,     
  315,19991227,     
  315,19991228,     
  315,19991229,     
  315,19991230,     
  315,19991231,     
  315,20000101,     
  315,20000102,     
  315,20000103,     
  315,20000104,     
  315,20000105,     
  315,20000106,     
  315,20000107,     
  315,20000108,     
  315,20000109,     
  315,20000110,     
  315,20000111,     
  315,20000112,     
  315,20000113,     
  315,20000114,     
  315,20000115,     
  315,20000116,     
  315,20000117,     
  315,20000118,     
  315,20000119,     
  315,20000120,     
  315,20000121,     
  315,20000122,     
  315,20000123,     
  315,20000124,     
  315,20000125,     
  315,20000126,     
  315,20000127,     
  315,20000128,     
  315,20000129,     
  315,20000130,     
  315,20000131,     
  315,20000201,     
  315,20000202,     
  315,20000203,     
  315,20000204,     
  315,20000205,     
  315,20000206,     
  315,20000207,     
  315,20000208,     
  315,20000209,     
  315,20000210,     
  315,20000211,     
  315,20000212,     
  315,20000213,     
  315,20000214,     
  315,20000215,     
  315,20000216,     
  315,20000217,     
  315,20000218,     
  315,20000219,     
  315,20000220,     
  315,20000221,     
  315,20000222,     
  315,20000223,     
  315,20000224,     
  315,20000225,     
  315,20000226,     
  315,20000227,     
  315,20000228,     
  315,20000229,     
  315,20000301,     
  315,20000302,     
  315,20000303,     
  315,20000304,     
  315,20000305,     
  315,20000306,     
  315,20000307,     
  315,20000308,     
  315,20000309,     
  315,20000310,     
  315,20000311,     
  315,20000312,     
  315,20000313,     
  315,20000314,     
  315,20000315,     
  315,20000316,     
  315,20000317,     
  315,20000318,     
  315,20000319,     
  315,20000320,     
  315,20000321,     
  315,20000322,     
  315,20000323,     
  315,20000324,     
  315,20000325,     
  315,20000326,     
  315,20000327,     
  315,20000328,     
  315,20000329,     
  315,20000330,     
  315,20000331,     
  315,20000401,     
  315,20000402,     
  315,20000403,     
  315,20000404,     
  315,20000405,     
  315,20000406,     
  315,20000407,     
  315,20000408,     
  315,20000409,     
  315,20000410,     
  315,20000411,     
  315,20000412,     
  315,20000413,     
  315,20000414,     
  315,20000415,     
  315,20000416,     
  315,20000417,     
  315,20000418,     
  315,20000419,     
  315,20000420,     
  315,20000421,     
  315,20000422,     
  315,20000423,     
  315,20000424,     
  315,20000425,     
  315,20000426,     
  315,20000427,     
  315,20000428,     
  315,20000429,     
  315,20000430,     
  315,20000501,     
  315,20000502,     
  315,20000503,     
  315,20000504,     
  315,20000505,     
  315,20000506,     
  315,20000507,     
  315,20000508,     
  315,20000509,     
  315,20000510,     
  315,20000511,     
  315,20000512,     
  315,20000513,     
  315,20000514,     
  315,20000515,     
  315,20000516,     
  315,20000517,     
  315,20000518,     
  315,20000519,     
  315,20000520,     
  315,20000521,     
  315,20000522,     
  315,20000523,     
  315,20000524,     
  315,20000525,     
  315,20000526,     
  315,20000527,     
  315,20000528,     
  315,20000529,     
  315,20000530,     
  315,20000531,     
  315,20000601,     
  315,20000602,     
  315,20000603,     
  315,20000604,     
  315,20000605,     
  315,20000606,     
  315,20000607,     
  315,20000608,     
  315,20000609,     
  315,20000610,     
  315,20000611,     
  315,20000612,     
  315,20000613,     
  315,20000614,     
  315,20000615,     
  315,20000616,     
  315,20000617,     
  315,20000618,     
  315,20000619,     
  315,20000620,     
  315,20000621,     
  315,20000622,     
  315,20000623,     
  315,20000624,     
  315,20000625,     
  315,20000626,     
  315,20000627,     
  315,20000628,     
  315,20000629,     
  315,20000630,     
  315,20000701,     
  315,20000702,     
  315,20000703,     
  315,20000704,     
  315,20000705,     
  315,20000706,     
  315,20000707,     
  315,20000708,     
  315,20000709,     
  315,20000710,     
  315,20000711,     
  315,20000712,     
  315,20000713,     
  315,20000714,     
  315,20000715,     
  315,20000716,     
  315,20000717,     
  315,20000718,     
  315,20000719,     
  315,20000720,     
  315,20000721,     
  315,20000722,     
  315,20000723,     
  315,20000724,     
  315,20000725,     
  315,20000726,     
  315,20000727,     
  315,20000728,     
  315,20000729,     
  315,20000730,     
  315,20000731,     
  315,20000801,     
  315,20000802,     
  315,20000803,     
  315,20000804,     
  315,20000805,     
  315,20000806,     
  315,20000807,     
  315,20000808,     
  315,20000809,     
  315,20000810,     
  315,20000811,     
  315,20000812,     
  315,20000813,     
  315,20000814,     
  315,20000815,     
  315,20000816,     
  315,20000817,     
  315,20000818,     
  315,20000819,     
  315,20000820,     
  315,20000821,     
  315,20000822,     
  315,20000823,     
  315,20000824,     
  315,20000825,     
  315,20000826,     
  315,20000827,     
  315,20000828,     
  315,20000829,     
  315,20000830,     
  315,20000831,     
  315,20000901,     
  315,20000902,     
  315,20000903,     
  315,20000904,     
  315,20000905,     
  315,20000906,     
  315,20000907,     
  315,20000908,     
  315,20000909,     
  315,20000910,     
  315,20000911,     
  315,20000912,     
  315,20000913,     
  315,20000914,     
  315,20000915,     
  315,20000916,     
  315,20000917,     
  315,20000918,     
  315,20000919,     
  315,20000920,     
  315,20000921,     
  315,20000922,     
  315,20000923,     
  315,20000924,     
  315,20000925,     
  315,20000926,     
  315,20000927,     
  315,20000928,     
  315,20000929,     
  315,20000930,     
  315,20001001,     
  315,20001002,     
  315,20001003,     
  315,20001004,     
  315,20001005,     
  315,20001006,     
  315,20001007,     
  315,20001008,     
  315,20001009,     
  315,20001010,     
  315,20001011,     
  315,20001012,     
  315,20001013,     
  315,20001014,     
  315,20001015,     
  315,20001016,     
  315,20001017,     
  315,20001018,     
  315,20001019,     
  315,20001020,     
  315,20001021,     
  315,20001022,     
  315,20001023,     
  315,20001024,     
  315,20001025,     
  315,20001026,     
  315,20001027,     
  315,20001028,     
  315,20001029,     
  315,20001030,     
  315,20001031,     
  315,20001101,     
  315,20001102,     
  315,20001103,     
  315,20001104,     
  315,20001105,     
  315,20001106,     
  315,20001107,     
  315,20001108,     
  315,20001109,     
  315,20001110,     
  315,20001111,     
  315,20001112,     
  315,20001113,     
  315,20001114,     
  315,20001115,     
  315,20001116,     
  315,20001117,     
  315,20001118,     
  315,20001119,     
  315,20001120,     
  315,20001121,     
  315,20001122,     
  315,20001123,     
  315,20001124,     
  315,20001125,     
  315,20001126,     
  315,20001127,     
  315,20001128,     
  315,20001129,     
  315,20001130,     
  315,20001201,     
  315,20001202,     
  315,20001203,     
  315,20001204,     
  315,20001205,     
  315,20001206,     
  315,20001207,     
  315,20001208,     
  315,20001209,     
  315,20001210,     
  315,20001211,     
  315,20001212,     
  315,20001213,     
  315,20001214,     
  315,20001215,     
  315,20001216,     
  315,20001217,     
  315,20001218,     
  315,20001219,     
  315,20001220,     
  315,20001221,     
  315,20001222,     
  315,20001223,     
  315,20001224,     
  315,20001225,     
  315,20001226,     
  315,20001227,     
  315,20001228,     
  315,20001229,     
  315,20001230,     
  315,20001231,     
  315,20010101,     
  315,20010102,     
  315,20010103,     
  315,20010104,     
  315,20010105,     
  315,20010106,     
  315,20010107,     
  315,20010108,     
  315,20010109,     
  315,20010110,     
  315,20010111,     
  315,20010112,     
  315,20010113,     
  315,20010114,     
  315,20010115,     
  315,20010116,     
  315,20010117,     
  315,20010118,     
  315,20010119,     
  315,20010120,     
  315,20010121,     
  315,20010122,     
  315,20010123,     
  315,20010124,     
  315,20010125,     
  315,20010126,     
  315,20010127,     
  315,20010128,     
  315,20010129,     
  315,20010130,     
  315,20010131,     
  315,20010201,     
  315,20010202,     
  315,20010203,     
  315,20010204,     
  315,20010205,     
  315,20010206,     
  315,20010207,     
  315,20010208,     
  315,20010209,     
  315,20010210,     
  315,20010211,     
  315,20010212,     
  315,20010213,     
  315,20010214,     
  315,20010215,     
  315,20010216,     
  315,20010217,     
  315,20010218,     
  315,20010219,     
  315,20010220,     
  315,20010221,     
  315,20010222,     
  315,20010223,     
  315,20010224,     
  315,20010225,     
  315,20010226,     
  315,20010227,     
  315,20010228,     
  315,20010301,     
  315,20010302,     
  315,20010303,     
  315,20010304,     
  315,20010305,     
  315,20010306,     
  315,20010307,     
  315,20010308,     
  315,20010309,     
  315,20010310,     
  315,20010311,     
  315,20010312,     
  315,20010313,     
  315,20010314,     
  315,20010315,     
  315,20010316,     
  315,20010317,     
  315,20010318,     
  315,20010319,     
  315,20010320,     
  315,20010321,     
  315,20010322,     
  315,20010323,     
  315,20010324,     
  315,20010325,     
  315,20010326,     
  315,20010327,     
  315,20010328,     
  315,20010329,     
  315,20010330,     
  315,20010331,     
  315,20010401,     
  315,20010402,     
  315,20010403,     
  315,20010404,     
  315,20010405,     
  315,20010406,     
  315,20010407,     
  315,20010408,     
  315,20010409,     
  315,20010410,     
  315,20010411,     
  315,20010412,     
  315,20010413,     
  315,20010414,     
  315,20010415,     
  315,20010416,     
  315,20010417,     
  315,20010418,     
  315,20010419,     
  315,20010420,     
  315,20010421,     
  315,20010422,     
  315,20010423,     
  315,20010424,     
  315,20010425,     
  315,20010426,     
  315,20010427,     
  315,20010428,     
  315,20010429,     
  315,20010430,     
  315,20010501,     
  315,20010502,     
  315,20010503,     
  315,20010504,     
  315,20010505,     
  315,20010506,     
  315,20010507,     
  315,20010508,     
  315,20010509,     
  315,20010510,     
  315,20010511,     
  315,20010512,     
  315,20010513,     
  315,20010514,     
  315,20010515,     
  315,20010516,     
  315,20010517,     
  315,20010518,     
  315,20010519,     
  315,20010520,     
  315,20010521,     
  315,20010522,     
  315,20010523,     
  315,20010524,     
  315,20010525,     
  315,20010526,     
  315,20010527,     
  315,20010528,     
  315,20010529,     
  315,20010530,     
  315,20010531,     
  315,20010601,     
  315,20010602,     
  315,20010603,     
  315,20010604,     
  315,20010605,     
  315,20010606,     
  315,20010607,     
  315,20010608,     
  315,20010609,     
  315,20010610,     
  315,20010611,     
  315,20010612,     
  315,20010613,     
  315,20010614,     
  315,20010615,     
  315,20010616,     
  315,20010617,     
  315,20010618,     
  315,20010619,     
  315,20010620,     
  315,20010621,     
  315,20010622,     
  315,20010623,     
  315,20010624,     
  315,20010625,     
  315,20010626,     
  315,20010627,     
  315,20010628,     
  315,20010629,     
  315,20010630,     
  315,20010701,     
  315,20010702,     
  315,20010703,     
  315,20010704,     
  315,20010705,     
  315,20010706,     
  315,20010707,     
  315,20010708,     
  315,20010709,     
  315,20010710,     
  315,20010711,     
  315,20010712,     
  315,20010713,     
  315,20010714,     
  315,20010715,     
  315,20010716,     
  315,20010717,     
  315,20010718,     
  315,20010719,     
  315,20010720,     
  315,20010721,     
  315,20010722,     
  315,20010723,     
  315,20010724,     
  315,20010725,     
  315,20010726,     
  316,19960726,     
  316,19960727,     
  316,19960728,     
  316,19960729,     
  316,19960730,     
  316,19960731,     
  316,19960801,     
  316,19960802,     
  316,19960803,     
  316,19960804,     
  316,19960805,     
  316,19960806,     
  316,19960807,     
  316,19960808,     
  316,19960809,     
  316,19960810,     
  316,19960811,     
  316,19960812,     
  316,19960813,     
  316,19960814,     
  316,19960815,     
  316,19960816,     
  316,19960817,     
  316,19960818,     
  316,19960819,     
  316,19960820,     
  316,19960821,     
  316,19960822,     
  316,19960823,     
  316,19960824,     
  316,19960825,     
  316,19960826,     
  316,19960827,     
  316,19960828,     
  316,19960829,     
  316,19960830,     
  316,19960831,     
  316,19960901,     
  316,19960902,     
  316,19960903,     
  316,19960904,     
  316,19960905,     
  316,19960906,     
  316,19960907,     
  316,19960908,     
  316,19960909,     
  316,19960910,     
  316,19960911,     
  316,19960912,     
  316,19960913,     
  316,19960914,     
  316,19960915,     
  316,19960916,     
  316,19960917,     
  316,19960918,     
  316,19960919,     
  316,19960920,     
  316,19960921,     
  316,19960922,     
  316,19960923,     
  316,19960924,     
  316,19960925,     
  316,19960926,     
  316,19960927,     
  316,19960928,     
  316,19960929,     
  316,19960930,     
  316,19961001,     
  316,19961002,     
  316,19961003,     
  316,19961004,     
  316,19961005,     
  316,19961006,     
  316,19961007,     
  316,19961008,     
  316,19961009,     
  316,19961010,     
  316,19961011,     
  316,19961012,     
  316,19961013,     
  316,19961014,     
  316,19961015,     
  316,19961016,     
  316,19961017,     
  316,19961018,     
  316,19961019,     
  316,19961020,     
  316,19961021,     
  316,19961022,     
  316,19961023,     
  316,19961024,     
  316,19961025,     
  316,19961026,     
  316,19961027,     
  316,19961028,     
  316,19961029,     
  316,19961030,     
  316,19961031,     
  316,19961101,     
  316,19961102,     
  316,19961103,     
  316,19961104,     
  316,19961105,     
  316,19961106,     
  316,19961107,     
  316,19961108,     
  316,19961109,     
  316,19961110,     
  316,19961111,     
  316,19961112,     
  316,19961113,     
  316,19961114,     
  316,19961115,     
  316,19961116,     
  316,19961117,     
  316,19961118,     
  316,19961119,     
  316,19961120,     
  316,19961121,     
  316,19961122,     
  316,19961123,     
  316,19961124,     
  316,19961125,     
  316,19961126,     
  316,19961127,     
  316,19961128,     
  316,19961129,     
  316,19961130,     
  316,19961201,     
  316,19961202,     
  316,19961203,     
  316,19961204,     
  316,19961205,     
  316,19961206,     
  316,19961207,     
  316,19961208,     
  316,19961209,     
  316,19961210,     
  316,19961211,     
  316,19961212,     
  316,19961213,     
  316,19961214,     
  316,19961215,     
  316,19961216,     
  316,19961217,     
  316,19961218,     
  316,19961219,     
  316,19961220,     
  316,19961221,     
  316,19961222,     
  316,19961223,     
  316,19961224,     
  316,19961225,     
  316,19961226,     
  316,19961227,     
  316,19961228,     
  316,19961229,     
  316,19961230,     
  316,19961231,     
  316,19970101,     
  316,19970102,     
  316,19970103,     
  316,19970104,     
  316,19970105,     
  316,19970106,     
  316,19970107,     
  316,19970108,     
  316,19970109,     
  316,19970110,     
  316,19970111,     
  316,19970112,     
  316,19970113,     
  316,19970114,     
  316,19970115,     
  316,19970116,     
  316,19970117,     
  316,19970118,     
  316,19970119,     
  316,19970120,     
  316,19970121,     
  316,19970122,     
  316,19970123,     
  316,19970124,     
  316,19970125,     
  316,19970126,     
  316,19970127,     
  316,19970128,     
  316,19970129,     
  316,19970130,     
  316,19970131,     
  316,19970201,     
  316,19970202,     
  316,19970203,     
  316,19970204,     
  316,19970205,     
  316,19970206,     
  316,19970207,     
  316,19970208,     
  316,19970209,     
  316,19970210,     
  316,19970211,     
  316,19970212,     
  316,19970213,     
  316,19970214,     
  316,19970215,     
  316,19970216,     
  316,19970217,     
  316,19970218,     
  316,19970219,     
  316,19970220,     
  316,19970221,     
  316,19970222,     
  316,19970223,     
  316,19970224,     
  316,19970225,     
  316,19970226,     
  316,19970227,     
  316,19970228,     
  316,19970301,     
  316,19970302,     
  316,19970303,     
  316,19970304,     
  316,19970305,     
  316,19970306,     
  316,19970307,     
  316,19970308,     
  316,19970309,     
  316,19970310,     
  316,19970311,     
  316,19970312,     
  316,19970313,     
  316,19970314,     
  316,19970315,     
  316,19970316,     
  316,19970317,     
  316,19970318,     
  316,19970319,     
  316,19970320,     
  316,19970321,     
  316,19970322,     
  316,19970323,     
  316,19970324,     
  316,19970325,     
  316,19970326,     
  316,19970327,     
  316,19970328,     
  316,19970329,     
  316,19970330,     
  316,19970331,     
  316,19970401,     
  316,19970402,     
  316,19970403,     
  316,19970404,     
  316,19970405,     
  316,19970406,     
  316,19970407,     
  316,19970408,     
  316,19970409,     
  316,19970410,     
  316,19970411,     
  316,19970412,     
  316,19970413,     
  316,19970414,     
  316,19970415,     
  316,19970416,     
  316,19970417,     
  316,19970418,     
  316,19970419,     
  316,19970420,     
  316,19970421,     
  316,19970422,     
  316,19970423,     
  316,19970424,     
  316,19970425,     
  316,19970426,     
  316,19970427,     
  316,19970428,     
  316,19970429,     
  316,19970430,     
  316,19970501,     
  316,19970502,     
  316,19970503,     
  316,19970504,     
  316,19970505,     
  316,19970506,     
  316,19970507,     
  316,19970508,     
  316,19970509,     
  316,19970510,     
  316,19970511,     
  316,19970512,     
  316,19970513,     
  316,19970514,     
  316,19970515,     
  316,19970516,     
  316,19970517,     
  316,19970518,     
  316,19970519,     
  316,19970520,     
  316,19970521,     
  316,19970522,     
  316,19970523,     
  316,19970524,     
  316,19970525,     
  316,19970526,     
  316,19970527,     
  316,19970528,     
  316,19970529,     
  316,19970530,     
  316,19970531,     
  316,19970601,     
  316,19970602,     
  316,19970603,     
  316,19970604,     
  316,19970605,     
  316,19970606,     
  316,19970607,     
  316,19970608,     
  316,19970609,     
  316,19970610,     
  316,19970611,     
  316,19970612,     
  316,19970613,     
  316,19970614,     
  316,19970615,     
  316,19970616,     
  316,19970617,     
  316,19970618,     
  316,19970619,     
  316,19970620,     
  316,19970621,     
  316,19970622,     
  316,19970623,     
  316,19970624,     
  316,19970625,     
  316,19970626,     
  316,19970627,     
  316,19970628,     
  316,19970629,     
  316,19970630,     
  316,19970701,     
  316,19970702,     
  316,19970703,     
  316,19970704,     
  316,19970705,     
  316,19970706,     
  316,19970707,     
  316,19970708,     
  316,19970709,     
  316,19970710,     
  316,19970711,     
  316,19970712,     
  316,19970713,     
  316,19970714,     
  316,19970715,     
  316,19970716,     
  316,19970717,     
  316,19970718,     
  316,19970719,     
  316,19970720,     
  316,19970721,     
  316,19970722,     
  316,19970723,     
  316,19970724,     
  316,19970725,     
  316,19970726,     
  316,19970727,     
  316,19970728,     
  316,19970729,     
  316,19970730,     
  316,19970731,     
  316,19970801,     
  316,19970802,     
  316,19970803,     
  316,19970804,     
  316,19970805,     
  316,19970806,     
  316,19970807,     
  316,19970808,     
  316,19970809,     
  316,19970810,     
  316,19970811,     
  316,19970812,     
  316,19970813,     
  316,19970814,     
  316,19970815,     
  316,19970816,     
  316,19970817,     
  316,19970818,     
  316,19970819,     
  316,19970820,     
  316,19970821,     
  316,19970822,     
  316,19970823,     
  316,19970824,     
  316,19970825,     
  316,19970826,     
  316,19970827,     
  316,19970828,     
  316,19970829,     
  316,19970830,     
  316,19970831,     
  316,19970901,     
  316,19970902,     
  316,19970903,     
  316,19970904,     
  316,19970905,     
  316,19970906,     
  316,19970907,     
  316,19970908,     
  316,19970909,     
  316,19970910,     
  316,19970911,     
  316,19970912,     
  316,19970913,     
  316,19970914,     
  316,19970915,     
  316,19970916,     
  316,19970917,     
  316,19970918,     
  316,19970919,     
  316,19970920,     
  316,19970921,     
  316,19970922,     
  316,19970923,     
  316,19970924,     
  316,19970925,     
  316,19970926,     
  316,19970927,     
  316,19970928,     
  316,19970929,     
  316,19970930,     
  316,19971001,     
  316,19971002,     
  316,19971003,     
  316,19971004,     
  316,19971005,     
  316,19971006,     
  316,19971007,     
  316,19971008,     
  316,19971009,     
  316,19971010,     
  316,19971011,     
  316,19971012,     
  316,19971013,     
  316,19971014,     
  316,19971015,     
  316,19971016,     
  316,19971017,     
  316,19971018,     
  316,19971019,     
  316,19971020,     
  316,19971021,     
  316,19971022,     
  316,19971023,     
  316,19971024,     
  316,19971025,     
  316,19971026,     
  316,19971027,     
  316,19971028,     
  316,19971029,     
  316,19971030,     
  316,19971031,     
  316,19971101,     
  316,19971102,     
  316,19971103,     
  316,19971104,     
  316,19971105,     
  316,19971106,     
  316,19971107,     
  316,19971108,     
  316,19971109,     
  316,19971110,     
  316,19971111,     
  316,19971112,     
  316,19971113,     
  316,19971114,     
  316,19971115,     
  316,19971116,     
  316,19971117,     
  316,19971118,     
  316,19971119,     
  316,19971120,     
  316,19971121,     
  316,19971122,     
  316,19971123,     
  316,19971124,     
  316,19971125,     
  316,19971126,     
  316,19971127,     
  316,19971128,     
  316,19971129,     
  316,19971130,     
  316,19971201,     
  316,19971202,     
  316,19971203,     
  316,19971204,     
  316,19971205,     
  316,19971206,     
  316,19971207,     
  316,19971208,     
  316,19971209,     
  316,19971210,     
  316,19971211,     
  316,19971212,     
  316,19971213,     
  316,19971214,     
  316,19971215,     
  316,19971216,     
  316,19971217,     
  316,19971218,     
  316,19971219,     
  316,19971220,     
  316,19971221,     
  316,19971222,     
  316,19971223,     
  316,19971224,     
  316,19971225,     
  316,19971226,     
  316,19971227,     
  316,19971228,     
  316,19971229,     
  316,19971230,     
  316,19971231,     
  316,19980101,     
  316,19980102,     
  316,19980103,     
  316,19980104,     
  316,19980105,     
  316,19980106,     
  316,19980107,     
  316,19980108,     
  316,19980109,     
  316,19980110,     
  316,19980111,     
  316,19980112,     
  316,19980113,     
  316,19980114,     
  316,19980115,     
  316,19980116,     
  316,19980117,     
  316,19980118,     
  316,19980119,     
  316,19980120,     
  316,19980121,     
  316,19980122,     
  316,19980123,     
  316,19980124,     
  316,19980125,     
  316,19980126,     
  316,19980127,     
  316,19980128,     
  316,19980129,     
  316,19980130,     
  316,19980131,     
  316,19980201,     
  316,19980202,     
  316,19980203,     
  316,19980204,     
  316,19980205,     
  316,19980206,     
  316,19980207,     
  316,19980208,     
  316,19980209,     
  316,19980210,     
  316,19980211,     
  316,19980212,     
  316,19980213,     
  316,19980214,     
  316,19980215,     
  316,19980216,     
  316,19980217,     
  316,19980218,     
  316,19980219,     
  316,19980220,     
  316,19980221,     
  316,19980222,     
  316,19980223,     
  316,19980224,     
  316,19980225,     
  316,19980226,     
  316,19980227,     
  316,19980228,     
  316,19980301,     
  316,19980302,     
  316,19980303,     
  316,19980304,     
  316,19980305,     
  316,19980306,     
  316,19980307,     
  316,19980308,     
  316,19980309,     
  316,19980310,     
  316,19980311,     
  316,19980312,     
  316,19980313,     
  316,19980314,     
  316,19980315,     
  316,19980316,     
  316,19980317,     
  316,19980318,     
  316,19980319,     
  316,19980320,     
  316,19980321,     
  316,19980322,     
  316,19980323,     
  316,19980324,     
  316,19980325,     
  316,19980326,     
  316,19980327,     
  316,19980328,     
  316,19980329,     
  316,19980330,     
  316,19980331,     
  316,19980401,     
  316,19980402,     
  316,19980403,     
  316,19980404,     
  316,19980405,     
  316,19980406,     
  316,19980407,     
  316,19980408,     
  316,19980409,     
  316,19980410,     
  316,19980411,     
  316,19980412,     
  316,19980413,     
  316,19980414,     
  316,19980415,     
  316,19980416,     
  316,19980417,     
  316,19980418,     
  316,19980419,     
  316,19980420,     
  316,19980421,     
  316,19980422,     
  316,19980423,     
  316,19980424,     
  316,19980425,     
  316,19980426,     
  316,19980427,     
  316,19980428,     
  316,19980429,     
  316,19980430,     
  316,19980501,     
  316,19980502,     
  316,19980503,     
  316,19980504,     
  316,19980505,     
  316,19980506,     
  316,19980507,     
  316,19980508,     
  316,19980509,     
  316,19980510,     
  316,19980511,     
  316,19980512,     
  316,19980513,     
  316,19980514,     
  316,19980515,     
  316,19980516,     
  316,19980517,     
  316,19980518,     
  316,19980519,     
  316,19980520,     
  316,19980521,     
  316,19980522,     
  316,19980523,     
  316,19980524,     
  316,19980525,     
  316,19980526,     
  316,19980527,     
  316,19980528,     
  316,19980529,     
  316,19980530,     
  316,19980531,     
  316,19980601,     
  316,19980602,     
  316,19980603,     
  316,19980604,     
  316,19980605,     
  316,19980606,     
  316,19980607,     
  316,19980608,     
  316,19980609,     
  316,19980610,     
  316,19980611,     
  316,19980612,     
  316,19980613,     
  316,19980614,     
  316,19980615,     
  316,19980616,     
  316,19980617,     
  316,19980618,     
  316,19980619,     
  316,19980620,     
  316,19980621,     
  316,19980622,     
  316,19980623,     
  316,19980624,     
  316,19980625,     
  316,19980626,     
  316,19980627,     
  316,19980628,     
  316,19980629,     
  316,19980630,     
  316,19980701,     
  316,19980702,     
  316,19980703,     
  316,19980704,     
  316,19980705,     
  316,19980706,     
  316,19980707,     
  316,19980708,     
  316,19980709,     
  316,19980710,     
  316,19980711,     
  316,19980712,     
  316,19980713,     
  316,19980714,     
  316,19980715,     
  316,19980716,     
  316,19980717,     
  316,19980718,     
  316,19980719,     
  316,19980720,     
  316,19980721,     
  316,19980722,     
  316,19980723,     
  316,19980724,     
  316,19980725,     
  316,19980726,     
  316,19980727,     
  316,19980728,     
  316,19980729,     
  316,19980730,     
  316,19980731,     
  316,19980801,     
  316,19980802,     
  316,19980803,     
  316,19980804,     
  316,19980805,     
  316,19980806,     
  316,19980807,     
  316,19980808,     
  316,19980809,     
  316,19980810,     
  316,19980811,     
  316,19980812,     
  316,19980813,     
  316,19980814,     
  316,19980815,     
  316,19980816,     
  316,19980817,     
  316,19980818,     
  316,19980819,     
  316,19980820,     
  316,19980821,     
  316,19980822,     
  316,19980823,     
  316,19980824,     
  316,19980825,     
  316,19980826,     
  316,19980827,     
  316,19980828,     
  316,19980829,     
  316,19980830,     
  316,19980831,     
  316,19980901,     
  316,19980902,     
  316,19980903,     
  316,19980904,     
  316,19980905,     
  316,19980906,     
  316,19980907,     
  316,19980908,     
  316,19980909,     
  316,19980910,     
  316,19980911,     
  316,19980912,     
  316,19980913,     
  316,19980914,     
  316,19980915,     
  316,19980916,     
  316,19980917,     
  316,19980918,     
  316,19980919,     
  316,19980920,     
  316,19980921,     
  316,19980922,     
  316,19980923,     
  316,19980924,     
  316,19980925,     
  316,19980926,     
  316,19980927,     
  316,19980928,     
  316,19980929,     
  316,19980930,     
  316,19981001,     
  316,19981002,     
  316,19981003,     
  316,19981004,     
  316,19981005,     
  316,19981006,     
  316,19981007,     
  316,19981008,     
  316,19981009,     
  316,19981010,     
  316,19981011,     
  316,19981012,     
  316,19981013,     
  316,19981014,     
  316,19981015,     
  316,19981016,     
  316,19981017,     
  316,19981018,     
  316,19981019,     
  316,19981020,     
  316,19981021,     
  316,19981022,     
  316,19981023,     
  316,19981024,     
  316,19981025,     
  316,19981026,     
  316,19981027,     
  316,19981028,     
  316,19981029,     
  316,19981030,     
  316,19981031,     
  316,19981101,     
  316,19981102,     
  316,19981103,     
  316,19981104,     
  316,19981105,     
  316,19981106,     
  316,19981107,     
  316,19981108,     
  316,19981109,     
  316,19981110,     
  316,19981111,     
  316,19981112,     
  316,19981113,     
  316,19981114,     
  316,19981115,     
  316,19981116,     
  316,19981117,     
  316,19981118,     
  316,19981119,     
  316,19981120,     
  316,19981121,     
  316,19981122,     
  316,19981123,     
  316,19981124,     
  316,19981125,     
  316,19981126,     
  316,19981127,     
  316,19981128,     
  316,19981129,     
  316,19981130,     
  316,19981201,     
  316,19981202,     
  316,19981203,     
  316,19981204,     
  316,19981205,     
  316,19981206,     
  316,19981207,     
  316,19981208,     
  316,19981209,     
  316,19981210,     
  316,19981211,     
  316,19981212,     
  316,19981213,     
  316,19981214,     
  316,19981215,     
  316,19981216,     
  316,19981217,     
  316,19981218,     
  316,19981219,     
  316,19981220,     
  316,19981221,     
  316,19981222,     
  316,19981223,     
  316,19981224,     
  316,19981225,     
  316,19981226,     
  316,19981227,     
  316,19981228,     
  316,19981229,     
  316,19981230,     
  316,19981231,     
  316,19990101,     
  316,19990102,     
  316,19990103,     
  316,19990104,     
  316,19990105,     
  316,19990106,     
  316,19990107,     
  316,19990108,     
  316,19990109,     
  316,19990110,     
  316,19990111,     
  316,19990112,     
  316,19990113,     
  316,19990114,     
  316,19990115,     
  316,19990116,     
  316,19990117,     
  316,19990118,     
  316,19990119,     
  316,19990120,     
  316,19990121,     
  316,19990122,     
  316,19990123,     
  316,19990124,     
  316,19990125,     
  316,19990126,     
  316,19990127,     
  316,19990128,     
  316,19990129,     
  316,19990130,     
  316,19990131,     
  316,19990201,     
  316,19990202,     
  316,19990203,     
  316,19990204,     
  316,19990205,     
  316,19990206,     
  316,19990207,     
  316,19990208,     
  316,19990209,     
  316,19990210,     
  316,19990211,     
  316,19990212,     
  316,19990213,     
  316,19990214,     
  316,19990215,     
  316,19990216,     
  316,19990217,     
  316,19990218,     
  316,19990219,     
  316,19990220,     
  316,19990221,     
  316,19990222,     
  316,19990223,     
  316,19990224,     
  316,19990225,     
  316,19990226,     
  316,19990227,     
  316,19990228,     
  316,19990301,     
  316,19990302,     
  316,19990303,     
  316,19990304,     
  316,19990305,     
  316,19990306,     
  316,19990307,     
  316,19990308,     
  316,19990309,     
  316,19990310,     
  316,19990311,     
  316,19990312,     
  316,19990313,     
  316,19990314,     
  316,19990315,     
  316,19990316,     
  316,19990317,     
  316,19990318,     
  316,19990319,     
  316,19990320,     
  316,19990321,     
  316,19990322,     
  316,19990323,     
  316,19990324,     
  316,19990325,     
  316,19990326,     
  316,19990327,     
  316,19990328,     
  316,19990329,     
  316,19990330,     
  316,19990331,     
  316,19990401,     
  316,19990402,     
  316,19990403,     
  316,19990404,     
  316,19990405,     
  316,19990406,     
  316,19990407,     
  316,19990408,     
  316,19990409,     
  316,19990410,     
  316,19990411,     
  316,19990412,     
  316,19990413,     
  316,19990414,     
  316,19990415,     
  316,19990416,     
  316,19990417,     
  316,19990418,     
  316,19990419,     
  316,19990420,     
  316,19990421,     
  316,19990422,     
  316,19990423,     
  316,19990424,     
  316,19990425,     
  316,19990426,     
  316,19990427,     
  316,19990428,     
  316,19990429,     
  316,19990430,     
  316,19990501,     
  316,19990502,     
  316,19990503,     
  316,19990504,     
  316,19990505,     
  316,19990506,     
  316,19990507,     
  316,19990508,     
  316,19990509,     
  316,19990510,     
  316,19990511,     
  316,19990512,     
  316,19990513,     
  316,19990514,     
  316,19990515,     
  316,19990516,     
  316,19990517,     
  316,19990518,     
  316,19990519,     
  316,19990520,     
  316,19990521,     
  316,19990522,     
  316,19990523,     
  316,19990524,     
  316,19990525,     
  316,19990526,     
  316,19990527,     
  316,19990528,     
  316,19990529,     
  316,19990530,     
  316,19990531,     
  316,19990601,     
  316,19990602,     
  316,19990603,     
  316,19990604,     
  316,19990605,     
  316,19990606,     
  316,19990607,     
  316,19990608,     
  316,19990609,     
  316,19990610,     
  316,19990611,     
  316,19990612,     
  316,19990613,     
  316,19990614,     
  316,19990615,     
  316,19990616,     
  316,19990617,     
  316,19990618,     
  316,19990619,     
  316,19990620,     
  316,19990621,     
  316,19990622,     
  316,19990623,     
  316,19990624,     
  316,19990625,     
  316,19990626,     
  316,19990627,     
  316,19990628,     
  316,19990629,     
  316,19990630,     
  316,19990701,     
  316,19990702,     
  316,19990703,     
  316,19990704,     
  316,19990705,     
  316,19990706,     
  316,19990707,     
  316,19990708,     
  316,19990709,     
  316,19990710,     
  316,19990711,     
  316,19990712,     
  316,19990713,     
  316,19990714,     
  316,19990715,     
  316,19990716,     
  316,19990717,     
  316,19990718,     
  316,19990719,     
  316,19990720,     
  316,19990721,     
  316,19990722,     
  316,19990723,     
  316,19990724,     
  316,19990725,     
  316,19990726,     
  316,19990727,     
  316,19990728,     
  316,19990729,     
  316,19990730,     
  316,19990731,     
  316,19990801,     
  316,19990802,     
  316,19990803,     
  316,19990804,     
  316,19990805,     
  316,19990806,     
  316,19990807,     
  316,19990808,     
  316,19990809,     
  316,19990810,     
  316,19990811,     
  316,19990812,     
  316,19990813,     
  316,19990814,     
  316,19990815,     
  316,19990816,     
  316,19990817,     
  316,19990818,     
  316,19990819,     
  316,19990820,     
  316,19990821,     
  316,19990822,     
  316,19990823,     
  316,19990824,     
  316,19990825,     
  316,19990826,     
  316,19990827,     
  316,19990828,     
  316,19990829,     
  316,19990830,     
  316,19990831,     
  316,19990901,     
  316,19990902,     
  316,19990903,     
  316,19990904,     
  316,19990905,     
  316,19990906,     
  316,19990907,     
  316,19990908,     
  316,19990909,     
  316,19990910,     
  316,19990911,     
  316,19990912,     
  316,19990913,     
  316,19990914,     
  316,19990915,     
  316,19990916,     
  316,19990917,     
  316,19990918,     
  316,19990919,     
  316,19990920,     
  316,19990921,     
  316,19990922,     
  316,19990923,     
  316,19990924,     
  316,19990925,     
  316,19990926,     
  316,19990927,     
  316,19990928,     
  316,19990929,     
  316,19990930,     
  316,19991001,     
  316,19991002,     
  316,19991003,     
  316,19991004,     
  316,19991005,     
  316,19991006,     
  316,19991007,     
  316,19991008,     
  316,19991009,     
  316,19991010,     
  316,19991011,     
  316,19991012,     
  316,19991013,     
  316,19991014,     
  316,19991015,     
  316,19991016,     
  316,19991017,     
  316,19991018,     
  316,19991019,     
  316,19991020,     
  316,19991021,     
  316,19991022,     
  316,19991023,     
  316,19991024,     
  316,19991025,     
  316,19991026,     
  316,19991027,     
  316,19991028,     
  316,19991029,     
  316,19991030,     
  316,19991031,     
  316,19991101,     
  316,19991102,     
  316,19991103,     
  316,19991104,     
  316,19991105,     
  316,19991106,     
  316,19991107,     
  316,19991108,     
  316,19991109,     
  316,19991110,     
  316,19991111,     
  316,19991112,     
  316,19991113,     
  316,19991114,     
  316,19991115,     
  316,19991116,     
  316,19991117,     
  316,19991118,     
  316,19991119,     
  316,19991120,     
  316,19991121,     
  316,19991122,     
  316,19991123,     
  316,19991124,     
  316,19991125,     
  316,19991126,     
  316,19991127,     
  316,19991128,     
  316,19991129,     
  316,19991130,     
  316,19991201,     
  316,19991202,     
  316,19991203,     
  316,19991204,     
  316,19991205,     
  316,19991206,     
  316,19991207,     
  316,19991208,     
  316,19991209,     
  316,19991210,     
  316,19991211,     
  316,19991212,     
  316,19991213,     
  316,19991214,     
  316,19991215,     
  316,19991216,     
  316,19991217,     
  316,19991218,     
  316,19991219,     
  316,19991220,     
  316,19991221,     
  316,19991222,     
  316,19991223,     
  316,19991224,     
  316,19991225,     
  316,19991226,     
  316,19991227,     
  316,19991228,     
  316,19991229,     
  316,19991230,     
  316,19991231,     
  316,20000101,     
  316,20000102,     
  316,20000103,     
  316,20000104,     
  316,20000105,     
  316,20000106,     
  316,20000107,     
  316,20000108,     
  316,20000109,     
  316,20000110,     
  316,20000111,     
  316,20000112,     
  316,20000113,     
  316,20000114,     
  316,20000115,     
  316,20000116,     
  316,20000117,     
  316,20000118,     
  316,20000119,     
  316,20000120,     
  316,20000121,     
  316,20000122,     
  316,20000123,     
  316,20000124,     
  316,20000125,     
  316,20000126,     
  316,20000127,     
  316,20000128,     
  316,20000129,     
  316,20000130,     
  316,20000131,     
  316,20000201,     
  316,20000202,     
  316,20000203,     
  316,20000204,     
  316,20000205,     
  316,20000206,     
  316,20000207,     
  316,20000208,     
  316,20000209,     
  316,20000210,     
  316,20000211,     
  316,20000212,     
  316,20000213,     
  316,20000214,     
  316,20000215,     
  316,20000216,     
  316,20000217,     
  316,20000218,     
  316,20000219,     
  316,20000220,     
  316,20000221,     
  316,20000222,     
  316,20000223,     
  316,20000224,     
  316,20000225,     
  316,20000226,     
  316,20000227,     
  316,20000228,     
  316,20000229,     
  316,20000301,     
  316,20000302,     
  316,20000303,     
  316,20000304,     
  316,20000305,     
  316,20000306,     
  316,20000307,     
  316,20000308,     
  316,20000309,     
  316,20000310,     
  316,20000311,     
  316,20000312,     
  316,20000313,     
  316,20000314,     
  316,20000315,     
  316,20000316,     
  316,20000317,     
  316,20000318,     
  316,20000319,     
  316,20000320,     
  316,20000321,     
  316,20000322,     
  316,20000323,     
  316,20000324,     
  316,20000325,     
  316,20000326,     
  316,20000327,     
  316,20000328,     
  316,20000329,     
  316,20000330,     
  316,20000331,     
  316,20000401,     
  316,20000402,     
  316,20000403,     
  316,20000404,     
  316,20000405,     
  316,20000406,     
  316,20000407,     
  316,20000408,     
  316,20000409,     
  316,20000410,     
  316,20000411,     
  316,20000412,     
  316,20000413,     
  316,20000414,     
  316,20000415,     
  316,20000416,     
  316,20000417,     
  316,20000418,     
  316,20000419,     
  316,20000420,     
  316,20000421,     
  316,20000422,     
  316,20000423,     
  316,20000424,     
  316,20000425,     
  316,20000426,     
  316,20000427,     
  316,20000428,     
  316,20000429,     
  316,20000430,     
  316,20000501,     
  316,20000502,     
  316,20000503,     
  316,20000504,     
  316,20000505,     
  316,20000506,     
  316,20000507,     
  316,20000508,     
  316,20000509,     
  316,20000510,     
  316,20000511,     
  316,20000512,     
  316,20000513,     
  316,20000514,     
  316,20000515,     
  316,20000516,     
  316,20000517,     
  316,20000518,     
  316,20000519,     
  316,20000520,     
  316,20000521,     
  316,20000522,     
  316,20000523,     
  316,20000524,     
  316,20000525,     
  316,20000526,     
  316,20000527,     
  316,20000528,     
  316,20000529,     
  316,20000530,     
  316,20000531,     
  316,20000601,     
  316,20000602,     
  316,20000603,     
  316,20000604,     
  316,20000605,     
  316,20000606,     
  316,20000607,     
  316,20000608,     
  316,20000609,     
  316,20000610,     
  316,20000611,     
  316,20000612,     
  316,20000613,     
  316,20000614,     
  316,20000615,     
  316,20000616,     
  316,20000617,     
  316,20000618,     
  316,20000619,     
  316,20000620,     
  316,20000621,     
  316,20000622,     
  316,20000623,     
  316,20000624,     
  316,20000625,     
  316,20000626,     
  316,20000627,     
  316,20000628,     
  316,20000629,     
  316,20000630,     
  316,20000701,     
  316,20000702,     
  316,20000703,     
  316,20000704,     
  316,20000705,     
  316,20000706,     
  316,20000707,     
  316,20000708,     
  316,20000709,     
  316,20000710,     
  316,20000711,     
  316,20000712,     
  316,20000713,     
  316,20000714,     
  316,20000715,     
  316,20000716,     
  316,20000717,     
  316,20000718,     
  316,20000719,     
  316,20000720,     
  316,20000721,     
  316,20000722,     
  316,20000723,     
  316,20000724,     
  316,20000725,     
  316,20000726,     
  316,20000727,     
  316,20000728,     
  316,20000729,     
  316,20000730,     
  316,20000731,     
  316,20000801,     
  316,20000802,     
  316,20000803,     
  316,20000804,     
  316,20000805,     
  316,20000806,     
  316,20000807,     
  316,20000808,     
  316,20000809,     
  316,20000810,     
  316,20000811,     
  316,20000812,     
  316,20000813,     
  316,20000814,     
  316,20000815,     
  316,20000816,     
  316,20000817,     
  316,20000818,     
  316,20000819,     
  316,20000820,     
  316,20000821,     
  316,20000822,     
  316,20000823,     
  316,20000824,     
  316,20000825,     
  316,20000826,     
  316,20000827,     
  316,20000828,     
  316,20000829,     
  316,20000830,     
  316,20000831,     
  316,20000901,     
  316,20000902,     
  316,20000903,     
  316,20000904,     
  316,20000905,     
  316,20000906,     
  316,20000907,     
  316,20000908,     
  316,20000909,     
  316,20000910,     
  316,20000911,     
  316,20000912,     
  316,20000913,     
  316,20000914,     
  316,20000915,     
  316,20000916,     
  316,20000917,     
  316,20000918,     
  316,20000919,     
  316,20000920,     
  316,20000921,     
  316,20000922,     
  316,20000923,     
  316,20000924,     
  316,20000925,     
  316,20000926,     
  316,20000927,     
  316,20000928,     
  316,20000929,     
  316,20000930,     
  316,20001001,     
  316,20001002,     
  316,20001003,     
  316,20001004,     
  316,20001005,     
  316,20001006,     
  316,20001007,     
  316,20001008,     
  316,20001009,     
  316,20001010,     
  316,20001011,     
  316,20001012,     
  316,20001013,     
  316,20001014,     
  316,20001015,     
  316,20001016,     
  316,20001017,     
  316,20001018,     
  316,20001019,     
  316,20001020,     
  316,20001021,     
  316,20001022,     
  316,20001023,     
  316,20001024,     
  316,20001025,     
  316,20001026,     
  316,20001027,     
  316,20001028,     
  316,20001029,     
  316,20001030,     
  316,20001031,     
  316,20001101,     
  316,20001102,     
  316,20001103,     
  316,20001104,     
  316,20001105,     
  316,20001106,     
  316,20001107,     
  316,20001108,     
  316,20001109,     
  316,20001110,     
  316,20001111,     
  316,20001112,     
  316,20001113,     
  316,20001114,     
  316,20001115,     
  316,20001116,     
  316,20001117,     
  316,20001118,     
  316,20001119,     
  316,20001120,     
  316,20001121,     
  316,20001122,     
  316,20001123,     
  316,20001124,     
  316,20001125,     
  316,20001126,     
  316,20001127,     
  316,20001128,     
  316,20001129,     
  316,20001130,     
  316,20001201,     
  316,20001202,     
  316,20001203,     
  316,20001204,     
  316,20001205,     
  316,20001206,     
  316,20001207,     
  316,20001208,     
  316,20001209,     
  316,20001210,     
  316,20001211,     
  316,20001212,     
  316,20001213,     
  316,20001214,     
  316,20001215,     
  316,20001216,     
  316,20001217,     
  316,20001218,     
  316,20001219,     
  316,20001220,     
  316,20001221,     
  316,20001222,     
  316,20001223,     
  316,20001224,     
  316,20001225,     
  316,20001226,     
  316,20001227,     
  316,20001228,     
  316,20001229,     
  316,20001230,     
  316,20001231,     
  316,20010101,     
  316,20010102,     
  316,20010103,     
  316,20010104,     
  316,20010105,     
  316,20010106,     
  316,20010107,     
  316,20010108,     
  316,20010109,     
  316,20010110,     
  316,20010111,     
  316,20010112,     
  316,20010113,     
  316,20010114,     
  316,20010115,     
  316,20010116,     
  316,20010117,     
  316,20010118,     
  316,20010119,     
  316,20010120,     
  316,20010121,     
  316,20010122,     
  316,20010123,     
  316,20010124,     
  316,20010125,     
  316,20010126,     
  316,20010127,     
  316,20010128,     
  316,20010129,     
  316,20010130,     
  316,20010131,     
  316,20010201,     
  316,20010202,     
  316,20010203,     
  316,20010204,     
  316,20010205,     
  316,20010206,     
  316,20010207,     
  316,20010208,     
  316,20010209,     
  316,20010210,     
  316,20010211,     
  316,20010212,     
  316,20010213,     
  316,20010214,     
  316,20010215,     
  316,20010216,     
  316,20010217,     
  316,20010218,     
  316,20010219,     
  316,20010220,     
  316,20010221,     
  316,20010222,     
  316,20010223,     
  316,20010224,     
  316,20010225,     
  316,20010226,     
  316,20010227,     
  316,20010228,     
  316,20010301,     
  316,20010302,     
  316,20010303,     
  316,20010304,     
  316,20010305,     
  316,20010306,     
  316,20010307,     
  316,20010308,     
  316,20010309,     
  316,20010310,     
  316,20010311,     
  316,20010312,     
  316,20010313,     
  316,20010314,     
  316,20010315,     
  316,20010316,     
  316,20010317,     
  316,20010318,     
  316,20010319,     
  316,20010320,     
  316,20010321,     
  316,20010322,     
  316,20010323,     
  316,20010324,     
  316,20010325,     
  316,20010326,     
  316,20010327,     
  316,20010328,     
  316,20010329,     
  316,20010330,     
  316,20010331,     
  316,20010401,     
  316,20010402,     
  316,20010403,     
  316,20010404,     
  316,20010405,     
  316,20010406,     
  316,20010407,     
  316,20010408,     
  316,20010409,     
  316,20010410,     
  316,20010411,     
  316,20010412,     
  316,20010413,     
  316,20010414,     
  316,20010415,     
  316,20010416,     
  316,20010417,     
  316,20010418,     
  316,20010419,     
  316,20010420,     
  316,20010421,     
  316,20010422,     
  316,20010423,     
  316,20010424,     
  316,20010425,     
  316,20010426,     
  316,20010427,     
  316,20010428,     
  316,20010429,     
  316,20010430,     
  316,20010501,     
  316,20010502,     
  316,20010503,     
  316,20010504,     
  316,20010505,     
  316,20010506,     
  316,20010507,     
  316,20010508,     
  316,20010509,     
  316,20010510,     
  316,20010511,     
  316,20010512,     
  316,20010513,     
  316,20010514,     
  316,20010515,     
  316,20010516,     
  316,20010517,     
  316,20010518,     
  316,20010519,     
  316,20010520,     
  316,20010521,     
  316,20010522,     
  316,20010523,     
  316,20010524,     
  316,20010525,     
  316,20010526,     
  316,20010527,     
  316,20010528,     
  316,20010529,     
  316,20010530,     
  316,20010531,     
  316,20010601,     
  316,20010602,     
  316,20010603,     
  316,20010604,     
  316,20010605,     
  316,20010606,     
  316,20010607,     
  316,20010608,     
  316,20010609,     
  316,20010610,     
  316,20010611,     
  316,20010612,     
  316,20010613,     
  316,20010614,     
  316,20010615,     
  316,20010616,     
  316,20010617,     
  316,20010618,     
  316,20010619,     
  316,20010620,     
  316,20010621,     
  316,20010622,     
  316,20010623,     
  316,20010624,     
  316,20010625,     
  316,20010626,     
  316,20010627,     
  316,20010628,     
  316,20010629,     
  316,20010630,     
  316,20010701,     
  316,20010702,     
  316,20010703,     
  316,20010704,     
  316,20010705,     
  316,20010706,     
  316,20010707,     
  316,20010708,     
  316,20010709,     
  316,20010710,     
  316,20010711,     
  316,20010712,     
  316,20010713,     
  316,20010714,     
  316,20010715,     
  316,20010716,     
  316,20010717,     
  316,20010718,     
  316,20010719,     
  316,20010720,     
  316,20010721,     
  316,20010722,     
  316,20010723,     
  316,20010724,     
  316,20010725,     
  316,20010726,     
  319,19960726,    0
  319,19960727,   -1
  319,19960728,    0
  319,19960729,    7
  319,19960730,   -1
  319,19960731,    1
  319,19960801,    0
  319,19960802,    0
  319,19960803,    0
  319,19960804,    0
  319,19960805,    0
  319,19960806,   77
  319,19960807,    0
  319,19960808,    0
  319,19960809,    0
  319,19960810,   27
  319,19960811,   74
  319,19960812,   71
  319,19960813,  112
  319,19960814,    0
  319,19960815,    0
  319,19960816,    0
  319,19960817,    0
  319,19960818,    0
  319,19960819,    0
  319,19960820,    0
  319,19960821,   11
  319,19960822,    0
  319,19960823,   72
  319,19960824,   93
  319,19960825,    0
  319,19960826,   22
  319,19960827,   -1
  319,19960828,  251
  319,19960829,  643
  319,19960830,   37
  319,19960831,   -1
  319,19960901,   -1
  319,19960902,    0
  319,19960903,    0
  319,19960904,    0
  319,19960905,   -1
  319,19960906,    0
  319,19960907,    0
  319,19960908,    0
  319,19960909,   -1
  319,19960910,    7
  319,19960911,    1
  319,19960912,  133
  319,19960913,   21
  319,19960914,    7
  319,19960915,    1
  319,19960916,    0
  319,19960917,    0
  319,19960918,    0
  319,19960919,    0
  319,19960920,    0
  319,19960921,    0
  319,19960922,   31
  319,19960923,    0
  319,19960924,    0
  319,19960925,    0
  319,19960926,   12
  319,19960927,   25
  319,19960928,    2
  319,19960929,   16
  319,19960930,   76
  319,19961001,   88
  319,19961002,   -1
  319,19961003,    0
  319,19961004,   19
  319,19961005,  121
  319,19961006,    3
  319,19961007,    0
  319,19961008,    0
  319,19961009,    3
  319,19961010,   19
  319,19961011,    0
  319,19961012,    0
  319,19961013,    0
  319,19961014,    0
  319,19961015,    9
  319,19961016,    0
  319,19961017,    0
  319,19961018,   27
  319,19961019,   21
  319,19961020,   88
  319,19961021,    3
  319,19961022,    0
  319,19961023,    0
  319,19961024,    0
  319,19961025,    2
  319,19961026,    6
  319,19961027,   31
  319,19961028,   -1
  319,19961029,  101
  319,19961030,    0
  319,19961031,  106
  319,19961101,    4
  319,19961102,    3
  319,19961103,   30
  319,19961104,   56
  319,19961105,   20
  319,19961106,   21
  319,19961107,  112
  319,19961108,    3
  319,19961109,    8
  319,19961110,  141
  319,19961111,   75
  319,19961112,    0
  319,19961113,   26
  319,19961114,   -1
  319,19961115,    0
  319,19961116,    0
  319,19961117,   -1
  319,19961118,   19
  319,19961119,   69
  319,19961120,   65
  319,19961121,   87
  319,19961122,    0
  319,19961123,   54
  319,19961124,   51
  319,19961125,   66
  319,19961126,   10
  319,19961127,   -1
  319,19961128,    0
  319,19961129,  136
  319,19961130,   55
  319,19961201,    3
  319,19961202,   -1
  319,19961203,  123
  319,19961204,   20
  319,19961205,    0
  319,19961206,    1
  319,19961207,    0
  319,19961208,    0
  319,19961209,    0
  319,19961210,    0
  319,19961211,   -1
  319,19961212,   -1
  319,19961213,   -1
  319,19961214,    0
  319,19961215,    0
  319,19961216,   -1
  319,19961217,   -1
  319,19961218,   42
  319,19961219,  127
  319,19961220,    0
  319,19961221,    0
  319,19961222,    0
  319,19961223,    0
  319,19961224,    0
  319,19961225,    0
  319,19961226,    0
  319,19961227,    5
  319,19961228,    0
  319,19961229,   15
  319,19961230,    0
  319,19961231,    0
  319,19970101,    0
  319,19970102,    0
  319,19970103,    0
  319,19970104,    0
  319,19970105,   -1
  319,19970106,    0
  319,19970107,   -1
  319,19970108,    0
  319,19970109,   -1
  319,19970110,    0
  319,19970111,    0
  319,19970112,   -1
  319,19970113,    0
  319,19970114,    0
  319,19970115,    0
  319,19970116,    0
  319,19970117,    0
  319,19970118,    0
  319,19970119,   19
  319,19970120,    0
  319,19970121,    0
  319,19970122,    0
  319,19970123,    0
  319,19970124,   -1
  319,19970125,    0
  319,19970126,   -1
  319,19970127,    0
  319,19970128,   -1
  319,19970129,   -1
  319,19970130,    0
  319,19970131,   -1
  319,19970201,    0
  319,19970202,    2
  319,19970203,    0
  319,19970204,   73
  319,19970205,  111
  319,19970206,    0
  319,19970207,   20
  319,19970208,    0
  319,19970209,    0
  319,19970210,   11
  319,19970211,   57
  319,19970212,  125
  319,19970213,   78
  319,19970214,    0
  319,19970215,    0
  319,19970216,    9
  319,19970217,   29
  319,19970218,   33
  319,19970219,   36
  319,19970220,    2
  319,19970221,   16
  319,19970222,   -1
  319,19970223,    0
  319,19970224,   39
  319,19970225,   10
  319,19970226,   49
  319,19970227,    1
  319,19970228,   -1
  319,19970301,    0
  319,19970302,   28
  319,19970303,   14
  319,19970304,    1
  319,19970305,   -1
  319,19970306,   12
  319,19970307,    0
  319,19970308,    0
  319,19970309,    0
  319,19970310,    0
  319,19970311,    0
  319,19970312,    0
  319,19970313,    0
  319,19970314,   11
  319,19970315,    1
  319,19970316,   -1
  319,19970317,    0
  319,19970318,   38
  319,19970319,   76
  319,19970320,    5
  319,19970321,   -1
  319,19970322,    0
  319,19970323,    7
  319,19970324,    7
  319,19970325,    3
  319,19970326,    3
  319,19970327,   -1
  319,19970328,    9
  319,19970329,   -1
  319,19970330,    0
  319,19970331,    0
  319,19970401,    0
  319,19970402,    0
  319,19970403,    1
  319,19970404,   -1
  319,19970405,   66
  319,19970406,   -1
  319,19970407,    0
  319,19970408,    0
  319,19970409,    0
  319,19970410,    0
  319,19970411,   -1
  319,19970412,    2
  319,19970413,    0
  319,19970414,   -1
  319,19970415,   -1
  319,19970416,   -1
  319,19970417,    0
  319,19970418,   -1
  319,19970419,   -1
  319,19970420,    0
  319,19970421,   -1
  319,19970422,   -1
  319,19970423,    0
  319,19970424,    0
  319,19970425,   53
  319,19970426,   35
  319,19970427,    2
  319,19970428,   29
  319,19970429,   34
  319,19970430,    0
  319,19970501,    0
  319,19970502,    0
  319,19970503,   -1
  319,19970504,   14
  319,19970505,  102
  319,19970506,   57
  319,19970507,    4
  319,19970508,  128
  319,19970509,   43
  319,19970510,   33
  319,19970511,   15
  319,19970512,   15
  319,19970513,    0
  319,19970514,  102
  319,19970515,    0
  319,19970516,    0
  319,19970517,   27
  319,19970518,   53
  319,19970519,   36
  319,19970520,   54
  319,19970521,    8
  319,19970522,    4
  319,19970523,    0
  319,19970524,    0
  319,19970525,    0
  319,19970526,    0
  319,19970527,    0
  319,19970528,    0
  319,19970529,    0
  319,19970530,    0
  319,19970531,    0
  319,19970601,   -1
  319,19970602,    0
  319,19970603,    0
  319,19970604,    0
  319,19970605,    6
  319,19970606,   11
  319,19970607,  137
  319,19970608,   73
  319,19970609,    0
  319,19970610,    0
  319,19970611,  170
  319,19970612,    2
  319,19970613,  122
  319,19970614,    3
  319,19970615,    5
  319,19970616,    0
  319,19970617,   -1
  319,19970618,    0
  319,19970619,   66
  319,19970620,    4
  319,19970621,   39
  319,19970622,   64
  319,19970623,   15
  319,19970624,   -1
  319,19970625,  102
  319,19970626,  156
  319,19970627,  208
  319,19970628,   21
  319,19970629,   62
  319,19970630,   44
  319,19970701,   13
  319,19970702,   71
  319,19970703,   46
  319,19970704,   38
  319,19970705,   21
  319,19970706,    7
  319,19970707,    0
  319,19970708,    0
  319,19970709,    0
  319,19970710,    0
  319,19970711,    0
  319,19970712,   -1
  319,19970713,   -1
  319,19970714,    0
  319,19970715,   -1
  319,19970716,    0
  319,19970717,   66
  319,19970718,   69
  319,19970719,    3
  319,19970720,    3
  319,19970721,   -1
  319,19970722,    0
  319,19970723,   -1
  319,19970724,   25
  319,19970725,   36
  319,19970726,   36
  319,19970727,    3
  319,19970728,    0
  319,19970729,    0
  319,19970730,   -1
  319,19970731,   55
  319,19970801,  107
  319,19970802,   16
  319,19970803,    0
  319,19970804,    0
  319,19970805,    0
  319,19970806,    0
  319,19970807,    0
  319,19970808,    0
  319,19970809,    0
  319,19970810,    0
  319,19970811,    0
  319,19970812,    0
  319,19970813,    0
  319,19970814,    0
  319,19970815,    0
  319,19970816,    0
  319,19970817,    0
  319,19970818,    0
  319,19970819,    0
  319,19970820,    0
  319,19970821,   -1
  319,19970822,   37
  319,19970823,    0
  319,19970824,   12
  319,19970825,   90
  319,19970826,   -1
  319,19970827,   33
  319,19970828,   50
  319,19970829,   13
  319,19970830,   29
  319,19970831,    0
  319,19970901,   66
  319,19970902,    0
  319,19970903,   -1
  319,19970904,    1
  319,19970905,    0
  319,19970906,   -1
  319,19970907,   23
  319,19970908,    0
  319,19970909,   -1
  319,19970910,    0
  319,19970911,    0
  319,19970912,   -1
  319,19970913,    3
  319,19970914,    0
  319,19970915,    0
  319,19970916,    0
  319,19970917,    0
  319,19970918,    0
  319,19970919,    2
  319,19970920,    0
  319,19970921,    0
  319,19970922,    0
  319,19970923,    0
  319,19970924,    0
  319,19970925,    0
  319,19970926,    0
  319,19970927,    0
  319,19970928,    0
  319,19970929,    0
  319,19970930,   -1
  319,19971001,   -1
  319,19971002,   -1
  319,19971003,   -1
  319,19971004,    0
  319,19971005,    0
  319,19971006,    4
  319,19971007,   36
  319,19971008,   89
  319,19971009,  198
  319,19971010,  171
  319,19971011,   89
  319,19971012,   55
  319,19971013,   88
  319,19971014,   37
  319,19971015,   93
  319,19971016,    0
  319,19971017,   -1
  319,19971018,    0
  319,19971019,    0
  319,19971020,    0
  319,19971021,    0
  319,19971022,    0
  319,19971023,    0
  319,19971024,    3
  319,19971025,   -1
  319,19971026,   -1
  319,19971027,    1
  319,19971028,    0
  319,19971029,    0
  319,19971030,    0
  319,19971031,    0
  319,19971101,    0
  319,19971102,    0
  319,19971103,    0
  319,19971104,   30
  319,19971105,    1
  319,19971106,   60
  319,19971107,   93
  319,19971108,    3
  319,19971109,    3
  319,19971110,    2
  319,19971111,    1
  319,19971112,    0
  319,19971113,    0
  319,19971114,    1
  319,19971115,   85
  319,19971116,   13
  319,19971117,   -1
  319,19971118,    0
  319,19971119,   29
  319,19971120,   87
  319,19971121,    3
  319,19971122,   18
  319,19971123,    0
  319,19971124,    0
  319,19971125,    0
  319,19971126,    3
  319,19971127,   98
  319,19971128,   62
  319,19971129,   13
  319,19971130,   49
  319,19971201,   -1
  319,19971202,   25
  319,19971203,    0
  319,19971204,    0
  319,19971205,   -1
  319,19971206,    2
  319,19971207,    0
  319,19971208,    4
  319,19971209,   50
  319,19971210,   76
  319,19971211,   75
  319,19971212,    9
  319,19971213,    2
  319,19971214,   20
  319,19971215,    0
  319,19971216,    0
  319,19971217,   -1
  319,19971218,   39
  319,19971219,   28
  319,19971220,    0
  319,19971221,   -1
  319,19971222,    0
  319,19971223,   30
  319,19971224,   48
  319,19971225,   49
  319,19971226,  111
  319,19971227,   65
  319,19971228,  143
  319,19971229,   35
  319,19971230,   -1
  319,19971231,   16
  319,19980101,   42
  319,19980102,   69
  319,19980103,   60
  319,19980104,   23
  319,19980105,  121
  319,19980106,    2
  319,19980107,   45
  319,19980108,  135
  319,19980109,    0
  319,19980110,    0
  319,19980111,    0
  319,19980112,    0
  319,19980113,   -1
  319,19980114,    6
  319,19980115,   18
  319,19980116,   16
  319,19980117,    1
  319,19980118,   92
  319,19980119,   56
  319,19980120,   36
  319,19980121,    0
  319,19980122,    0
  319,19980123,    0
  319,19980124,   -1
  319,19980125,    0
  319,19980126,    0
  319,19980127,    0
  319,19980128,    0
  319,19980129,    1
  319,19980130,   -1
  319,19980131,    1
  319,19980201,    0
  319,19980202,   -1
  319,19980203,    1
  319,19980204,    0
  319,19980205,    0
  319,19980206,    0
  319,19980207,   33
  319,19980208,    0
  319,19980209,    0
  319,19980210,    0
  319,19980211,    0
  319,19980212,    0
  319,19980213,    0
  319,19980214,    0
  319,19980215,    0
  319,19980216,    1
  319,19980217,    0
  319,19980218,    0
  319,19980219,    0
  319,19980220,    0
  319,19980221,   31
  319,19980222,   26
  319,19980223,    4
  319,19980224,   -1
  319,19980225,    0
  319,19980226,   -1
  319,19980227,   -1
  319,19980228,   37
  319,19980301,   94
  319,19980302,   23
  319,19980303,  167
  319,19980304,   26
  319,19980305,   81
  319,19980306,  204
  319,19980307,   73
  319,19980308,   44
  319,19980309,    0
  319,19980310,   -1
  319,19980311,   79
  319,19980312,    5
  319,19980313,   10
  319,19980314,   -1
  319,19980315,    0
  319,19980316,    0
  319,19980317,    0
  319,19980318,   -1
  319,19980319,    0
  319,19980320,    9
  319,19980321,    1
  319,19980322,   -1
  319,19980323,   -1
  319,19980324,    0
  319,19980325,    0
  319,19980326,   42
  319,19980327,    1
  319,19980328,    0
  319,19980329,   -1
  319,19980330,    0
  319,19980331,    0
  319,19980401,  138
  319,19980402,    4
  319,19980403,  117
  319,19980404,   99
  319,19980405,    7
  319,19980406,   12
  319,19980407,   24
  319,19980408,   47
  319,19980409,   20
  319,19980410,    6
  319,19980411,   21
  319,19980412,    3
  319,19980413,   22
  319,19980414,    7
  319,19980415,   86
  319,19980416,   24
  319,19980417,   65
  319,19980418,  112
  319,19980419,   -1
  319,19980420,   49
  319,19980421,    0
  319,19980422,    0
  319,19980423,   13
  319,19980424,    1
  319,19980425,  150
  319,19980426,   -1
  319,19980427,    6
  319,19980428,   31
  319,19980429,    0
  319,19980430,   -1
  319,19980501,    0
  319,19980502,  136
  319,19980503,    0
  319,19980504,    0
  319,19980505,    2
  319,19980506,   14
  319,19980507,   -1
  319,19980508,    0
  319,19980509,   16
  319,19980510,    0
  319,19980511,    0
  319,19980512,    0
  319,19980513,    0
  319,19980514,    0
  319,19980515,    0
  319,19980516,    0
  319,19980517,    0
  319,19980518,    0
  319,19980519,    0
  319,19980520,    0
  319,19980521,    5
  319,19980522,   -1
  319,19980523,   10
  319,19980524,   20
  319,19980525,   14
  319,19980526,   95
  319,19980527,   60
  319,19980528,   71
  319,19980529,    8
  319,19980530,    0
  319,19980531,    3
  319,19980601,   -1
  319,19980602,   50
  319,19980603,   35
  319,19980604,    0
  319,19980605,   30
  319,19980606,  189
  319,19980607,    4
  319,19980608,    2
  319,19980609,   74
  319,19980610,   21
  319,19980611,  294
  319,19980612,    3
  319,19980613,   64
  319,19980614,   65
  319,19980615,   16
  319,19980616,   -1
  319,19980617,    8
  319,19980618,    7
  319,19980619,    0
  319,19980620,    0
  319,19980621,   11
  319,19980622,    0
  319,19980623,   -1
  319,19980624,   -1
  319,19980625,   47
  319,19980626,    6
  319,19980627,   47
  319,19980628,   51
  319,19980629,    2
  319,19980630,   94
  319,19980701,    1
  319,19980702,    0
  319,19980703,    0
  319,19980704,   -1
  319,19980705,   -1
  319,19980706,    7
  319,19980707,    3
  319,19980708,    0
  319,19980709,    4
  319,19980710,    5
  319,19980711,   44
  319,19980712,   97
  319,19980713,   15
  319,19980714,   -1
  319,19980715,   -1
  319,19980716,   27
  319,19980717,    5
  319,19980718,   -1
  319,19980719,    0
  319,19980720,    1
  319,19980721,   71
  319,19980722,    0
  319,19980723,   -1
  319,19980724,    0
  319,19980725,    0
  319,19980726,    0
  319,19980727,   18
  319,19980728,    5
  319,19980729,   51
  319,19980730,   16
  319,19980731,    3
  319,19980801,   -1
  319,19980802,    3
  319,19980803,   -1
  319,19980804,   35
  319,19980805,    0
  319,19980806,    0
  319,19980807,    0
  319,19980808,    0
  319,19980809,    0
  319,19980810,    0
  319,19980811,    0
  319,19980812,    0
  319,19980813,   -1
  319,19980814,   -1
  319,19980815,    0
  319,19980816,    0
  319,19980817,    0
  319,19980818,    0
  319,19980819,    0
  319,19980820,   -1
  319,19980821,   44
  319,19980822,    7
  319,19980823,  128
  319,19980824,   82
  319,19980825,   -1
  319,19980826,   43
  319,19980827,   11
  319,19980828,   -1
  319,19980829,   11
  319,19980830,    8
  319,19980831,    0
  319,19980901,   18
  319,19980902,  161
  319,19980903,   17
  319,19980904,    6
  319,19980905,  201
  319,19980906,    8
  319,19980907,   24
  319,19980908,   15
  319,19980909,  162
  319,19980910,    5
  319,19980911,   58
  319,19980912,   33
  319,19980913,  401
  319,19980914,  237
  319,19980915,   13
  319,19980916,   24
  319,19980917,    4
  319,19980918,    0
  319,19980919,   -1
  319,19980920,    0
  319,19980921,    0
  319,19980922,    0
  319,19980923,    0
  319,19980924,   -1
  319,19980925,   -1
  319,19980926,   36
  319,19980927,    0
  319,19980928,    7
  319,19980929,    4
  319,19980930,   63
  319,19981001,    0
  319,19981002,   -1
  319,19981003,    0
  319,19981004,   32
  319,19981005,    9
  319,19981006,    1
  319,19981007,    4
  319,19981008,  170
  319,19981009,   38
  319,19981010,   49
  319,19981011,   34
  319,19981012,   33
  319,19981013,   19
  319,19981014,   58
  319,19981015,    0
  319,19981016,    0
  319,19981017,   26
  319,19981018,    4
  319,19981019,   -1
  319,19981020,    7
  319,19981021,   21
  319,19981022,    4
  319,19981023,   72
  319,19981024,  227
  319,19981025,   25
  319,19981026,   42
  319,19981027,  138
  319,19981028,  117
  319,19981029,   25
  319,19981030,   30
  319,19981031,  271
  319,19981101,  152
  319,19981102,   63
  319,19981103,   55
  319,19981104,   55
  319,19981105,   20
  319,19981106,   -1
  319,19981107,    0
  319,19981108,  110
  319,19981109,   30
  319,19981110,   11
  319,19981111,    0
  319,19981112,   12
  319,19981113,   29
  319,19981114,  135
  319,19981115,  111
  319,19981116,   37
  319,19981117,    0
  319,19981118,   31
  319,19981119,   11
  319,19981120,    0
  319,19981121,    0
  319,19981122,    0
  319,19981123,    0
  319,19981124,    0
  319,19981125,   43
  319,19981126,   28
  319,19981127,    0
  319,19981128,   17
  319,19981129,   81
  319,19981130,    0
  319,19981201,    0
  319,19981202,    0
  319,19981203,    0
  319,19981204,   37
  319,19981205,  209
  319,19981206,   25
  319,19981207,   47
  319,19981208,   31
  319,19981209,   50
  319,19981210,   15
  319,19981211,   44
  319,19981212,   79
  319,19981213,    0
  319,19981214,    5
  319,19981215,   78
  319,19981216,    0
  319,19981217,    0
  319,19981218,    8
  319,19981219,    7
  319,19981220,   -1
  319,19981221,   42
  319,19981222,    4
  319,19981223,    3
  319,19981224,   34
  319,19981225,    7
  319,19981226,   30
  319,19981227,   59
  319,19981228,   25
  319,19981229,    0
  319,19981230,    0
  319,19981231,    1
  319,19990101,    0
  319,19990102,   81
  319,19990103,   75
  319,19990104,   43
  319,19990105,    7
  319,19990106,    0
  319,19990107,   51
  319,19990108,   21
  319,19990109,   30
  319,19990110,    0
  319,19990111,    0
  319,19990112,  144
  319,19990113,   12
  319,19990114,    2
  319,19990115,   -1
  319,19990116,  104
  319,19990117,    0
  319,19990118,   -1
  319,19990119,    1
  319,19990120,    9
  319,19990121,   36
  319,19990122,    0
  319,19990123,    0
  319,19990124,    4
  319,19990125,   60
  319,19990126,   59
  319,19990127,   56
  319,19990128,   62
  319,19990129,    0
  319,19990130,    0
  319,19990131,    0
  319,19990201,    1
  319,19990202,    0
  319,19990203,    0
  319,19990204,   -1
  319,19990205,   26
  319,19990206,   61
  319,19990207,   83
  319,19990208,    7
  319,19990209,   39
  319,19990210,   30
  319,19990211,    0
  319,19990212,    0
  319,19990213,    0
  319,19990214,   25
  319,19990215,    3
  319,19990216,   25
  319,19990217,   39
  319,19990218,   17
  319,19990219,   59
  319,19990220,    2
  319,19990221,   57
  319,19990222,   30
  319,19990223,   27
  319,19990224,    6
  319,19990225,    0
  319,19990226,    0
  319,19990227,   18
  319,19990228,   -1
  319,19990301,  130
  319,19990302,   30
  319,19990303,    1
  319,19990304,   16
  319,19990305,   61
  319,19990306,   12
  319,19990307,  143
  319,19990308,   38
  319,19990309,   27
  319,19990310,    1
  319,19990311,    0
  319,19990312,    0
  319,19990313,    0
  319,19990314,    0
  319,19990315,    0
  319,19990316,   -1
  319,19990317,   12
  319,19990318,   45
  319,19990319,    0
  319,19990320,   -1
  319,19990321,   76
  319,19990322,   42
  319,19990323,   63
  319,19990324,    0
  319,19990325,   -1
  319,19990326,   13
  319,19990327,    0
  319,19990328,    0
  319,19990329,    0
  319,19990330,   -1
  319,19990331,    0
  319,19990401,    0
  319,19990402,   -1
  319,19990403,   47
  319,19990404,    0
  319,19990405,   22
  319,19990406,    8
  319,19990407,   12
  319,19990408,   -1
  319,19990409,   -1
  319,19990410,    7
  319,19990411,    0
  319,19990412,  110
  319,19990413,  152
  319,19990414,   19
  319,19990415,   13
  319,19990416,   -1
  319,19990417,    0
  319,19990418,    0
  319,19990419,   -1
  319,19990420,   45
  319,19990421,  112
  319,19990422,   15
  319,19990423,    4
  319,19990424,   19
  319,19990425,    0
  319,19990426,   67
  319,19990427,   10
  319,19990428,    0
  319,19990429,    0
  319,19990430,    0
  319,19990501,    0
  319,19990502,    0
  319,19990503,    0
  319,19990504,    0
  319,19990505,    9
  319,19990506,    2
  319,19990507,   37
  319,19990508,   -1
  319,19990509,    0
  319,19990510,    5
  319,19990511,    9
  319,19990512,    1
  319,19990513,   -1
  319,19990514,    7
  319,19990515,   -1
  319,19990516,    0
  319,19990517,    0
  319,19990518,    4
  319,19990519,   31
  319,19990520,  168
  319,19990521,    3
  319,19990522,    3
  319,19990523,    0
  319,19990524,    0
  319,19990525,    0
  319,19990526,    0
  319,19990527,    0
  319,19990528,    0
  319,19990529,    0
  319,19990530,  204
  319,19990531,    0
  319,19990601,    0
  319,19990602,  118
  319,19990603,   23
  319,19990604,   11
  319,19990605,  278
  319,19990606,   64
  319,19990607,   45
  319,19990608,    3
  319,19990609,   -1
  319,19990610,    0
  319,19990611,   33
  319,19990612,    0
  319,19990613,    9
  319,19990614,    0
  319,19990615,    0
  319,19990616,    0
  319,19990617,   -1
  319,19990618,   -1
  319,19990619,    0
  319,19990620,   43
  319,19990621,  198
  319,19990622,   39
  319,19990623,    0
  319,19990624,    0
  319,19990625,    0
  319,19990626,   16
  319,19990627,   61
  319,19990628,   10
  319,19990629,   82
  319,19990630,   16
  319,19990701,    2
  319,19990702,   -1
  319,19990703,    1
  319,19990704,  109
  319,19990705,  111
  319,19990706,    0
  319,19990707,   13
  319,19990708,    0
  319,19990709,   -1
  319,19990710,    0
  319,19990711,    0
  319,19990712,    0
  319,19990713,   48
  319,19990714,   72
  319,19990715,    0
  319,19990716,    0
  319,19990717,    0
  319,19990718,    0
  319,19990719,   19
  319,19990720,    1
  319,19990721,   -1
  319,19990722,   69
  319,19990723,   -1
  319,19990724,    0
  319,19990725,    0
  319,19990726,    0
  319,19990727,    0
  319,19990728,    0
  319,19990729,    0
  319,19990730,    0
  319,19990731,    0
  319,19990801,   -1
  319,19990802,    0
  319,19990803,   37
  319,19990804,    0
  319,19990805,   19
  319,19990806,    0
  319,19990807,   78
  319,19990808,  373
  319,19990809,  190
  319,19990810,   23
  319,19990811,    1
  319,19990812,    0
  319,19990813,   -1
  319,19990814,  310
  319,19990815,   11
  319,19990816,   34
  319,19990817,    1
  319,19990818,   96
  319,19990819,   61
  319,19990820,   45
  319,19990821,    1
  319,19990822,    0
  319,19990823,    0
  319,19990824,   -1
  319,19990825,   58
  319,19990826,   -1
  319,19990827,    0
  319,19990828,    0
  319,19990829,    0
  319,19990830,    0
  319,19990831,    0
  319,19990901,    0
  319,19990902,    0
  319,19990903,    0
  319,19990904,    0
  319,19990905,    0
  319,19990906,   -1
  319,19990907,    0
  319,19990908,    0
  319,19990909,    0
  319,19990910,    0
  319,19990911,    0
  319,19990912,   -1
  319,19990913,    7
  319,19990914,   13
  319,19990915,   49
  319,19990916,   -1
  319,19990917,    0
  319,19990918,    0
  319,19990919,   23
  319,19990920,   29
  319,19990921,   23
  319,19990922,   20
  319,19990923,   89
  319,19990924,   56
  319,19990925,   25
  319,19990926,   47
  319,19990927,   44
  319,19990928,    3
  319,19990929,   34
  319,19990930,   72
  319,19991001,   24
  319,19991002,   26
  319,19991003,   74
  319,19991004,  259
  319,19991005,   36
  319,19991006,   11
  319,19991007,   -1
  319,19991008,   39
  319,19991009,    9
  319,19991010,    6
  319,19991011,    9
  319,19991012,    0
  319,19991013,    0
  319,19991014,    0
  319,19991015,    0
  319,19991016,    0
  319,19991017,    0
  319,19991018,    0
  319,19991019,    0
  319,19991020,    0
  319,19991021,   18
  319,19991022,  191
  319,19991023,   -1
  319,19991024,    9
  319,19991025,   31
  319,19991026,    3
  319,19991027,    0
  319,19991028,    4
  319,19991029,    0
  319,19991030,   58
  319,19991031,   -1
  319,19991101,   24
  319,19991102,    2
  319,19991103,    0
  319,19991104,    0
  319,19991105,   16
  319,19991106,   20
  319,19991107,   -1
  319,19991108,   26
  319,19991109,   15
  319,19991110,   29
  319,19991111,    0
  319,19991112,    0
  319,19991113,    1
  319,19991114,    6
  319,19991115,    0
  319,19991116,   35
  319,19991117,  198
  319,19991118,   75
  319,19991119,   22
  319,19991120,    2
  319,19991121,    0
  319,19991122,   17
  319,19991123,    0
  319,19991124,    0
  319,19991125,   11
  319,19991126,    0
  319,19991127,   15
  319,19991128,    0
  319,19991129,    0
  319,19991130,    4
  319,19991201,    3
  319,19991202,   -1
  319,19991203,   72
  319,19991204,   32
  319,19991205,   45
  319,19991206,   28
  319,19991207,   59
  319,19991208,   39
  319,19991209,   27
  319,19991210,   27
  319,19991211,  138
  319,19991212,  295
  319,19991213,  142
  319,19991214,    6
  319,19991215,   41
  319,19991216,   20
  319,19991217,  124
  319,19991218,    0
  319,19991219,   18
  319,19991220,   26
  319,19991221,    0
  319,19991222,   10
  319,19991223,   27
  319,19991224,  122
  319,19991225,   96
  319,19991226,  291
  319,19991227,    2
  319,19991228,   65
  319,19991229,   -1
  319,19991230,   38
  319,19991231,   -1
  319,20000101,    7
  319,20000102,   13
  319,20000103,    7
  319,20000104,   82
  319,20000105,    0
  319,20000106,   13
  319,20000107,    0
  319,20000108,    9
  319,20000109,    0
  319,20000110,    0
  319,20000111,   -1
  319,20000112,    0
  319,20000113,   -1
  319,20000114,    5
  319,20000115,    0
  319,20000116,    5
  319,20000117,    2
  319,20000118,    7
  319,20000119,    1
  319,20000120,    1
  319,20000121,   20
  319,20000122,   54
  319,20000123,   46
  319,20000124,    0
  319,20000125,   -1
  319,20000126,    0
  319,20000127,    0
  319,20000128,   -1
  319,20000129,   90
  319,20000130,   21
  319,20000131,    0
  319,20000201,   11
  319,20000202,   49
  319,20000203,   -1
  319,20000204,   31
  319,20000205,    0
  319,20000206,   10
  319,20000207,   68
  319,20000208,   73
  319,20000209,    0
  319,20000210,   70
  319,20000211,    0
  319,20000212,   24
  319,20000213,    0
  319,20000214,   25
  319,20000215,   14
  319,20000216,   63
  319,20000217,    0
  319,20000218,   75
  319,20000219,   45
  319,20000220,   16
  319,20000221,    5
  319,20000222,    0
  319,20000223,    2
  319,20000224,   57
  319,20000225,   68
  319,20000226,    0
  319,20000227,    0
  319,20000228,   51
  319,20000229,   53
  319,20000301,   25
  319,20000302,   45
  319,20000303,  152
  319,20000304,    6
  319,20000305,    0
  319,20000306,    0
  319,20000307,   14
  319,20000308,   22
  319,20000309,    0
  319,20000310,    1
  319,20000311,    0
  319,20000312,    0
  319,20000313,   -1
  319,20000314,   13
  319,20000315,   -1
  319,20000316,    6
  319,20000317,   -1
  319,20000318,   18
  319,20000319,    8
  319,20000320,    0
  319,20000321,    0
  319,20000322,    0
  319,20000323,    0
  319,20000324,   60
  319,20000325,   28
  319,20000326,   60
  319,20000327,   24
  319,20000328,    9
  319,20000329,    3
  319,20000330,    0
  319,20000331,   12
  319,20000401,    5
  319,20000402,    2
  319,20000403,   -1
  319,20000404,   15
  319,20000405,   10
  319,20000406,    0
  319,20000407,    0
  319,20000408,    0
  319,20000409,    0
  319,20000410,    0
  319,20000411,    6
  319,20000412,   73
  319,20000413,   43
  319,20000414,   19
  319,20000415,   45
  319,20000416,    3
  319,20000417,   40
  319,20000418,    0
  319,20000419,   -1
  319,20000420,    1
  319,20000421,   20
  319,20000422,  101
  319,20000423,   93
  319,20000424,    0
  319,20000425,   -1
  319,20000426,    1
  319,20000427,   15
  319,20000428,    4
  319,20000429,   -1
  319,20000430,   -1
  319,20000501,    0
  319,20000502,    0
  319,20000503,   -1
  319,20000504,   -1
  319,20000505,    0
  319,20000506,    5
  319,20000507,    2
  319,20000508,   -1
  319,20000509,    0
  319,20000510,   65
  319,20000511,   18
  319,20000512,    4
  319,20000513,    0
  319,20000514,    0
  319,20000515,    0
  319,20000516,   70
  319,20000517,   -1
  319,20000518,   31
  319,20000519,   34
  319,20000520,    0
  319,20000521,  199
  319,20000522,    4
  319,20000523,   44
  319,20000524,  140
  319,20000525,   24
  319,20000526,   61
  319,20000527,   65
  319,20000528,  129
  319,20000529,   13
  319,20000530,    0
  319,20000531,    0
  319,20000601,   -1
  319,20000602,    0
  319,20000603,  200
  319,20000604,   -1
  319,20000605,   80
  319,20000606,   14
  319,20000607,    0
  319,20000608,    0
  319,20000609,    0
  319,20000610,   22
  319,20000611,    0
  319,20000612,    0
  319,20000613,    0
  319,20000614,    0
  319,20000615,   -1
  319,20000616,    0
  319,20000617,    0
  319,20000618,    0
  319,20000619,    0
  319,20000620,    0
  319,20000621,   -1
  319,20000622,    6
  319,20000623,   88
  319,20000624,   32
  319,20000625,   33
  319,20000626,    0
  319,20000627,    0
  319,20000628,    0
  319,20000629,   -1
  319,20000630,    5
  319,20000701,   22
  319,20000702,   26
  319,20000703,   51
  319,20000704,  363
  319,20000705,   48
  319,20000706,    0
  319,20000707,   -1
  319,20000708,    1
  319,20000709,   41
  319,20000710,   31
  319,20000711,  149
  319,20000712,    3
  319,20000713,   13
  319,20000714,   46
  319,20000715,   64
  319,20000716,   52
  319,20000717,    3
  319,20000718,    0
  319,20000719,    0
  319,20000720,    0
  319,20000721,    0
  319,20000722,    0
  319,20000723,    0
  319,20000724,  138
  319,20000725,   -1
  319,20000726,    0
  319,20000727,  244
  319,20000728,   33
  319,20000729,    1
  319,20000730,   48
  319,20000731,    0
  319,20000801,   78
  319,20000802,    0
  319,20000803,    8
  319,20000804,    0
  319,20000805,    0
  319,20000806,   -1
  319,20000807,   -1
  319,20000808,    0
  319,20000809,    0
  319,20000810,   -1
  319,20000811,    0
  319,20000812,    0
  319,20000813,   -1
  319,20000814,   11
  319,20000815,    0
  319,20000816,   11
  319,20000817,    2
  319,20000818,    9
  319,20000819,  108
  319,20000820,   56
  319,20000821,    5
  319,20000822,    0
  319,20000823,    0
  319,20000824,    0
  319,20000825,    0
  319,20000826,   -1
  319,20000827,    3
  319,20000828,   -1
  319,20000829,    0
  319,20000830,    0
  319,20000831,    0
  319,20000901,   24
  319,20000902,  294
  319,20000903,    2
  319,20000904,   -1
  319,20000905,   -1
  319,20000906,   25
  319,20000907,   -1
  319,20000908,    9
  319,20000909,   -1
  319,20000910,    0
  319,20000911,    0
  319,20000912,   -1
  319,20000913,    0
  319,20000914,    0
  319,20000915,  103
  319,20000916,  276
  319,20000917,   38
  319,20000918,    0
  319,20000919,    2
  319,20000920,    0
  319,20000921,    0
  319,20000922,    3
  319,20000923,    0
  319,20000924,    1
  319,20000925,    3
  319,20000926,   40
  319,20000927,   -1
  319,20000928,   52
  319,20000929,   22
  319,20000930,    2
  319,20001001,   -1
  319,20001002,   91
  319,20001003,   -1
  319,20001004,    2
  319,20001005,   37
  319,20001006,   58
  319,20001007,   -1
  319,20001008,   38
  319,20001009,   45
  319,20001010,  119
  319,20001011,   35
  319,20001012,   -1
  319,20001013,    0
  319,20001014,    0
  319,20001015,    0
  319,20001016,   98
  319,20001017,   -1
  319,20001018,   41
  319,20001019,   37
  319,20001020,   12
  319,20001021,   -1
  319,20001022,   -1
  319,20001023,   39
  319,20001024,   -1
  319,20001025,    3
  319,20001026,   14
  319,20001027,   26
  319,20001028,   80
  319,20001029,   29
  319,20001030,   85
  319,20001031,    6
  319,20001101,   48
  319,20001102,   61
  319,20001103,    3
  319,20001104,   -1
  319,20001105,    5
  319,20001106,   67
  319,20001107,   61
  319,20001108,   29
  319,20001109,    2
  319,20001110,   -1
  319,20001111,   -1
  319,20001112,   83
  319,20001113,    2
  319,20001114,   26
  319,20001115,   -1
  319,20001116,   25
  319,20001117,  107
  319,20001118,    9
  319,20001119,   21
  319,20001120,   39
  319,20001121,   40
  319,20001122,   11
  319,20001123,   15
  319,20001124,   -1
  319,20001125,  115
  319,20001126,    8
  319,20001127,   40
  319,20001128,   63
  319,20001129,    2
  319,20001130,    0
  319,20001201,   40
  319,20001202,   24
  319,20001203,  122
  319,20001204,   12
  319,20001205,    2
  319,20001206,   37
  319,20001207,   23
  319,20001208,   -1
  319,20001209,   -1
  319,20001210,   65
  319,20001211,   29
  319,20001212,   71
  319,20001213,   60
  319,20001214,   -1
  319,20001215,   19
  319,20001216,    0
  319,20001217,    0
  319,20001218,    3
  319,20001219,    0
  319,20001220,    0
  319,20001221,    0
  319,20001222,    0
  319,20001223,    0
  319,20001224,   12
  319,20001225,    6
  319,20001226,    0
  319,20001227,   49
  319,20001228,    8
  319,20001229,   -1
  319,20001230,   67
  319,20001231,    0
  319,20010101,  116
  319,20010102,    0
  319,20010103,   48
  319,20010104,   19
  319,20010105,  152
  319,20010106,    2
  319,20010107,   -1
  319,20010108,    9
  319,20010109,    1
  319,20010110,   73
  319,20010111,   16
  319,20010112,    0
  319,20010113,    0
  319,20010114,    0
  319,20010115,    0
  319,20010116,    0
  319,20010117,    0
  319,20010118,    0
  319,20010119,    0
  319,20010120,   10
  319,20010121,  102
  319,20010122,   16
  319,20010123,   37
  319,20010124,   39
  319,20010125,    1
  319,20010126,   -1
  319,20010127,   58
  319,20010128,   -1
  319,20010129,   -1
  319,20010130,    0
  319,20010131,    0
  319,20010201,    0
  319,20010202,   30
  319,20010203,   82
  319,20010204,  117
  319,20010205,   38
  319,20010206,   62
  319,20010207,   66
  319,20010208,   42
  319,20010209,    0
  319,20010210,   10
  319,20010211,    0
  319,20010212,  116
  319,20010213,    0
  319,20010214,    0
  319,20010215,    0
  319,20010216,   -1
  319,20010217,    0
  319,20010218,    0
  319,20010219,    2
  319,20010220,    0
  319,20010221,   12
  319,20010222,   14
  319,20010223,   38
  319,20010224,   33
  319,20010225,   48
  319,20010226,   10
  319,20010227,   -1
  319,20010228,    8
  319,20010301,    2
  319,20010302,   13
  319,20010303,    0
  319,20010304,    3
  319,20010305,    0
  319,20010306,    0
  319,20010307,   40
  319,20010308,   32
  319,20010309,   18
  319,20010310,   24
  319,20010311,   49
  319,20010312,   28
  319,20010313,  109
  319,20010314,    1
  319,20010315,   19
  319,20010316,    0
  319,20010317,   -1
  319,20010318,  159
  319,20010319,   11
  319,20010320,    0
  319,20010321,   75
  319,20010322,   29
  319,20010323,   91
  319,20010324,    4
  319,20010325,    1
  319,20010326,    0
  319,20010327,    1
  319,20010328,   65
  319,20010329,   52
  319,20010330,    0
  319,20010331,    0
  319,20010401,    0
  319,20010402,   -1
  319,20010403,   -1
  319,20010404,   66
  319,20010405,   55
  319,20010406,   12
  319,20010407,    2
  319,20010408,    2
  319,20010409,    5
  319,20010410,   31
  319,20010411,   12
  319,20010412,    2
  319,20010413,    0
  319,20010414,   93
  319,20010415,   46
  319,20010416,   74
  319,20010417,    5
  319,20010418,   28
  319,20010419,   56
  319,20010420,   30
  319,20010421,   -1
  319,20010422,    0
  319,20010423,    0
  319,20010424,   18
  319,20010425,   88
  319,20010426,   57
  319,20010427,   50
  319,20010428,   37
  319,20010429,   -1
  319,20010430,    4
  319,20010501,   -1
  319,20010502,   -1
  319,20010503,   81
  319,20010504,    9
  319,20010505,    0
  319,20010506,    0
  319,20010507,   -1
  319,20010508,    0
  319,20010509,    0
  319,20010510,    0
  319,20010511,    0
  319,20010512,    0
  319,20010513,    0
  319,20010514,   28
  319,20010515,   35
  319,20010516,   73
  319,20010517,    7
  319,20010518,    5
  319,20010519,    0
  319,20010520,    0
  319,20010521,    0
  319,20010522,    0
  319,20010523,    0
  319,20010524,    0
  319,20010525,    0
  319,20010526,    0
  319,20010527,    0
  319,20010528,   -1
  319,20010529,    0
  319,20010530,   -1
  319,20010531,   -1
  319,20010601,    8
  319,20010602,   60
  319,20010603,   15
  319,20010604,    0
  319,20010605,   -1
  319,20010606,   -1
  319,20010607,   10
  319,20010608,    0
  319,20010609,   -1
  319,20010610,   14
  319,20010611,   -1
  319,20010612,    0
  319,20010613,   -1
  319,20010614,   -1
  319,20010615,    3
  319,20010616,  120
  319,20010617,   49
  319,20010618,   18
  319,20010619,    0
  319,20010620,    0
  319,20010621,    0
  319,20010622,    0
  319,20010623,    0
  319,20010624,    0
  319,20010625,    0
  319,20010626,    0
  319,20010627,   51
  319,20010628,   -1
  319,20010629,   -1
  319,20010630,    0
  319,20010701,    0
  319,20010702,    0
  319,20010703,    0
  319,20010704,    0
  319,20010705,   -1
  319,20010706,   23
  319,20010707,   59
  319,20010708,    6
  319,20010709,    0
  319,20010710,   15
  319,20010711,   22
  319,20010712,    5
  319,20010713,    0
  319,20010714,    2
  319,20010715,   37
  319,20010716,    0
  319,20010717,   44
  319,20010718,   50
  319,20010719,   68
  319,20010720,  194
  319,20010721,   26
  319,20010722,   31
  319,20010723,  268
  319,20010724,    0
  319,20010725,    0
  319,20010726,    0
  323,19960726,    0
  323,19960727,   -1
  323,19960728,    0
  323,19960729,   26
  323,19960730,   -1
  323,19960731,   -1
  323,19960801,    0
  323,19960802,    0
  323,19960803,    0
  323,19960804,   -1
  323,19960805,    0
  323,19960806,   95
  323,19960807,   -1
  323,19960808,    0
  323,19960809,   -1
  323,19960810,  210
  323,19960811,   35
  323,19960812,   49
  323,19960813,   37
  323,19960814,    0
  323,19960815,    0
  323,19960816,    0
  323,19960817,    0
  323,19960818,    0
  323,19960819,    0
  323,19960820,   32
  323,19960821,   64
  323,19960822,    0
  323,19960823,   30
  323,19960824,  139
  323,19960825,  259
  323,19960826,   -1
  323,19960827,   -1
  323,19960828,  207
  323,19960829,  310
  323,19960830,   52
  323,19960831,   -1
  323,19960901,    0
  323,19960902,    0
  323,19960903,    0
  323,19960904,    0
  323,19960905,    0
  323,19960906,    0
  323,19960907,    0
  323,19960908,    0
  323,19960909,    1
  323,19960910,    3
  323,19960911,    2
  323,19960912,  101
  323,19960913,   36
  323,19960914,   -1
  323,19960915,   10
  323,19960916,    0
  323,19960917,    0
  323,19960918,    0
  323,19960919,    0
  323,19960920,    0
  323,19960921,    0
  323,19960922,   17
  323,19960923,    0
  323,19960924,    0
  323,19960925,    0
  323,19960926,   21
  323,19960927,   13
  323,19960928,    0
  323,19960929,   16
  323,19960930,  158
  323,19961001,   39
  323,19961002,   -1
  323,19961003,    0
  323,19961004,    9
  323,19961005,  117
  323,19961006,   -1
  323,19961007,    0
  323,19961008,    0
  323,19961009,    2
  323,19961010,   19
  323,19961011,    0
  323,19961012,    0
  323,19961013,    0
  323,19961014,    0
  323,19961015,   17
  323,19961016,    0
  323,19961017,    0
  323,19961018,   22
  323,19961019,   45
  323,19961020,  131
  323,19961021,    1
  323,19961022,    0
  323,19961023,    0
  323,19961024,    0
  323,19961025,   -1
  323,19961026,    3
  323,19961027,   52
  323,19961028,    5
  323,19961029,  168
  323,19961030,    0
  323,19961031,  112
  323,19961101,    3
  323,19961102,    2
  323,19961103,   11
  323,19961104,   44
  323,19961105,   19
  323,19961106,   54
  323,19961107,  123
  323,19961108,    1
  323,19961109,    1
  323,19961110,  133
  323,19961111,   71
  323,19961112,   11
  323,19961113,   20
  323,19961114,   11
  323,19961115,    0
  323,19961116,    0
  323,19961117,   -1
  323,19961118,   27
  323,19961119,   73
  323,19961120,  102
  323,19961121,   24
  323,19961122,    9
  323,19961123,   64
  323,19961124,  102
  323,19961125,   69
  323,19961126,   21
  323,19961127,    0
  323,19961128,   -1
  323,19961129,  125
  323,19961130,   31
  323,19961201,    8
  323,19961202,   -1
  323,19961203,  114
  323,19961204,    7
  323,19961205,    0
  323,19961206,    4
  323,19961207,   -1
  323,19961208,    0
  323,19961209,    0
  323,19961210,    0
  323,19961211,    0
  323,19961212,    1
  323,19961213,   -1
  323,19961214,    0
  323,19961215,    0
  323,19961216,    0
  323,19961217,    0
  323,19961218,   48
  323,19961219,  182
  323,19961220,    0
  323,19961221,    0
  323,19961222,    0
  323,19961223,    0
  323,19961224,    0
  323,19961225,    0
  323,19961226,    0
  323,19961227,    0
  323,19961228,    0
  323,19961229,   10
  323,19961230,    0
  323,19961231,    0
  323,19970101,    0
  323,19970102,    0
  323,19970103,    0
  323,19970104,   -1
  323,19970105,   -1
  323,19970106,    0
  323,19970107,   -1
  323,19970108,    0
  323,19970109,   -1
  323,19970110,    0
  323,19970111,    0
  323,19970112,    1
  323,19970113,   -1
  323,19970114,    0
  323,19970115,    0
  323,19970116,    0
  323,19970117,    0
  323,19970118,   -1
  323,19970119,   19
  323,19970120,   -1
  323,19970121,    0
  323,19970122,    0
  323,19970123,   -1
  323,19970124,   -1
  323,19970125,    0
  323,19970126,   -1
  323,19970127,   -1
  323,19970128,   -1
  323,19970129,    0
  323,19970130,    0
  323,19970131,   -1
  323,19970201,    0
  323,19970202,    4
  323,19970203,    0
  323,19970204,  120
  323,19970205,  127
  323,19970206,    0
  323,19970207,   54
  323,19970208,    0
  323,19970209,    0
  323,19970210,   19
  323,19970211,   74
  323,19970212,  188
  323,19970213,   65
  323,19970214,    0
  323,19970215,    0
  323,19970216,   17
  323,19970217,   31
  323,19970218,   31
  323,19970219,   39
  323,19970220,    2
  323,19970221,   -1
  323,19970222,    0
  323,19970223,    0
  323,19970224,   32
  323,19970225,   31
  323,19970226,   15
  323,19970227,    0
  323,19970228,    4
  323,19970301,    0
  323,19970302,   11
  323,19970303,    2
  323,19970304,   -1
  323,19970305,    0
  323,19970306,   18
  323,19970307,    0
  323,19970308,    0
  323,19970309,   -1
  323,19970310,    0
  323,19970311,    0
  323,19970312,    0
  323,19970313,   -1
  323,19970314,    6
  323,19970315,    3
  323,19970316,   -1
  323,19970317,    0
  323,19970318,   21
  323,19970319,   39
  323,19970320,    3
  323,19970321,   -1
  323,19970322,   -1
  323,19970323,   30
  323,19970324,   -1
  323,19970325,    5
  323,19970326,    9
  323,19970327,    0
  323,19970328,    7
  323,19970329,    0
  323,19970330,    0
  323,19970331,    0
  323,19970401,    0
  323,19970402,    0
  323,19970403,   -1
  323,19970404,   -1
  323,19970405,   73
  323,19970406,   -1
  323,19970407,    0
  323,19970408,    0
  323,19970409,    0
  323,19970410,    0
  323,19970411,    0
  323,19970412,    1
  323,19970413,   -1
  323,19970414,    1
  323,19970415,   -1
  323,19970416,    4
  323,19970417,    0
  323,19970418,   -1
  323,19970419,    0
  323,19970420,    0
  323,19970421,   -1
  323,19970422,   -1
  323,19970423,    0
  323,19970424,    0
  323,19970425,   88
  323,19970426,   15
  323,19970427,    7
  323,19970428,   78
  323,19970429,   17
  323,19970430,    0
  323,19970501,    0
  323,19970502,    0
  323,19970503,    6
  323,19970504,   53
  323,19970505,  119
  323,19970506,   22
  323,19970507,    3
  323,19970508,   36
  323,19970509,   42
  323,19970510,   41
  323,19970511,   20
  323,19970512,   18
  323,19970513,    0
  323,19970514,   56
  323,19970515,    0
  323,19970516,    1
  323,19970517,   -1
  323,19970518,   12
  323,19970519,   43
  323,19970520,   69
  323,19970521,   13
  323,19970522,    9
  323,19970523,    0
  323,19970524,    0
  323,19970525,    0
  323,19970526,    0
  323,19970527,   -1
  323,19970528,    0
  323,19970529,    0
  323,19970530,    0
  323,19970531,    0
  323,19970601,    1
  323,19970602,    0
  323,19970603,    0
  323,19970604,    0
  323,19970605,   -1
  323,19970606,   11
  323,19970607,   85
  323,19970608,   55
  323,19970609,    0
  323,19970610,    0
  323,19970611,  107
  323,19970612,   -1
  323,19970613,   35
  323,19970614,   -1
  323,19970615,   -1
  323,19970616,    0
  323,19970617,    0
  323,19970618,    0
  323,19970619,   75
  323,19970620,   14
  323,19970621,   49
  323,19970622,  349
  323,19970623,   15
  323,19970624,    2
  323,19970625,   49
  323,19970626,   92
  323,19970627,  169
  323,19970628,   -1
  323,19970629,  203
  323,19970630,   86
  323,19970701,   17
  323,19970702,  117
  323,19970703,   33
  323,19970704,    5
  323,19970705,    4
  323,19970706,   29
  323,19970707,    0
  323,19970708,    0
  323,19970709,    0
  323,19970710,    0
  323,19970711,    0
  323,19970712,    0
  323,19970713,    0
  323,19970714,    0
  323,19970715,   -1
  323,19970716,   -1
  323,19970717,   41
  323,19970718,  115
  323,19970719,    0
  323,19970720,   26
  323,19970721,    0
  323,19970722,   -1
  323,19970723,    0
  323,19970724,    4
  323,19970725,   43
  323,19970726,   14
  323,19970727,    2
  323,19970728,    0
  323,19970729,    0
  323,19970730,    1
  323,19970731,   30
  323,19970801,   56
  323,19970802,    7
  323,19970803,    0
  323,19970804,    0
  323,19970805,    0
  323,19970806,    0
  323,19970807,    0
  323,19970808,    0
  323,19970809,    0
  323,19970810,    0
  323,19970811,    0
  323,19970812,    0
  323,19970813,    0
  323,19970814,    0
  323,19970815,    0
  323,19970816,    0
  323,19970817,   -1
  323,19970818,    0
  323,19970819,    0
  323,19970820,    0
  323,19970821,    1
  323,19970822,   17
  323,19970823,    0
  323,19970824,   29
  323,19970825,   53
  323,19970826,   -1
  323,19970827,   40
  323,19970828,   26
  323,19970829,    3
  323,19970830,   71
  323,19970831,   -1
  323,19970901,   66
  323,19970902,    0
  323,19970903,   -1
  323,19970904,    3
  323,19970905,    0
  323,19970906,    0
  323,19970907,   39
  323,19970908,    0
  323,19970909,    0
  323,19970910,    0
  323,19970911,    0
  323,19970912,   21
  323,19970913,    3
  323,19970914,   -1
  323,19970915,    0
  323,19970916,    0
  323,19970917,    0
  323,19970918,    0
  323,19970919,    7
  323,19970920,    0
  323,19970921,    0
  323,19970922,    0
  323,19970923,    0
  323,19970924,    0
  323,19970925,    0
  323,19970926,    0
  323,19970927,    0
  323,19970928,    0
  323,19970929,    0
  323,19970930,   -1
  323,19971001,    1
  323,19971002,   -1
  323,19971003,   -1
  323,19971004,    0
  323,19971005,    0
  323,19971006,   10
  323,19971007,   64
  323,19971008,  112
  323,19971009,  123
  323,19971010,  114
  323,19971011,   86
  323,19971012,   66
  323,19971013,   77
  323,19971014,  117
  323,19971015,   61
  323,19971016,    0
  323,19971017,    1
  323,19971018,    0
  323,19971019,    0
  323,19971020,    0
  323,19971021,    0
  323,19971022,    0
  323,19971023,   -1
  323,19971024,    9
  323,19971025,   10
  323,19971026,    9
  323,19971027,   -1
  323,19971028,    0
  323,19971029,    0
  323,19971030,    0
  323,19971031,    0
  323,19971101,    0
  323,19971102,    0
  323,19971103,    0
  323,19971104,   22
  323,19971105,    1
  323,19971106,   57
  323,19971107,   97
  323,19971108,   10
  323,19971109,    6
  323,19971110,   15
  323,19971111,    1
  323,19971112,    0
  323,19971113,    0
  323,19971114,    2
  323,19971115,   25
  323,19971116,   24
  323,19971117,    2
  323,19971118,    0
  323,19971119,   35
  323,19971120,   38
  323,19971121,    1
  323,19971122,   40
  323,19971123,    1
  323,19971124,    0
  323,19971125,    0
  323,19971126,   12
  323,19971127,   93
  323,19971128,   70
  323,19971129,   13
  323,19971130,   77
  323,19971201,    5
  323,19971202,   19
  323,19971203,    0
  323,19971204,    0
  323,19971205,   -1
  323,19971206,    0
  323,19971207,    0
  323,19971208,    1
  323,19971209,   62
  323,19971210,   86
  323,19971211,   33
  323,19971212,   32
  323,19971213,    7
  323,19971214,   26
  323,19971215,    0
  323,19971216,    0
  323,19971217,    3
  323,19971218,   23
  323,19971219,   40
  323,19971220,    0
  323,19971221,    3
  323,19971222,    0
  323,19971223,   33
  323,19971224,   44
  323,19971225,   43
  323,19971226,   80
  323,19971227,   23
  323,19971228,  102
  323,19971229,    9
  323,19971230,    0
  323,19971231,   15
  323,19980101,   39
  323,19980102,   52
  323,19980103,  110
  323,19980104,   29
  323,19980105,  112
  323,19980106,    4
  323,19980107,   98
  323,19980108,   31
  323,19980109,    0
  323,19980110,    0
  323,19980111,    0
  323,19980112,    0
  323,19980113,   -1
  323,19980114,   26
  323,19980115,   15
  323,19980116,   25
  323,19980117,   -1
  323,19980118,   72
  323,19980119,   77
  323,19980120,   40
  323,19980121,    0
  323,19980122,    0
  323,19980123,    0
  323,19980124,    3
  323,19980125,    0
  323,19980126,    0
  323,19980127,    0
  323,19980128,   -1
  323,19980129,   -1
  323,19980130,   -1
  323,19980131,   13
  323,19980201,    0
  323,19980202,    5
  323,19980203,   -1
  323,19980204,   -1
  323,19980205,    0
  323,19980206,    0
  323,19980207,   30
  323,19980208,    0
  323,19980209,    0
  323,19980210,    0
  323,19980211,    0
  323,19980212,    0
  323,19980213,    0
  323,19980214,    0
  323,19980215,    0
  323,19980216,   -1
  323,19980217,    0
  323,19980218,    0
  323,19980219,    0
  323,19980220,    0
  323,19980221,   39
  323,19980222,   44
  323,19980223,   14
  323,19980224,    0
  323,19980225,    0
  323,19980226,    1
  323,19980227,    0
  323,19980228,   69
  323,19980301,   32
  323,19980302,   34
  323,19980303,  179
  323,19980304,   80
  323,19980305,   28
  323,19980306,  243
  323,19980307,  108
  323,19980308,   10
  323,19980309,    0
  323,19980310,   -1
  323,19980311,   71
  323,19980312,    6
  323,19980313,   -1
  323,19980314,   -1
  323,19980315,    0
  323,19980316,    0
  323,19980317,    0
  323,19980318,    0
  323,19980319,    0
  323,19980320,    3
  323,19980321,   -1
  323,19980322,   -1
  323,19980323,   -1
  323,19980324,    0
  323,19980325,    0
  323,19980326,   78
  323,19980327,    6
  323,19980328,   -1
  323,19980329,   -1
  323,19980330,    0
  323,19980331,    0
  323,19980401,    2
  323,19980402,   40
  323,19980403,   62
  323,19980404,   42
  323,19980405,   28
  323,19980406,    3
  323,19980407,   81
  323,19980408,   56
  323,19980409,    2
  323,19980410,   29
  323,19980411,   25
  323,19980412,    3
  323,19980413,   48
  323,19980414,   14
  323,19980415,   64
  323,19980416,   18
  323,19980417,   64
  323,19980418,   21
  323,19980419,   -1
  323,19980420,   41
  323,19980421,    0
  323,19980422,    0
  323,19980423,   13
  323,19980424,   23
  323,19980425,  108
  323,19980426,    0
  323,19980427,    7
  323,19980428,   44
  323,19980429,    0
  323,19980430,    0
  323,19980501,    4
  323,19980502,   82
  323,19980503,   -1
  323,19980504,    0
  323,19980505,    3
  323,19980506,   28
  323,19980507,    0
  323,19980508,    0
  323,19980509,    0
  323,19980510,    0
  323,19980511,    0
  323,19980512,    0
  323,19980513,    0
  323,19980514,    0
  323,19980515,    0
  323,19980516,    0
  323,19980517,    0
  323,19980518,    0
  323,19980519,    0
  323,19980520,    0
  323,19980521,    4
  323,19980522,   -1
  323,19980523,   12
  323,19980524,   22
  323,19980525,    7
  323,19980526,   74
  323,19980527,   56
  323,19980528,   80
  323,19980529,   21
  323,19980530,    0
  323,19980531,    0
  323,19980601,    0
  323,19980602,   79
  323,19980603,   60
  323,19980604,   -1
  323,19980605,   57
  323,19980606,  165
  323,19980607,   15
  323,19980608,    4
  323,19980609,   78
  323,19980610,   58
  323,19980611,  226
  323,19980612,   12
  323,19980613,   40
  323,19980614,  124
  323,19980615,   30
  323,19980616,    9
  323,19980617,   15
  323,19980618,   23
  323,19980619,    0
  323,19980620,    0
  323,19980621,    2
  323,19980622,    0
  323,19980623,   -1
  323,19980624,   -1
  323,19980625,  107
  323,19980626,   -1
  323,19980627,   99
  323,19980628,   16
  323,19980629,    7
  323,19980630,   83
  323,19980701,   -1
  323,19980702,    0
  323,19980703,   -1
  323,19980704,   -1
  323,19980705,   -1
  323,19980706,    2
  323,19980707,    6
  323,19980708,    0
  323,19980709,    1
  323,19980710,   -1
  323,19980711,   57
  323,19980712,   86
  323,19980713,   12
  323,19980714,    1
  323,19980715,   21
  323,19980716,   16
  323,19980717,    1
  323,19980718,    1
  323,19980719,    0
  323,19980720,   -1
  323,19980721,   27
  323,19980722,    0
  323,19980723,    0
  323,19980724,    0
  323,19980725,    0
  323,19980726,    0
  323,19980727,    5
  323,19980728,   -1
  323,19980729,   19
  323,19980730,  105
  323,19980731,   47
  323,19980801,   -1
  323,19980802,   -1
  323,19980803,   -1
  323,19980804,   67
  323,19980805,    0
  323,19980806,    0
  323,19980807,    0
  323,19980808,    0
  323,19980809,    0
  323,19980810,    0
  323,19980811,    0
  323,19980812,    0
  323,19980813,    0
  323,19980814,    0
  323,19980815,    0
  323,19980816,    0
  323,19980817,    0
  323,19980818,    0
  323,19980819,    0
  323,19980820,    0
  323,19980821,  122
  323,19980822,    6
  323,19980823,  189
  323,19980824,   30
  323,19980825,    4
  323,19980826,   65
  323,19980827,   38
  323,19980828,    0
  323,19980829,   21
  323,19980830,   40
  323,19980831,    0
  323,19980901,  106
  323,19980902,  148
  323,19980903,   94
  323,19980904,    7
  323,19980905,  191
  323,19980906,   25
  323,19980907,    4
  323,19980908,   23
  323,19980909,   77
  323,19980910,   12
  323,19980911,   38
  323,19980912,   35
  323,19980913,  412
  323,19980914,  479
  323,19980915,   21
  323,19980916,   12
  323,19980917,   30
  323,19980918,    0
  323,19980919,    3
  323,19980920,    0
  323,19980921,    0
  323,19980922,    0
  323,19980923,    0
  323,19980924,    0
  323,19980925,    1
  323,19980926,   19
  323,19980927,   -1
  323,19980928,    0
  323,19980929,   13
  323,19980930,   42
  323,19981001,    0
  323,19981002,    6
  323,19981003,    3
  323,19981004,   15
  323,19981005,   23
  323,19981006,    0
  323,19981007,   13
  323,19981008,  182
  323,19981009,   39
  323,19981010,   40
  323,19981011,   51
  323,19981012,    7
  323,19981013,   17
  323,19981014,   47
  323,19981015,    0
  323,19981016,    0
  323,19981017,   68
  323,19981018,    5
  323,19981019,    5
  323,19981020,   -1
  323,19981021,   18
  323,19981022,    8
  323,19981023,   66
  323,19981024,  203
  323,19981025,   51
  323,19981026,   36
  323,19981027,  122
  323,19981028,  133
  323,19981029,   24
  323,19981030,   38
  323,19981031,  283
  323,19981101,  144
  323,19981102,   14
  323,19981103,  209
  323,19981104,   95
  323,19981105,   16
  323,19981106,   -1
  323,19981107,    0
  323,19981108,   94
  323,19981109,   73
  323,19981110,   42
  323,19981111,    0
  323,19981112,   23
  323,19981113,   38
  323,19981114,  159
  323,19981115,  166
  323,19981116,   22
  323,19981117,    0
  323,19981118,   26
  323,19981119,    8
  323,19981120,    0
  323,19981121,    0
  323,19981122,    0
  323,19981123,    0
  323,19981124,    0
  323,19981125,    3
  323,19981126,   65
  323,19981127,   -1
  323,19981128,   29
  323,19981129,   69
  323,19981130,    0
  323,19981201,    0
  323,19981202,    0
  323,19981203,   -1
  323,19981204,   46
  323,19981205,  115
  323,19981206,   58
  323,19981207,   40
  323,19981208,   30
  323,19981209,   52
  323,19981210,    6
  323,19981211,   29
  323,19981212,   97
  323,19981213,   -1
  323,19981214,    7
  323,19981215,  124
  323,19981216,    0
  323,19981217,    0
  323,19981218,   15
  323,19981219,   17
  323,19981220,   29
  323,19981221,   12
  323,19981222,    3
  323,19981223,    4
  323,19981224,   49
  323,19981225,   52
  323,19981226,   40
  323,19981227,   74
  323,19981228,   27
  323,19981229,    0
  323,19981230,    0
  323,19981231,    2
  323,19990101,   -1
  323,19990102,   50
  323,19990103,   85
  323,19990104,   66
  323,19990105,   46
  323,19990106,    0
  323,19990107,   52
  323,19990108,   24
  323,19990109,    1
  323,19990110,    0
  323,19990111,   -1
  323,19990112,   74
  323,19990113,   24
  323,19990114,   20
  323,19990115,   11
  323,19990116,  106
  323,19990117,    0
  323,19990118,    1
  323,19990119,   11
  323,19990120,    2
  323,19990121,   27
  323,19990122,    0
  323,19990123,    0
  323,19990124,   14
  323,19990125,   34
  323,19990126,   56
  323,19990127,   37
  323,19990128,   67
  323,19990129,    0
  323,19990130,    0
  323,19990131,    0
  323,19990201,   -1
  323,19990202,   -1
  323,19990203,    0
  323,19990204,    0
  323,19990205,   65
  323,19990206,  109
  323,19990207,  139
  323,19990208,   12
  323,19990209,   64
  323,19990210,   14
  323,19990211,    0
  323,19990212,    0
  323,19990213,    0
  323,19990214,   20
  323,19990215,   11
  323,19990216,   11
  323,19990217,   23
  323,19990218,   18
  323,19990219,   60
  323,19990220,    0
  323,19990221,   98
  323,19990222,   15
  323,19990223,   44
  323,19990224,    1
  323,19990225,   -1
  323,19990226,   -1
  323,19990227,   22
  323,19990228,    9
  323,19990301,  207
  323,19990302,  145
  323,19990303,   77
  323,19990304,   20
  323,19990305,   33
  323,19990306,   17
  323,19990307,  122
  323,19990308,   50
  323,19990309,    8
  323,19990310,    0
  323,19990311,    0
  323,19990312,    0
  323,19990313,    0
  323,19990314,    0
  323,19990315,    0
  323,19990316,    3
  323,19990317,    7
  323,19990318,   39
  323,19990319,   -1
  323,19990320,    0
  323,19990321,  105
  323,19990322,   45
  323,19990323,   21
  323,19990324,    0
  323,19990325,    4
  323,19990326,   47
  323,19990327,    0
  323,19990328,    0
  323,19990329,    0
  323,19990330,    4
  323,19990331,    0
  323,19990401,    0
  323,19990402,    0
  323,19990403,   63
  323,19990404,    0
  323,19990405,   59
  323,19990406,    7
  323,19990407,    3
  323,19990408,   -1
  323,19990409,    0
  323,19990410,   14
  323,19990411,    0
  323,19990412,  100
  323,19990413,   71
  323,19990414,   35
  323,19990415,   12
  323,19990416,    0
  323,19990417,   -1
  323,19990418,    0
  323,19990419,   14
  323,19990420,   43
  323,19990421,   44
  323,19990422,   13
  323,19990423,   -1
  323,19990424,   15
  323,19990425,   -1
  323,19990426,   52
  323,19990427,    0
  323,19990428,    0
  323,19990429,   -1
  323,19990430,    0
  323,19990501,    0
  323,19990502,    0
  323,19990503,    0
  323,19990504,    0
  323,19990505,   13
  323,19990506,   -1
  323,19990507,   20
  323,19990508,    4
  323,19990509,    0
  323,19990510,   -1
  323,19990511,   14
  323,19990512,   -1
  323,19990513,   49
  323,19990514,    1
  323,19990515,    0
  323,19990516,    0
  323,19990517,    0
  323,19990518,   20
  323,19990519,   -1
  323,19990520,  169
  323,19990521,   -1
  323,19990522,   13
  323,19990523,    0
  323,19990524,   -1
  323,19990525,    0
  323,19990526,    0
  323,19990527,    0
  323,19990528,    0
  323,19990529,    1
  323,19990530,   85
  323,19990531,    0
  323,19990601,    0
  323,19990602,   71
  323,19990603,   35
  323,19990604,   21
  323,19990605,  142
  323,19990606,   24
  323,19990607,   65
  323,19990608,   68
  323,19990609,    8
  323,19990610,    0
  323,19990611,   14
  323,19990612,    0
  323,19990613,    1
  323,19990614,    0
  323,19990615,    0
  323,19990616,    0
  323,19990617,   -1
  323,19990618,    0
  323,19990619,    0
  323,19990620,   45
  323,19990621,   71
  323,19990622,   16
  323,19990623,    0
  323,19990624,    0
  323,19990625,    0
  323,19990626,    4
  323,19990627,   64
  323,19990628,    3
  323,19990629,   47
  323,19990630,   14
  323,19990701,    2
  323,19990702,   -1
  323,19990703,   -1
  323,19990704,   81
  323,19990705,   43
  323,19990706,    0
  323,19990707,   17
  323,19990708,    0
  323,19990709,    0
  323,19990710,    0
  323,19990711,    0
  323,19990712,    0
  323,19990713,    4
  323,19990714,   29
  323,19990715,   -1
  323,19990716,    0
  323,19990717,    0
  323,19990718,    0
  323,19990719,   10
  323,19990720,    1
  323,19990721,    1
  323,19990722,  116
  323,19990723,   -1
  323,19990724,    0
  323,19990725,    0
  323,19990726,    0
  323,19990727,    0
  323,19990728,    0
  323,19990729,    0
  323,19990730,    0
  323,19990731,    0
  323,19990801,    0
  323,19990802,    0
  323,19990803,   20
  323,19990804,    0
  323,19990805,   38
  323,19990806,    0
  323,19990807,   48
  323,19990808,   98
  323,19990809,  172
  323,19990810,   33
  323,19990811,    1
  323,19990812,    0
  323,19990813,   -1
  323,19990814,  106
  323,19990815,   35
  323,19990816,   63
  323,19990817,   12
  323,19990818,  177
  323,19990819,   25
  323,19990820,   70
  323,19990821,    2
  323,19990822,    0
  323,19990823,    0
  323,19990824,    2
  323,19990825,  107
  323,19990826,    0
  323,19990827,    0
  323,19990828,    0
  323,19990829,    0
  323,19990830,    0
  323,19990831,    0
  323,19990901,    0
  323,19990902,    0
  323,19990903,    0
  323,19990904,    0
  323,19990905,    0
  323,19990906,   -1
  323,19990907,    0
  323,19990908,    0
  323,19990909,    0
  323,19990910,    0
  323,19990911,    0
  323,19990912,    2
  323,19990913,    3
  323,19990914,   15
  323,19990915,   42
  323,19990916,   -1
  323,19990917,   -1
  323,19990918,    0
  323,19990919,   17
  323,19990920,   29
  323,19990921,   76
  323,19990922,   21
  323,19990923,   10
  323,19990924,  147
  323,19990925,   30
  323,19990926,    3
  323,19990927,   52
  323,19990928,    4
  323,19990929,   47
  323,19990930,  116
  323,19991001,   55
  323,19991002,   30
  323,19991003,   90
  323,19991004,  372
  323,19991005,   43
  323,19991006,    7
  323,19991007,   -1
  323,19991008,   40
  323,19991009,    9
  323,19991010,    3
  323,19991011,   11
  323,19991012,    0
  323,19991013,    0
  323,19991014,    0
  323,19991015,    0
  323,19991016,    0
  323,19991017,    0
  323,19991018,    0
  323,19991019,    0
  323,19991020,    0
  323,19991021,   10
  323,19991022,  197
  323,19991023,   -1
  323,19991024,   49
  323,19991025,   10
  323,19991026,   -1
  323,19991027,    0
  323,19991028,   -1
  323,19991029,   -1
  323,19991030,   43
  323,19991031,   21
  323,19991101,    5
  323,19991102,    1
  323,19991103,    0
  323,19991104,    0
  323,19991105,   14
  323,19991106,   11
  323,19991107,    0
  323,19991108,   28
  323,19991109,   19
  323,19991110,   78
  323,19991111,    0
  323,19991112,    0
  323,19991113,    2
  323,19991114,    1
  323,19991115,    0
  323,19991116,   60
  323,19991117,  284
  323,19991118,   56
  323,19991119,   38
  323,19991120,   -1
  323,19991121,    0
  323,19991122,   52
  323,19991123,    0
  323,19991124,    0
  323,19991125,   32
  323,19991126,    0
  323,19991127,   15
  323,19991128,    0
  323,19991129,   -1
  323,19991130,    5
  323,19991201,    8
  323,19991202,    1
  323,19991203,   23
  323,19991204,   15
  323,19991205,   46
  323,19991206,   18
  323,19991207,  103
  323,19991208,   40
  323,19991209,   83
  323,19991210,   27
  323,19991211,  133
  323,19991212,  126
  323,19991213,  151
  323,19991214,    9
  323,19991215,   49
  323,19991216,   12
  323,19991217,  147
  323,19991218,    0
  323,19991219,   36
  323,19991220,   39
  323,19991221,    0
  323,19991222,    7
  323,19991223,   26
  323,19991224,  115
  323,19991225,   30
  323,19991226,  115
  323,19991227,    2
  323,19991228,   29
  323,19991229,    1
  323,19991230,   29
  323,19991231,    0
  323,20000101,    6
  323,20000102,    5
  323,20000103,   23
  323,20000104,   88
  323,20000105,    0
  323,20000106,   23
  323,20000107,    0
  323,20000108,    5
  323,20000109,    0
  323,20000110,    0
  323,20000111,    0
  323,20000112,    0
  323,20000113,    4
  323,20000114,    1
  323,20000115,   -1
  323,20000116,    4
  323,20000117,   -1
  323,20000118,    5
  323,20000119,    2
  323,20000120,    1
  323,20000121,   14
  323,20000122,   70
  323,20000123,   34
  323,20000124,    0
  323,20000125,    2
  323,20000126,    0
  323,20000127,    0
  323,20000128,   -1
  323,20000129,   91
  323,20000130,   10
  323,20000131,    0
  323,20000201,   16
  323,20000202,   61
  323,20000203,    0
  323,20000204,   36
  323,20000205,    0
  323,20000206,   13
  323,20000207,   71
  323,20000208,   96
  323,20000209,    0
  323,20000210,   83
  323,20000211,    0
  323,20000212,   31
  323,20000213,    0
  323,20000214,   39
  323,20000215,    9
  323,20000216,   74
  323,20000217,    0
  323,20000218,   51
  323,20000219,   27
  323,20000220,    5
  323,20000221,    9
  323,20000222,    0
  323,20000223,    3
  323,20000224,  118
  323,20000225,  142
  323,20000226,    0
  323,20000227,    0
  323,20000228,    5
  323,20000229,  131
  323,20000301,   40
  323,20000302,   84
  323,20000303,  148
  323,20000304,   22
  323,20000305,    0
  323,20000306,    0
  323,20000307,    5
  323,20000308,   33
  323,20000309,    0
  323,20000310,    2
  323,20000311,    0
  323,20000312,    0
  323,20000313,    3
  323,20000314,   13
  323,20000315,    4
  323,20000316,    3
  323,20000317,   -1
  323,20000318,   16
  323,20000319,    0
  323,20000320,    0
  323,20000321,    0
  323,20000322,    0
  323,20000323,    0
  323,20000324,   48
  323,20000325,   32
  323,20000326,    5
  323,20000327,   17
  323,20000328,    6
  323,20000329,    3
  323,20000330,    0
  323,20000331,    3
  323,20000401,   21
  323,20000402,    4
  323,20000403,    4
  323,20000404,   17
  323,20000405,   10
  323,20000406,    0
  323,20000407,    0
  323,20000408,    0
  323,20000409,    0
  323,20000410,    0
  323,20000411,   15
  323,20000412,   33
  323,20000413,   31
  323,20000414,    0
  323,20000415,   60
  323,20000416,    2
  323,20000417,   40
  323,20000418,    0
  323,20000419,    0
  323,20000420,    4
  323,20000421,   23
  323,20000422,   74
  323,20000423,   68
  323,20000424,   -1
  323,20000425,   -1
  323,20000426,    1
  323,20000427,   12
  323,20000428,    3
  323,20000429,   -1
  323,20000430,    0
  323,20000501,    0
  323,20000502,    0
  323,20000503,    0
  323,20000504,   -1
  323,20000505,    0
  323,20000506,   -1
  323,20000507,    4
  323,20000508,    1
  323,20000509,    0
  323,20000510,  179
  323,20000511,   -1
  323,20000512,   -1
  323,20000513,    0
  323,20000514,    0
  323,20000515,    0
  323,20000516,   74
  323,20000517,    3
  323,20000518,   17
  323,20000519,   95
  323,20000520,    5
  323,20000521,  139
  323,20000522,   18
  323,20000523,   54
  323,20000524,  109
  323,20000525,   54
  323,20000526,   91
  323,20000527,   12
  323,20000528,  121
  323,20000529,   23
  323,20000530,    0
  323,20000531,    0
  323,20000601,   16
  323,20000602,    0
  323,20000603,  197
  323,20000604,    0
  323,20000605,   58
  323,20000606,    9
  323,20000607,    0
  323,20000608,    0
  323,20000609,    0
  323,20000610,  111
  323,20000611,    0
  323,20000612,    0
  323,20000613,    0
  323,20000614,   -1
  323,20000615,    1
  323,20000616,    0
  323,20000617,    0
  323,20000618,    0
  323,20000619,    0
  323,20000620,    0
  323,20000621,   -1
  323,20000622,    9
  323,20000623,  109
  323,20000624,   15
  323,20000625,   13
  323,20000626,    0
  323,20000627,    0
  323,20000628,    0
  323,20000629,    2
  323,20000630,   -1
  323,20000701,   15
  323,20000702,    1
  323,20000703,    0
  323,20000704,  120
  323,20000705,   81
  323,20000706,    0
  323,20000707,    0
  323,20000708,    1
  323,20000709,   67
  323,20000710,  214
  323,20000711,   54
  323,20000712,   59
  323,20000713,   51
  323,20000714,   14
  323,20000715,   87
  323,20000716,   33
  323,20000717,   -1
  323,20000718,    0
  323,20000719,   -1
  323,20000720,    0
  323,20000721,    0
  323,20000722,    0
  323,20000723,    0
  323,20000724,   34
  323,20000725,    0
  323,20000726,    0
  323,20000727,   77
  323,20000728,   -1
  323,20000729,    0
  323,20000730,    0
  323,20000731,    0
  323,20000801,    7
  323,20000802,    0
  323,20000803,   30
  323,20000804,    0
  323,20000805,    0
  323,20000806,   -1
  323,20000807,   -1
  323,20000808,    0
  323,20000809,    0
  323,20000810,   -1
  323,20000811,    0
  323,20000812,    0
  323,20000813,   -1
  323,20000814,   79
  323,20000815,    0
  323,20000816,   -1
  323,20000817,   -1
  323,20000818,    2
  323,20000819,   53
  323,20000820,   50
  323,20000821,   27
  323,20000822,   -1
  323,20000823,    0
  323,20000824,    0
  323,20000825,    0
  323,20000826,   -1
  323,20000827,    1
  323,20000828,    6
  323,20000829,    0
  323,20000830,    0
  323,20000831,    0
  323,20000901,   50
  323,20000902,  236
  323,20000903,    1
  323,20000904,    0
  323,20000905,   -1
  323,20000906,   20
  323,20000907,   -1
  323,20000908,   -1
  323,20000909,   -1
  323,20000910,   -1
  323,20000911,    0
  323,20000912,    0
  323,20000913,    0
  323,20000914,    0
  323,20000915,  103
  323,20000916,  171
  323,20000917,   16
  323,20000918,    0
  323,20000919,   -1
  323,20000920,   -1
  323,20000921,    0
  323,20000922,   -1
  323,20000923,    0
  323,20000924,   13
  323,20000925,    3
  323,20000926,   28
  323,20000927,    1
  323,20000928,   74
  323,20000929,   35
  323,20000930,    4
  323,20001001,   11
  323,20001002,   74
  323,20001003,    0
  323,20001004,   -1
  323,20001005,   36
  323,20001006,  233
  323,20001007,   10
  323,20001008,   49
  323,20001009,   71
  323,20001010,  121
  323,20001011,   58
  323,20001012,   -1
  323,20001013,    0
  323,20001014,    0
  323,20001015,    0
  323,20001016,   68
  323,20001017,    0
  323,20001018,   82
  323,20001019,   54
  323,20001020,   34
  323,20001021,    3
  323,20001022,    2
  323,20001023,    5
  323,20001024,   15
  323,20001025,    8
  323,20001026,   26
  323,20001027,   22
  323,20001028,   60
  323,20001029,   27
  323,20001030,  136
  323,20001031,   17
  323,20001101,   99
  323,20001102,   88
  323,20001103,    3
  323,20001104,    8
  323,20001105,   24
  323,20001106,   83
  323,20001107,   33
  323,20001108,   39
  323,20001109,   37
  323,20001110,   -1
  323,20001111,    2
  323,20001112,   57
  323,20001113,    0
  323,20001114,   16
  323,20001115,   11
  323,20001116,   23
  323,20001117,   48
  323,20001118,    4
  323,20001119,   36
  323,20001120,   58
  323,20001121,   47
  323,20001122,    3
  323,20001123,   21
  323,20001124,    5
  323,20001125,   46
  323,20001126,   11
  323,20001127,   26
  323,20001128,   77
  323,20001129,   -1
  323,20001130,    0
  323,20001201,   28
  323,20001202,    1
  323,20001203,  212
  323,20001204,   10
  323,20001205,   -1
  323,20001206,   46
  323,20001207,   27
  323,20001208,   -1
  323,20001209,    0
  323,20001210,   48
  323,20001211,   27
  323,20001212,   64
  323,20001213,   31
  323,20001214,   37
  323,20001215,   58
  323,20001216,    0
  323,20001217,   22
  323,20001218,   -1
  323,20001219,   -1
  323,20001220,    0
  323,20001221,    0
  323,20001222,    0
  323,20001223,   -1
  323,20001224,   12
  323,20001225,    4
  323,20001226,   -1
  323,20001227,   54
  323,20001228,   15
  323,20001229,   18
  323,20001230,   73
  323,20001231,    2
  323,20010101,  135
  323,20010102,   -1
  323,20010103,   20
  323,20010104,   40
  323,20010105,  142
  323,20010106,   19
  323,20010107,    2
  323,20010108,    1
  323,20010109,   11
  323,20010110,   27
  323,20010111,   11
  323,20010112,    0
  323,20010113,    0
  323,20010114,    0
  323,20010115,    0
  323,20010116,    0
  323,20010117,    0
  323,20010118,    0
  323,20010119,    0
  323,20010120,    7
  323,20010121,   79
  323,20010122,   11
  323,20010123,   27
  323,20010124,   13
  323,20010125,   -1
  323,20010126,   -1
  323,20010127,   91
  323,20010128,    1
  323,20010129,    6
  323,20010130,    0
  323,20010131,    0
  323,20010201,    2
  323,20010202,   20
  323,20010203,   56
  323,20010204,  180
  323,20010205,   21
  323,20010206,   29
  323,20010207,   74
  323,20010208,  147
  323,20010209,    0
  323,20010210,   14
  323,20010211,   -1
  323,20010212,   94
  323,20010213,    0
  323,20010214,    0
  323,20010215,    0
  323,20010216,   -1
  323,20010217,    0
  323,20010218,    0
  323,20010219,   -1
  323,20010220,    0
  323,20010221,   30
  323,20010222,   13
  323,20010223,   41
  323,20010224,   55
  323,20010225,   56
  323,20010226,    1
  323,20010227,    2
  323,20010228,   32
  323,20010301,   11
  323,20010302,    1
  323,20010303,    0
  323,20010304,    0
  323,20010305,    0
  323,20010306,    0
  323,20010307,   46
  323,20010308,   53
  323,20010309,    8
  323,20010310,   34
  323,20010311,   40
  323,20010312,   48
  323,20010313,   16
  323,20010314,    0
  323,20010315,    4
  323,20010316,    2
  323,20010317,   -1
  323,20010318,  105
  323,20010319,   32
  323,20010320,    0
  323,20010321,   71
  323,20010322,    2
  323,20010323,  120
  323,20010324,   25
  323,20010325,    0
  323,20010326,    0
  323,20010327,    3
  323,20010328,   58
  323,20010329,    1
  323,20010330,    0
  323,20010331,   -1
  323,20010401,    0
  323,20010402,    3
  323,20010403,    2
  323,20010404,   40
  323,20010405,   64
  323,20010406,   30
  323,20010407,   29
  323,20010408,    1
  323,20010409,    3
  323,20010410,   39
  323,20010411,    9
  323,20010412,   -1
  323,20010413,    0
  323,20010414,   84
  323,20010415,   46
  323,20010416,   35
  323,20010417,   -1
  323,20010418,   48
  323,20010419,   61
  323,20010420,   49
  323,20010421,    2
  323,20010422,    0
  323,20010423,    0
  323,20010424,    4
  323,20010425,   39
  323,20010426,    7
  323,20010427,   27
  323,20010428,   46
  323,20010429,   -1
  323,20010430,    4
  323,20010501,    0
  323,20010502,   -1
  323,20010503,   35
  323,20010504,   27
  323,20010505,    0
  323,20010506,    0
  323,20010507,    0
  323,20010508,    0
  323,20010509,    0
  323,20010510,    0
  323,20010511,    0
  323,20010512,    0
  323,20010513,   -1
  323,20010514,   22
  323,20010515,   27
  323,20010516,   56
  323,20010517,   21
  323,20010518,   11
  323,20010519,    0
  323,20010520,    0
  323,20010521,    0
  323,20010522,    0
  323,20010523,    0
  323,20010524,    0
  323,20010525,    0
  323,20010526,    0
  323,20010527,   -1
  323,20010528,    0
  323,20010529,    0
  323,20010530,    0
  323,20010531,   -1
  323,20010601,   20
  323,20010602,  152
  323,20010603,   12
  323,20010604,    0
  323,20010605,   -1
  323,20010606,   27
  323,20010607,   11
  323,20010608,    0
  323,20010609,    0
  323,20010610,    2
  323,20010611,    0
  323,20010612,    0
  323,20010613,   -1
  323,20010614,   -1
  323,20010615,   70
  323,20010616,   44
  323,20010617,    8
  323,20010618,   18
  323,20010619,    0
  323,20010620,    0
  323,20010621,    0
  323,20010622,   -1
  323,20010623,    0
  323,20010624,    0
  323,20010625,    0
  323,20010626,    0
  323,20010627,  145
  323,20010628,   -1
  323,20010629,    0
  323,20010630,   17
  323,20010701,    0
  323,20010702,    0
  323,20010703,    0
  323,20010704,    0
  323,20010705,   -1
  323,20010706,   11
  323,20010707,   75
  323,20010708,   76
  323,20010709,    0
  323,20010710,   39
  323,20010711,    5
  323,20010712,   14
  323,20010713,   20
  323,20010714,    5
  323,20010715,    2
  323,20010716,    0
  323,20010717,   53
  323,20010718,   47
  323,20010719,  101
  323,20010720,   18
  323,20010721,   48
  323,20010722,    0
  323,20010723,    9
  323,20010724,    0
  323,20010725,    0
  323,20010726,    0
  324,19971001,     
  324,19971002,     
  324,19971003,     
  324,19971004,     
  324,19971005,     
  324,19971006,     
  324,19971007,     
  324,19971008,     
  324,19971009,     
  324,19971010,     
  324,19971011,     
  324,19971012,     
  324,19971013,     
  324,19971014,     
  324,19971015,     
  324,19971016,     
  324,19971017,     
  324,19971018,     
  324,19971019,     
  324,19971020,     
  324,19971021,     
  324,19971022,     
  324,19971023,     
  324,19971024,     
  324,19971025,     
  324,19971026,     
  324,19971027,     
  324,19971028,     
  324,19971029,     
  324,19971030,     
  324,19971031,     
  324,19971101,     
  324,19971102,     
  324,19971103,     
  324,19971104,     
  324,19971105,     
  324,19971106,     
  324,19971107,     
  324,19971108,     
  324,19971109,     
  324,19971110,     
  324,19971111,     
  324,19971112,     
  324,19971113,     
  324,19971114,     
  324,19971115,     
  324,19971116,     
  324,19971117,     
  324,19971118,     
  324,19971119,     
  324,19971120,     
  324,19971121,     
  324,19971122,     
  324,19971123,     
  324,19971124,     
  324,19971125,     
  324,19971126,     
  324,19971127,     
  324,19971128,     
  324,19971129,     
  324,19971130,     
  324,19971201,     
  324,19971202,     
  324,19971203,     
  324,19971204,     
  324,19971205,     
  324,19971206,     
  324,19971207,     
  324,19971208,     
  324,19971209,     
  324,19971210,     
  324,19971211,     
  324,19971212,     
  324,19971213,     
  324,19971214,     
  324,19971215,     
  324,19971216,     
  324,19971217,     
  324,19971218,     
  324,19971219,     
  324,19971220,     
  324,19971221,     
  324,19971222,     
  324,19971223,     
  324,19971224,     
  324,19971225,     
  324,19971226,     
  324,19971227,     
  324,19971228,     
  324,19971229,     
  324,19971230,     
  324,19971231,     
  324,19980101,     
  324,19980102,     
  324,19980103,     
  324,19980104,     
  324,19980105,     
  324,19980106,     
  324,19980107,     
  324,19980108,     
  324,19980109,     
  324,19980110,     
  324,19980111,     
  324,19980112,     
  324,19980113,     
  324,19980114,     
  324,19980115,     
  324,19980116,     
  324,19980117,     
  324,19980118,     
  324,19980119,     
  324,19980120,     
  324,19980121,     
  324,19980122,     
  324,19980123,     
  324,19980124,     
  324,19980125,     
  324,19980126,     
  324,19980127,     
  324,19980128,     
  324,19980129,     
  324,19980130,     
  324,19980131,     
  324,19980201,     
  324,19980202,     
  324,19980203,     
  324,19980204,     
  324,19980205,     
  324,19980206,     
  324,19980207,     
  324,19980208,     
  324,19980209,     
  324,19980210,     
  324,19980211,     
  324,19980212,     
  324,19980213,     
  324,19980214,     
  324,19980215,     
  324,19980216,     
  324,19980217,     
  324,19980218,     
  324,19980219,     
  324,19980220,     
  324,19980221,     
  324,19980222,     
  324,19980223,     
  324,19980224,     
  324,19980225,     
  324,19980226,     
  324,19980227,     
  324,19980228,     
  324,19980301,     
  324,19980302,     
  324,19980303,     
  324,19980304,     
  324,19980305,     
  324,19980306,     
  324,19980307,     
  324,19980308,     
  324,19980309,     
  324,19980310,     
  324,19980311,     
  324,19980312,     
  324,19980313,     
  324,19980314,     
  324,19980315,     
  324,19980316,     
  324,19980317,     
  324,19980318,     
  324,19980319,     
  324,19980320,     
  324,19980321,     
  324,19980322,     
  324,19980323,     
  324,19980324,     
  324,19980325,     
  324,19980326,     
  324,19980327,     
  324,19980328,     
  324,19980329,     
  324,19980330,     
  324,19980331,     
  324,19980401,     
  324,19980402,     
  324,19980403,     
  324,19980404,     
  324,19980405,     
  324,19980406,     
  324,19980407,     
  324,19980408,     
  324,19980409,     
  324,19980410,     
  324,19980411,     
  324,19980412,     
  324,19980413,     
  324,19980414,     
  324,19980415,     
  324,19980416,     
  324,19980417,     
  324,19980418,     
  324,19980419,     
  324,19980420,     
  324,19980421,     
  324,19980422,     
  324,19980423,     
  324,19980424,     
  324,19980425,     
  324,19980426,     
  324,19980427,     
  324,19980428,     
  324,19980429,     
  324,19980430,     
  324,19980501,     
  324,19980502,     
  324,19980503,     
  324,19980504,     
  324,19980505,     
  324,19980506,     
  324,19980507,     
  324,19980508,     
  324,19980509,     
  324,19980510,     
  324,19980511,     
  324,19980512,     
  324,19980513,     
  324,19980514,     
  324,19980515,     
  324,19980516,     
  324,19980517,     
  324,19980518,     
  324,19980519,     
  324,19980520,     
  324,19980521,     
  324,19980522,     
  324,19980523,     
  324,19980524,     
  324,19980525,     
  324,19980526,     
  324,19980527,     
  324,19980528,     
  324,19980529,     
  324,19980530,     
  324,19980531,     
  324,19980601,     
  324,19980602,     
  324,19980603,     
  324,19980604,     
  324,19980605,     
  324,19980606,     
  324,19980607,     
  324,19980608,     
  324,19980609,     
  324,19980610,     
  324,19980611,     
  324,19980612,     
  324,19980613,     
  324,19980614,     
  324,19980615,     
  324,19980616,     
  324,19980617,     
  324,19980618,     
  324,19980619,     
  324,19980620,     
  324,19980621,     
  324,19980622,     
  324,19980623,     
  324,19980624,     
  324,19980625,     
  324,19980626,     
  324,19980627,     
  324,19980628,     
  324,19980629,     
  324,19980630,     
  324,19980701,     
  324,19980702,     
  324,19980703,     
  324,19980704,     
  324,19980705,     
  324,19980706,     
  324,19980707,     
  324,19980708,     
  324,19980709,     
  324,19980710,     
  324,19980711,     
  324,19980712,     
  324,19980713,     
  324,19980714,     
  324,19980715,     
  324,19980716,     
  324,19980717,     
  324,19980718,     
  324,19980719,     
  324,19980720,     
  324,19980721,     
  324,19980722,     
  324,19980723,     
  324,19980724,     
  324,19980725,     
  324,19980726,     
  324,19980727,     
  324,19980728,     
  324,19980729,     
  324,19980730,     
  324,19980731,     
  324,19980801,     
  324,19980802,     
  324,19980803,     
  324,19980804,     
  324,19980805,     
  324,19980806,     
  324,19980807,     
  324,19980808,     
  324,19980809,     
  324,19980810,     
  324,19980811,     
  324,19980812,     
  324,19980813,     
  324,19980814,     
  324,19980815,     
  324,19980816,     
  324,19980817,     
  324,19980818,     
  324,19980819,     
  324,19980820,     
  324,19980821,     
  324,19980822,     
  324,19980823,     
  324,19980824,     
  324,19980825,     
  324,19980826,     
  324,19980827,     
  324,19980828,     
  324,19980829,     
  324,19980830,     
  324,19980831,     
  324,19980901,     
  324,19980902,     
  324,19980903,     
  324,19980904,     
  324,19980905,     
  324,19980906,     
  324,19980907,     
  324,19980908,     
  324,19980909,     
  324,19980910,     
  324,19980911,     
  324,19980912,     
  324,19980913,     
  324,19980914,     
  324,19980915,     
  324,19980916,     
  324,19980917,     
  324,19980918,     
  324,19980919,     
  324,19980920,     
  324,19980921,     
  324,19980922,     
  324,19980923,     
  324,19980924,     
  324,19980925,     
  324,19980926,     
  324,19980927,     
  324,19980928,     
  324,19980929,     
  324,19980930,     
  324,19981001,     
  324,19981002,     
  324,19981003,     
  324,19981004,     
  324,19981005,     
  324,19981006,     
  324,19981007,     
  324,19981008,     
  324,19981009,     
  324,19981010,     
  324,19981011,     
  324,19981012,     
  324,19981013,     
  324,19981014,     
  324,19981015,     
  324,19981016,     
  324,19981017,     
  324,19981018,     
  324,19981019,     
  324,19981020,     
  324,19981021,     
  324,19981022,     
  324,19981023,     
  324,19981024,     
  324,19981025,     
  324,19981026,     
  324,19981027,     
  324,19981028,     
  324,19981029,     
  324,19981030,     
  324,19981031,     
  324,19981101,     
  324,19981102,     
  324,19981103,     
  324,19981104,     
  324,19981105,     
  324,19981106,     
  324,19981107,     
  324,19981108,     
  324,19981109,     
  324,19981110,     
  324,19981111,     
  324,19981112,     
  324,19981113,     
  324,19981114,     
  324,19981115,     
  324,19981116,     
  324,19981117,     
  324,19981118,     
  324,19981119,     
  324,19981120,     
  324,19981121,     
  324,19981122,     
  324,19981123,     
  324,19981124,     
  324,19981125,     
  324,19981126,     
  324,19981127,     
  324,19981128,     
  324,19981129,     
  324,19981130,     
  324,19981201,     
  324,19981202,     
  324,19981203,     
  324,19981204,     
  324,19981205,     
  324,19981206,     
  324,19981207,     
  324,19981208,     
  324,19981209,     
  324,19981210,     
  324,19981211,     
  324,19981212,     
  324,19981213,     
  324,19981214,     
  324,19981215,     
  324,19981216,     
  324,19981217,     
  324,19981218,     
  324,19981219,     
  324,19981220,     
  324,19981221,     
  324,19981222,     
  324,19981223,     
  324,19981224,     
  324,19981225,     
  324,19981226,     
  324,19981227,     
  324,19981228,     
  324,19981229,     
  324,19981230,     
  324,19981231,     
  324,19990101,     
  324,19990102,     
  324,19990103,     
  324,19990104,     
  324,19990105,     
  324,19990106,     
  324,19990107,     
  324,19990108,     
  324,19990109,     
  324,19990110,     
  324,19990111,     
  324,19990112,     
  324,19990113,     
  324,19990114,     
  324,19990115,     
  324,19990116,     
  324,19990117,     
  324,19990118,     
  324,19990119,     
  324,19990120,     
  324,19990121,     
  324,19990122,     
  324,19990123,     
  324,19990124,     
  324,19990125,     
  324,19990126,     
  324,19990127,     
  324,19990128,     
  324,19990129,     
  324,19990130,     
  324,19990131,     
  324,19990201,     
  324,19990202,     
  324,19990203,     
  324,19990204,     
  324,19990205,     
  324,19990206,     
  324,19990207,     
  324,19990208,     
  324,19990209,     
  324,19990210,     
  324,19990211,     
  324,19990212,     
  324,19990213,     
  324,19990214,     
  324,19990215,     
  324,19990216,     
  324,19990217,     
  324,19990218,     
  324,19990219,     
  324,19990220,     
  324,19990221,     
  324,19990222,     
  324,19990223,     
  324,19990224,     
  324,19990225,     
  324,19990226,     
  324,19990227,     
  324,19990228,     
  324,19990301,     
  324,19990302,     
  324,19990303,     
  324,19990304,     
  324,19990305,     
  324,19990306,     
  324,19990307,     
  324,19990308,     
  324,19990309,     
  324,19990310,     
  324,19990311,     
  324,19990312,     
  324,19990313,     
  324,19990314,     
  324,19990315,     
  324,19990316,     
  324,19990317,     
  324,19990318,     
  324,19990319,     
  324,19990320,     
  324,19990321,     
  324,19990322,     
  324,19990323,     
  324,19990324,     
  324,19990325,     
  324,19990326,     
  324,19990327,     
  324,19990328,     
  324,19990329,     
  324,19990330,     
  324,19990331,     
  324,19990401,     
  324,19990402,     
  324,19990403,     
  324,19990404,     
  324,19990405,     
  324,19990406,     
  324,19990407,     
  324,19990408,     
  324,19990409,     
  324,19990410,     
  324,19990411,     
  324,19990412,     
  324,19990413,     
  324,19990414,     
  324,19990415,     
  324,19990416,     
  324,19990417,     
  324,19990418,     
  324,19990419,     
  324,19990420,     
  324,19990421,     
  324,19990422,     
  324,19990423,     
  324,19990424,     
  324,19990425,     
  324,19990426,     
  324,19990427,     
  324,19990428,     
  324,19990429,     
  324,19990430,     
  324,19990501,     
  324,19990502,     
  324,19990503,     
  324,19990504,     
  324,19990505,     
  324,19990506,     
  324,19990507,     
  324,19990508,     
  324,19990509,     
  324,19990510,     
  324,19990511,     
  324,19990512,     
  324,19990513,     
  324,19990514,     
  324,19990515,     
  324,19990516,     
  324,19990517,     
  324,19990518,     
  324,19990519,     
  324,19990520,     
  324,19990521,     
  324,19990522,     
  324,19990523,     
  324,19990524,     
  324,19990525,     
  324,19990526,     
  324,19990527,     
  324,19990528,     
  324,19990529,     
  324,19990530,     
  324,19990531,     
  324,19990601,     
  324,19990602,     
  324,19990603,     
  324,19990604,     
  324,19990605,     
  324,19990606,     
  324,19990607,     
  324,19990608,     
  324,19990609,     
  324,19990610,     
  324,19990611,     
  324,19990612,     
  324,19990613,     
  324,19990614,     
  324,19990615,     
  324,19990616,     
  324,19990617,     
  324,19990618,     
  324,19990619,     
  324,19990620,     
  324,19990621,     
  324,19990622,     
  324,19990623,     
  324,19990624,     
  324,19990625,     
  324,19990626,     
  324,19990627,     
  324,19990628,     
  324,19990629,     
  324,19990630,     
  324,19990701,     
  324,19990702,     
  324,19990703,     
  324,19990704,     
  324,19990705,     
  324,19990706,     
  324,19990707,     
  324,19990708,     
  324,19990709,     
  324,19990710,     
  324,19990711,     
  324,19990712,     
  324,19990713,     
  324,19990714,     
  324,19990715,     
  324,19990716,     
  324,19990717,     
  324,19990718,     
  324,19990719,     
  324,19990720,     
  324,19990721,     
  324,19990722,     
  324,19990723,     
  324,19990724,     
  324,19990725,     
  324,19990726,     
  324,19990727,     
  324,19990728,     
  324,19990729,     
  324,19990730,     
  324,19990731,     
  324,19990801,     
  324,19990802,     
  324,19990803,     
  324,19990804,     
  324,19990805,     
  324,19990806,     
  324,19990807,     
  324,19990808,     
  324,19990809,     
  324,19990810,     
  324,19990811,     
  324,19990812,     
  324,19990813,     
  324,19990814,     
  324,19990815,     
  324,19990816,     
  324,19990817,     
  324,19990818,     
  324,19990819,     
  324,19990820,     
  324,19990821,     
  324,19990822,     
  324,19990823,     
  324,19990824,     
  324,19990825,     
  324,19990826,     
  324,19990827,     
  324,19990828,     
  324,19990829,     
  324,19990830,     
  324,19990831,     
  324,19990901,     
  324,19990902,     
  324,19990903,     
  324,19990904,     
  324,19990905,     
  324,19990906,     
  324,19990907,     
  324,19990908,     
  324,19990909,     
  324,19990910,     
  324,19990911,     
  324,19990912,     
  324,19990913,     
  324,19990914,     
  324,19990915,     
  324,19990916,     
  324,19990917,     
  324,19990918,     
  324,19990919,     
  324,19990920,     
  324,19990921,     
  324,19990922,     
  324,19990923,     
  324,19990924,     
  324,19990925,     
  324,19990926,     
  324,19990927,     
  324,19990928,     
  324,19990929,     
  324,19990930,     
  324,19991001,     
  324,19991002,     
  324,19991003,     
  324,19991004,     
  324,19991005,     
  324,19991006,     
  324,19991007,     
  324,19991008,     
  324,19991009,     
  324,19991010,     
  324,19991011,     
  324,19991012,     
  324,19991013,     
  324,19991014,     
  324,19991015,     
  324,19991016,     
  324,19991017,     
  324,19991018,     
  324,19991019,     
  324,19991020,     
  324,19991021,     
  324,19991022,     
  324,19991023,     
  324,19991024,     
  324,19991025,     
  324,19991026,     
  324,19991027,     
  324,19991028,     
  324,19991029,     
  324,19991030,     
  324,19991031,     
  324,19991101,     
  324,19991102,     
  324,19991103,     
  324,19991104,     
  324,19991105,     
  324,19991106,     
  324,19991107,     
  324,19991108,     
  324,19991109,     
  324,19991110,     
  324,19991111,     
  324,19991112,     
  324,19991113,     
  324,19991114,     
  324,19991115,     
  324,19991116,     
  324,19991117,     
  324,19991118,     
  324,19991119,     
  324,19991120,     
  324,19991121,     
  324,19991122,     
  324,19991123,     
  324,19991124,     
  324,19991125,     
  324,19991126,     
  324,19991127,     
  324,19991128,     
  324,19991129,     
  324,19991130,     
  324,19991201,     
  324,19991202,     
  324,19991203,     
  324,19991204,     
  324,19991205,     
  324,19991206,     
  324,19991207,     
  324,19991208,     
  324,19991209,     
  324,19991210,     
  324,19991211,     
  324,19991212,     
  324,19991213,     
  324,19991214,     
  324,19991215,     
  324,19991216,     
  324,19991217,     
  324,19991218,     
  324,19991219,     
  324,19991220,     
  324,19991221,     
  324,19991222,     
  324,19991223,     
  324,19991224,     
  324,19991225,     
  324,19991226,     
  324,19991227,     
  324,19991228,     
  324,19991229,     
  324,19991230,     
  324,19991231,     
  324,20000101,     
  324,20000102,     
  324,20000103,     
  324,20000104,     
  324,20000105,     
  324,20000106,     
  324,20000107,     
  324,20000108,     
  324,20000109,     
  324,20000110,     
  324,20000111,     
  324,20000112,     
  324,20000113,     
  324,20000114,     
  324,20000115,     
  324,20000116,     
  324,20000117,     
  324,20000118,     
  324,20000119,     
  324,20000120,     
  324,20000121,     
  324,20000122,     
  324,20000123,     
  324,20000124,     
  324,20000125,     
  324,20000126,     
  324,20000127,     
  324,20000128,     
  324,20000129,     
  324,20000130,     
  324,20000131,     
  324,20000201,     
  324,20000202,     
  324,20000203,     
  324,20000204,     
  324,20000205,     
  324,20000206,     
  324,20000207,     
  324,20000208,     
  324,20000209,     
  324,20000210,     
  324,20000211,     
  324,20000212,     
  324,20000213,     
  324,20000214,     
  324,20000215,     
  324,20000216,     
  324,20000217,     
  324,20000218,     
  324,20000219,     
  324,20000220,     
  324,20000221,     
  324,20000222,     
  324,20000223,     
  324,20000224,     
  324,20000225,     
  324,20000226,     
  324,20000227,     
  324,20000228,     
  324,20000229,     
  324,20000301,     
  324,20000302,     
  324,20000303,     
  324,20000304,     
  324,20000305,     
  324,20000306,     
  324,20000307,     
  324,20000308,     
  324,20000309,     
  324,20000310,     
  324,20000311,     
  324,20000312,     
  324,20000313,     
  324,20000314,     
  324,20000315,     
  324,20000316,     
  324,20000317,     
  324,20000318,     
  324,20000319,     
  324,20000320,     
  324,20000321,     
  324,20000322,     
  324,20000323,     
  324,20000324,     
  324,20000325,     
  324,20000326,     
  324,20000327,     
  324,20000328,     
  324,20000329,     
  324,20000330,     
  324,20000331,     
  324,20000401,     
  324,20000402,     
  324,20000403,     
  324,20000404,     
  324,20000405,     
  324,20000406,     
  324,20000407,     
  324,20000408,     
  324,20000409,     
  324,20000410,     
  324,20000411,     
  324,20000412,     
  324,20000413,     
  324,20000414,     
  324,20000415,     
  324,20000416,     
  324,20000417,     
  324,20000418,     
  324,20000419,     
  324,20000420,     
  324,20000421,     
  324,20000422,     
  324,20000423,     
  324,20000424,     
  324,20000425,     
  324,20000426,     
  324,20000427,     
  324,20000428,     
  324,20000429,     
  324,20000430,     
  324,20000501,     
  324,20000502,     
  324,20000503,     
  324,20000504,     
  324,20000505,     
  324,20000506,     
  324,20000507,     
  324,20000508,     
  324,20000509,     
  324,20000510,     
  324,20000511,     
  324,20000512,     
  324,20000513,     
  324,20000514,     
  324,20000515,     
  324,20000516,     
  324,20000517,     
  324,20000518,     
  324,20000519,     
  324,20000520,     
  324,20000521,     
  324,20000522,     
  324,20000523,     
  324,20000524,     
  324,20000525,     
  324,20000526,     
  324,20000527,     
  324,20000528,     
  324,20000529,     
  324,20000530,     
  324,20000531,     
  324,20000601,     
  324,20000602,     
  324,20000603,     
  324,20000604,     
  324,20000605,     
  324,20000606,     
  324,20000607,     
  324,20000608,     
  324,20000609,     
  324,20000610,     
  324,20000611,     
  324,20000612,     
  324,20000613,     
  324,20000614,     
  324,20000615,     
  324,20000616,     
  324,20000617,     
  324,20000618,     
  324,20000619,     
  324,20000620,     
  324,20000621,     
  324,20000622,     
  324,20000623,     
  324,20000624,     
  324,20000625,     
  324,20000626,     
  324,20000627,     
  324,20000628,     
  324,20000629,     
  324,20000630,     
  324,20000701,     
  324,20000702,     
  324,20000703,     
  324,20000704,     
  324,20000705,     
  324,20000706,     
  324,20000707,     
  324,20000708,     
  324,20000709,     
  324,20000710,     
  324,20000711,     
  324,20000712,     
  324,20000713,     
  324,20000714,     
  324,20000715,     
  324,20000716,     
  324,20000717,     
  324,20000718,     
  324,20000719,     
  324,20000720,     
  324,20000721,     
  324,20000722,     
  324,20000723,     
  324,20000724,     
  324,20000725,     
  324,20000726,     
  324,20000727,     
  324,20000728,     
  324,20000729,     
  324,20000730,     
  324,20000731,     
  324,20000801,     
  324,20000802,     
  324,20000803,     
  324,20000804,     
  324,20000805,     
  324,20000806,     
  324,20000807,     
  324,20000808,     
  324,20000809,     
  324,20000810,     
  324,20000811,     
  324,20000812,     
  324,20000813,     
  324,20000814,     
  324,20000815,     
  324,20000816,     
  324,20000817,     
  324,20000818,     
  324,20000819,     
  324,20000820,     
  324,20000821,     
  324,20000822,     
  324,20000823,     
  324,20000824,     
  324,20000825,     
  324,20000826,     
  324,20000827,     
  324,20000828,     
  324,20000829,     
  324,20000830,     
  324,20000831,     
  324,20000901,     
  324,20000902,     
  324,20000903,     
  324,20000904,     
  324,20000905,     
  324,20000906,     
  324,20000907,     
  324,20000908,     
  324,20000909,     
  324,20000910,     
  324,20000911,     
  324,20000912,     
  324,20000913,     
  324,20000914,     
  324,20000915,     
  324,20000916,     
  324,20000917,     
  324,20000918,     
  324,20000919,     
  324,20000920,     
  324,20000921,     
  324,20000922,     
  324,20000923,     
  324,20000924,     
  324,20000925,     
  324,20000926,     
  324,20000927,     
  324,20000928,     
  324,20000929,     
  324,20000930,     
  324,20001001,     
  324,20001002,     
  324,20001003,     
  324,20001004,     
  324,20001005,     
  324,20001006,     
  324,20001007,     
  324,20001008,     
  324,20001009,     
  324,20001010,     
  324,20001011,     
  324,20001012,     
  324,20001013,     
  324,20001014,     
  324,20001015,     
  324,20001016,     
  324,20001017,     
  324,20001018,     
  324,20001019,     
  324,20001020,     
  324,20001021,     
  324,20001022,     
  324,20001023,     
  324,20001024,     
  324,20001025,     
  324,20001026,     
  324,20001027,     
  324,20001028,     
  324,20001029,     
  324,20001030,     
  324,20001031,     
  324,20001101,     
  324,20001102,     
  324,20001103,     
  324,20001104,     
  324,20001105,     
  324,20001106,     
  324,20001107,     
  324,20001108,     
  324,20001109,     
  324,20001110,     
  324,20001111,     
  324,20001112,     
  324,20001113,     
  324,20001114,     
  324,20001115,     
  324,20001116,     
  324,20001117,     
  324,20001118,     
  324,20001119,     
  324,20001120,     
  324,20001121,     
  324,20001122,     
  324,20001123,     
  324,20001124,     
  324,20001125,     
  324,20001126,     
  324,20001127,     
  324,20001128,     
  324,20001129,     
  324,20001130,     
  324,20001201,     
  324,20001202,     
  324,20001203,     
  324,20001204,     
  324,20001205,     
  324,20001206,     
  324,20001207,     
  324,20001208,     
  324,20001209,     
  324,20001210,     
  324,20001211,     
  324,20001212,     
  324,20001213,     
  324,20001214,     
  324,20001215,     
  324,20001216,     
  324,20001217,     
  324,20001218,     
  324,20001219,     
  324,20001220,     
  324,20001221,     
  324,20001222,     
  324,20001223,     
  324,20001224,     
  324,20001225,     
  324,20001226,     
  324,20001227,     
  324,20001228,     
  324,20001229,     
  324,20001230,     
  324,20001231,     
  324,20010101,     
  324,20010102,     
  324,20010103,     
  324,20010104,     
  324,20010105,     
  324,20010106,     
  324,20010107,     
  324,20010108,     
  324,20010109,     
  324,20010110,     
  324,20010111,     
  324,20010112,     
  324,20010113,     
  324,20010114,     
  324,20010115,     
  324,20010116,     
  324,20010117,     
  324,20010118,     
  324,20010119,     
  324,20010120,     
  324,20010121,     
  324,20010122,     
  324,20010123,     
  324,20010124,     
  324,20010125,     
  324,20010126,     
  324,20010127,     
  324,20010128,     
  324,20010129,     
  324,20010130,     
  324,20010131,     
  324,20010201,     
  324,20010202,     
  324,20010203,     
  324,20010204,     
  324,20010205,     
  324,20010206,     
  324,20010207,     
  324,20010208,     
  324,20010209,     
  324,20010210,     
  324,20010211,     
  324,20010212,     
  324,20010213,     
  324,20010214,     
  324,20010215,     
  324,20010216,     
  324,20010217,     
  324,20010218,     
  324,20010219,     
  324,20010220,     
  324,20010221,     
  324,20010222,     
  324,20010223,     
  324,20010224,     
  324,20010225,     
  324,20010226,     
  324,20010227,     
  324,20010228,     
  324,20010301,     
  324,20010302,     
  324,20010303,     
  324,20010304,     
  324,20010305,     
  324,20010306,     
  324,20010307,     
  324,20010308,     
  324,20010309,     
  324,20010310,     
  324,20010311,     
  324,20010312,     
  324,20010313,     
  324,20010314,     
  324,20010315,     
  324,20010316,     
  324,20010317,     
  324,20010318,     
  324,20010319,     
  324,20010320,     
  324,20010321,     
  324,20010322,     
  324,20010323,     
  324,20010324,     
  324,20010325,     
  324,20010326,     
  324,20010327,     
  324,20010328,     
  324,20010329,     
  324,20010330,     
  324,20010331,     
  324,20010401,     
  324,20010402,     
  324,20010403,     
  324,20010404,     
  324,20010405,     
  324,20010406,     
  324,20010407,     
  324,20010408,     
  324,20010409,     
  324,20010410,     
  324,20010411,     
  324,20010412,     
  324,20010413,     
  324,20010414,     
  324,20010415,     
  324,20010416,     
  324,20010417,     
  324,20010418,     
  324,20010419,     
  324,20010420,     
  324,20010421,     
  324,20010422,     
  324,20010423,     
  324,20010424,     
  324,20010425,     
  324,20010426,     
  324,20010427,     
  324,20010428,     
  324,20010429,     
  324,20010430,     
  324,20010501,     
  324,20010502,     
  324,20010503,     
  324,20010504,     
  324,20010505,     
  324,20010506,     
  324,20010507,     
  324,20010508,     
  324,20010509,     
  324,20010510,     
  324,20010511,     
  324,20010512,     
  324,20010513,     
  324,20010514,     
  324,20010515,     
  324,20010516,     
  324,20010517,     
  324,20010518,     
  324,20010519,     
  324,20010520,     
  324,20010521,     
  324,20010522,     
  324,20010523,     
  324,20010524,     
  324,20010525,     
  324,20010526,     
  324,20010527,     
  324,20010528,     
  324,20010529,     
  324,20010530,     
  324,20010531,     
  324,20010601,     
  324,20010602,     
  324,20010603,     
  324,20010604,     
  324,20010605,     
  324,20010606,     
  324,20010607,     
  324,20010608,     
  324,20010609,     
  324,20010610,     
  324,20010611,     
  324,20010612,     
  324,20010613,     
  324,20010614,     
  324,20010615,     
  324,20010616,     
  324,20010617,     
  324,20010618,     
  324,20010619,     
  324,20010620,     
  324,20010621,     
  324,20010622,     
  324,20010623,     
  324,20010624,     
  324,20010625,     
  324,20010626,     
  324,20010627,     
  324,20010628,     
  324,20010629,     
  324,20010630,     
  324,20010701,     
  324,20010702,     
  324,20010703,     
  324,20010704,     
  324,20010705,     
  324,20010706,     
  324,20010707,     
  324,20010708,     
  324,20010709,     
  324,20010710,     
  324,20010711,     
  324,20010712,     
  324,20010713,     
  324,20010714,     
  324,20010715,     
  324,20010716,     
  324,20010717,     
  324,20010718,     
  324,20010719,     
  324,20010720,     
  324,20010721,     
  324,20010722,     
  324,20010723,     
  324,20010724,     
  324,20010725,     
  324,20010726,     
  330,19960726,    0
  330,19960727,    7
  330,19960728,    0
  330,19960729,    1
  330,19960730,   -1
  330,19960731,    4
  330,19960801,    0
  330,19960802,    0
  330,19960803,    0
  330,19960804,    0
  330,19960805,    0
  330,19960806,   87
  330,19960807,   -1
  330,19960808,    0
  330,19960809,   -1
  330,19960810,  180
  330,19960811,   15
  330,19960812,   81
  330,19960813,    5
  330,19960814,    0
  330,19960815,    0
  330,19960816,    0
  330,19960817,    0
  330,19960818,    0
  330,19960819,    0
  330,19960820,    0
  330,19960821,   54
  330,19960822,    0
  330,19960823,   20
  330,19960824,   89
  330,19960825,   42
  330,19960826,    0
  330,19960827,    0
  330,19960828,  179
  330,19960829,   84
  330,19960830,    2
  330,19960831,    8
  330,19960901,   -1
  330,19960902,    0
  330,19960903,    0
  330,19960904,    0
  330,19960905,    0
  330,19960906,    0
  330,19960907,    0
  330,19960908,    0
  330,19960909,   16
  330,19960910,    9
  330,19960911,   26
  330,19960912,   67
  330,19960913,    8
  330,19960914,    3
  330,19960915,   -1
  330,19960916,    0
  330,19960917,    0
  330,19960918,    0
  330,19960919,    0
  330,19960920,    0
  330,19960921,    0
  330,19960922,   12
  330,19960923,   62
  330,19960924,    0
  330,19960925,    0
  330,19960926,   51
  330,19960927,   59
  330,19960928,    0
  330,19960929,   53
  330,19960930,  100
  330,19961001,   28
  330,19961002,  123
  330,19961003,    5
  330,19961004,   63
  330,19961005,  130
  330,19961006,    1
  330,19961007,    0
  330,19961008,    0
  330,19961009,   17
  330,19961010,    1
  330,19961011,    0
  330,19961012,    0
  330,19961013,    0
  330,19961014,    0
  330,19961015,    8
  330,19961016,    0
  330,19961017,    0
  330,19961018,   41
  330,19961019,   14
  330,19961020,   94
  330,19961021,    6
  330,19961022,    0
  330,19961023,    0
  330,19961024,    0
  330,19961025,    8
  330,19961026,    3
  330,19961027,   35
  330,19961028,    8
  330,19961029,  168
  330,19961030,   -1
  330,19961031,  154
  330,19961101,    4
  330,19961102,   14
  330,19961103,   67
  330,19961104,   68
  330,19961105,   47
  330,19961106,   57
  330,19961107,  122
  330,19961108,   17
  330,19961109,    1
  330,19961110,  120
  330,19961111,   71
  330,19961112,   34
  330,19961113,   33
  330,19961114,    5
  330,19961115,    0
  330,19961116,    0
  330,19961117,   -1
  330,19961118,   67
  330,19961119,   61
  330,19961120,   74
  330,19961121,   63
  330,19961122,   63
  330,19961123,  147
  330,19961124,   37
  330,19961125,  125
  330,19961126,   36
  330,19961127,    0
  330,19961128,    3
  330,19961129,  126
  330,19961130,   20
  330,19961201,    8
  330,19961202,    0
  330,19961203,   89
  330,19961204,    2
  330,19961205,    0
  330,19961206,    1
  330,19961207,   -1
  330,19961208,    0
  330,19961209,    0
  330,19961210,    0
  330,19961211,   -1
  330,19961212,   -1
  330,19961213,   -1
  330,19961214,   -1
  330,19961215,   -1
  330,19961216,    0
  330,19961217,    0
  330,19961218,   20
  330,19961219,  206
  330,19961220,   -1
  330,19961221,    0
  330,19961222,    0
  330,19961223,    0
  330,19961224,    0
  330,19961225,   -1
  330,19961226,    0
  330,19961227,   -1
  330,19961228,    0
  330,19961229,   14
  330,19961230,   -1
  330,19961231,    0
  330,19970101,    0
  330,19970102,    0
  330,19970103,    0
  330,19970104,    0
  330,19970105,    0
  330,19970106,    0
  330,19970107,   -1
  330,19970108,    0
  330,19970109,   -1
  330,19970110,   -1
  330,19970111,    0
  330,19970112,    2
  330,19970113,   -1
  330,19970114,    0
  330,19970115,    0
  330,19970116,    0
  330,19970117,   -1
  330,19970118,   -1
  330,19970119,   13
  330,19970120,   -1
  330,19970121,    0
  330,19970122,   -1
  330,19970123,   -1
  330,19970124,    2
  330,19970125,    0
  330,19970126,    0
  330,19970127,    1
  330,19970128,    2
  330,19970129,    0
  330,19970130,    0
  330,19970131,    1
  330,19970201,    0
  330,19970202,    3
  330,19970203,    0
  330,19970204,  141
  330,19970205,   61
  330,19970206,    0
  330,19970207,   20
  330,19970208,    0
  330,19970209,    1
  330,19970210,   38
  330,19970211,   43
  330,19970212,  120
  330,19970213,   81
  330,19970214,    0
  330,19970215,    0
  330,19970216,   19
  330,19970217,   39
  330,19970218,   75
  330,19970219,   24
  330,19970220,   -1
  330,19970221,   -1
  330,19970222,   -1
  330,19970223,    0
  330,19970224,   42
  330,19970225,    1
  330,19970226,    5
  330,19970227,   -1
  330,19970228,    3
  330,19970301,    0
  330,19970302,    2
  330,19970303,   -1
  330,19970304,   -1
  330,19970305,    0
  330,19970306,   27
  330,19970307,    0
  330,19970308,    0
  330,19970309,    0
  330,19970310,    0
  330,19970311,    0
  330,19970312,    0
  330,19970313,    0
  330,19970314,   17
  330,19970315,   -1
  330,19970316,   -1
  330,19970317,    0
  330,19970318,   74
  330,19970319,   42
  330,19970320,    1
  330,19970321,   -1
  330,19970322,    0
  330,19970323,   27
  330,19970324,    3
  330,19970325,    9
  330,19970326,    8
  330,19970327,    0
  330,19970328,    7
  330,19970329,    0
  330,19970330,    0
  330,19970331,    0
  330,19970401,    0
  330,19970402,    0
  330,19970403,   -1
  330,19970404,   -1
  330,19970405,   36
  330,19970406,    0
  330,19970407,    0
  330,19970408,    0
  330,19970409,    0
  330,19970410,    0
  330,19970411,   -1
  330,19970412,    9
  330,19970413,    0
  330,19970414,   -1
  330,19970415,   -1
  330,19970416,    7
  330,19970417,    0
  330,19970418,   -1
  330,19970419,    0
  330,19970420,    0
  330,19970421,   -1
  330,19970422,    2
  330,19970423,    0
  330,19970424,    0
  330,19970425,   18
  330,19970426,   19
  330,19970427,   -1
  330,19970428,   67
  330,19970429,    1
  330,19970430,    0
  330,19970501,    0
  330,19970502,    0
  330,19970503,    0
  330,19970504,   54
  330,19970505,  115
  330,19970506,   17
  330,19970507,   34
  330,19970508,   40
  330,19970509,   87
  330,19970510,  102
  330,19970511,   66
  330,19970512,   -1
  330,19970513,    0
  330,19970514,   23
  330,19970515,    0
  330,19970516,   -1
  330,19970517,    0
  330,19970518,   16
  330,19970519,    8
  330,19970520,  209
  330,19970521,  112
  330,19970522,   21
  330,19970523,    0
  330,19970524,    0
  330,19970525,    0
  330,19970526,   -1
  330,19970527,   -1
  330,19970528,    0
  330,19970529,    0
  330,19970530,    0
  330,19970531,    0
  330,19970601,   -1
  330,19970602,    0
  330,19970603,    0
  330,19970604,    0
  330,19970605,   -1
  330,19970606,   -1
  330,19970607,  322
  330,19970608,  112
  330,19970609,    0
  330,19970610,    0
  330,19970611,   70
  330,19970612,   -1
  330,19970613,    2
  330,19970614,    1
  330,19970615,    0
  330,19970616,    0
  330,19970617,    0
  330,19970618,    0
  330,19970619,   41
  330,19970620,   47
  330,19970621,   34
  330,19970622,   44
  330,19970623,   15
  330,19970624,   -1
  330,19970625,   28
  330,19970626,   80
  330,19970627,  242
  330,19970628,   51
  330,19970629,  116
  330,19970630,   34
  330,19970701,   20
  330,19970702,  140
  330,19970703,    4
  330,19970704,   27
  330,19970705,    0
  330,19970706,   44
  330,19970707,    0
  330,19970708,    0
  330,19970709,   -1
  330,19970710,    0
  330,19970711,    0
  330,19970712,    0
  330,19970713,    0
  330,19970714,    0
  330,19970715,   -1
  330,19970716,    4
  330,19970717,   28
  330,19970718,   44
  330,19970719,   -1
  330,19970720,   -1
  330,19970721,   -1
  330,19970722,   48
  330,19970723,    0
  330,19970724,   12
  330,19970725,   36
  330,19970726,   13
  330,19970727,   -1
  330,19970728,    0
  330,19970729,    0
  330,19970730,   -1
  330,19970731,   15
  330,19970801,   64
  330,19970802,    0
  330,19970803,    0
  330,19970804,    0
  330,19970805,    0
  330,19970806,    0
  330,19970807,    0
  330,19970808,    0
  330,19970809,    0
  330,19970810,    0
  330,19970811,    0
  330,19970812,    0
  330,19970813,    0
  330,19970814,   -1
  330,19970815,    0
  330,19970816,    0
  330,19970817,    0
  330,19970818,    0
  330,19970819,    0
  330,19970820,    0
  330,19970821,    0
  330,19970822,   21
  330,19970823,    0
  330,19970824,   15
  330,19970825,   75
  330,19970826,    0
  330,19970827,   41
  330,19970828,   33
  330,19970829,   99
  330,19970830,   38
  330,19970831,    0
  330,19970901,   52
  330,19970902,    1
  330,19970903,    3
  330,19970904,    2
  330,19970905,    0
  330,19970906,   -1
  330,19970907,   52
  330,19970908,    0
  330,19970909,   -1
  330,19970910,    0
  330,19970911,    0
  330,19970912,   52
  330,19970913,    7
  330,19970914,    0
  330,19970915,    0
  330,19970916,    0
  330,19970917,    0
  330,19970918,    0
  330,19970919,   -1
  330,19970920,    0
  330,19970921,    0
  330,19970922,    0
  330,19970923,    0
  330,19970924,    0
  330,19970925,    0
  330,19970926,    0
  330,19970927,    0
  330,19970928,    0
  330,19970929,    0
  330,19970930,   17
  330,19971001,    6
  330,19971002,   -1
  330,19971003,   -1
  330,19971004,    0
  330,19971005,    0
  330,19971006,   35
  330,19971007,  134
  330,19971008,  132
  330,19971009,   70
  330,19971010,  298
  330,19971011,   44
  330,19971012,   56
  330,19971013,   88
  330,19971014,   60
  330,19971015,  139
  330,19971016,   -1
  330,19971017,    4
  330,19971018,    0
  330,19971019,    0
  330,19971020,    0
  330,19971021,    0
  330,19971022,    0
  330,19971023,   -1
  330,19971024,   22
  330,19971025,    5
  330,19971026,   13
  330,19971027,   -1
  330,19971028,    0
  330,19971029,    0
  330,19971030,    0
  330,19971031,    0
  330,19971101,    0
  330,19971102,   -1
  330,19971103,    0
  330,19971104,   28
  330,19971105,   -1
  330,19971106,   35
  330,19971107,  134
  330,19971108,   23
  330,19971109,   -1
  330,19971110,    2
  330,19971111,    5
  330,19971112,    0
  330,19971113,    0
  330,19971114,   -1
  330,19971115,   10
  330,19971116,    1
  330,19971117,   -1
  330,19971118,    0
  330,19971119,   25
  330,19971120,   23
  330,19971121,    8
  330,19971122,   -1
  330,19971123,   -1
  330,19971124,   -1
  330,19971125,    0
  330,19971126,    5
  330,19971127,   95
  330,19971128,   48
  330,19971129,   11
  330,19971130,   13
  330,19971201,   34
  330,19971202,    5
  330,19971203,   -1
  330,19971204,    0
  330,19971205,   14
  330,19971206,    2
  330,19971207,    0
  330,19971208,    8
  330,19971209,  129
  330,19971210,   99
  330,19971211,   20
  330,19971212,   28
  330,19971213,    1
  330,19971214,   26
  330,19971215,    0
  330,19971216,    0
  330,19971217,    3
  330,19971218,   14
  330,19971219,   33
  330,19971220,    0
  330,19971221,   -1
  330,19971222,    0
  330,19971223,   27
  330,19971224,   46
  330,19971225,   55
  330,19971226,   33
  330,19971227,   65
  330,19971228,   46
  330,19971229,    5
  330,19971230,    0
  330,19971231,   37
  330,19980101,   43
  330,19980102,   75
  330,19980103,  111
  330,19980104,   24
  330,19980105,   72
  330,19980106,   36
  330,19980107,   56
  330,19980108,   27
  330,19980109,    0
  330,19980110,    0
  330,19980111,    0
  330,19980112,    0
  330,19980113,    0
  330,19980114,   42
  330,19980115,   30
  330,19980116,   17
  330,19980117,    6
  330,19980118,  140
  330,19980119,  105
  330,19980120,    6
  330,19980121,    0
  330,19980122,    0
  330,19980123,   -1
  330,19980124,    1
  330,19980125,    0
  330,19980126,    0
  330,19980127,    0
  330,19980128,   -1
  330,19980129,   -1
  330,19980130,    8
  330,19980131,   -1
  330,19980201,    0
  330,19980202,   18
  330,19980203,    3
  330,19980204,    0
  330,19980205,    0
  330,19980206,    0
  330,19980207,   30
  330,19980208,    0
  330,19980209,    0
  330,19980210,    0
  330,19980211,    0
  330,19980212,    0
  330,19980213,    0
  330,19980214,    0
  330,19980215,    0
  330,19980216,   -1
  330,19980217,   -1
  330,19980218,    0
  330,19980219,   -1
  330,19980220,    0
  330,19980221,   74
  330,19980222,    7
  330,19980223,   11
  330,19980224,    0
  330,19980225,    0
  330,19980226,   -1
  330,19980227,    0
  330,19980228,   48
  330,19980301,   15
  330,19980302,   48
  330,19980303,  137
  330,19980304,   55
  330,19980305,   94
  330,19980306,  252
  330,19980307,   96
  330,19980308,   -1
  330,19980309,    0
  330,19980310,    1
  330,19980311,  131
  330,19980312,    4
  330,19980313,    6
  330,19980314,    3
  330,19980315,    0
  330,19980316,    0
  330,19980317,    0
  330,19980318,    0
  330,19980319,    0
  330,19980320,    1
  330,19980321,   -1
  330,19980322,   -1
  330,19980323,    1
  330,19980324,    0
  330,19980325,    0
  330,19980326,   80
  330,19980327,    0
  330,19980328,    0
  330,19980329,   -1
  330,19980330,    0
  330,19980331,    0
  330,19980401,    2
  330,19980402,   21
  330,19980403,   34
  330,19980404,   49
  330,19980405,    8
  330,19980406,    2
  330,19980407,   10
  330,19980408,    1
  330,19980409,   94
  330,19980410,    1
  330,19980411,    4
  330,19980412,    1
  330,19980413,  137
  330,19980414,  157
  330,19980415,   92
  330,19980416,    8
  330,19980417,   11
  330,19980418,   17
  330,19980419,   -1
  330,19980420,   58
  330,19980421,   -1
  330,19980422,    0
  330,19980423,   30
  330,19980424,    5
  330,19980425,  113
  330,19980426,    0
  330,19980427,   15
  330,19980428,    3
  330,19980429,    0
  330,19980430,   -1
  330,19980501,    0
  330,19980502,  251
  330,19980503,    0
  330,19980504,    0
  330,19980505,    1
  330,19980506,   20
  330,19980507,   -1
  330,19980508,    0
  330,19980509,    0
  330,19980510,    0
  330,19980511,    0
  330,19980512,    0
  330,19980513,    0
  330,19980514,    0
  330,19980515,    0
  330,19980516,    0
  330,19980517,    0
  330,19980518,    0
  330,19980519,    0
  330,19980520,   -1
  330,19980521,   -1
  330,19980522,   -1
  330,19980523,    8
  330,19980524,   25
  330,19980525,   34
  330,19980526,   24
  330,19980527,   64
  330,19980528,    4
  330,19980529,   29
  330,19980530,   -1
  330,19980531,    0
  330,19980601,    0
  330,19980602,   89
  330,19980603,    2
  330,19980604,    0
  330,19980605,   75
  330,19980606,  172
  330,19980607,   14
  330,19980608,   10
  330,19980609,  121
  330,19980610,   12
  330,19980611,  270
  330,19980612,   56
  330,19980613,    3
  330,19980614,   43
  330,19980615,    3
  330,19980616,    2
  330,19980617,    8
  330,19980618,   92
  330,19980619,    0
  330,19980620,    0
  330,19980621,   12
  330,19980622,    0
  330,19980623,   36
  330,19980624,    0
  330,19980625,   76
  330,19980626,   -1
  330,19980627,  134
  330,19980628,    2
  330,19980629,    7
  330,19980630,   80
  330,19980701,    0
  330,19980702,   -1
  330,19980703,    0
  330,19980704,   -1
  330,19980705,   -1
  330,19980706,    0
  330,19980707,   12
  330,19980708,   -1
  330,19980709,   -1
  330,19980710,   -1
  330,19980711,   11
  330,19980712,   76
  330,19980713,   -1
  330,19980714,   -1
  330,19980715,   40
  330,19980716,  225
  330,19980717,   10
  330,19980718,    0
  330,19980719,    0
  330,19980720,    1
  330,19980721,   65
  330,19980722,    0
  330,19980723,    1
  330,19980724,    0
  330,19980725,    0
  330,19980726,    0
  330,19980727,    2
  330,19980728,   -1
  330,19980729,   40
  330,19980730,  139
  330,19980731,    1
  330,19980801,   12
  330,19980802,    0
  330,19980803,   12
  330,19980804,   30
  330,19980805,    0
  330,19980806,    0
  330,19980807,    0
  330,19980808,    0
  330,19980809,    0
  330,19980810,    0
  330,19980811,    0
  330,19980812,    0
  330,19980813,    0
  330,19980814,   -1
  330,19980815,   -1
  330,19980816,    0
  330,19980817,    0
  330,19980818,   -1
  330,19980819,    0
  330,19980820,   -1
  330,19980821,  227
  330,19980822,   14
  330,19980823,  173
  330,19980824,   36
  330,19980825,    3
  330,19980826,   79
  330,19980827,  119
  330,19980828,    1
  330,19980829,   37
  330,19980830,   20
  330,19980831,    0
  330,19980901,   57
  330,19980902,  140
  330,19980903,   31
  330,19980904,   -1
  330,19980905,  230
  330,19980906,    4
  330,19980907,    8
  330,19980908,   89
  330,19980909,   61
  330,19980910,   68
  330,19980911,   57
  330,19980912,   66
  330,19980913,  876
  330,19980914,  327
  330,19980915,  166
  330,19980916,   27
  330,19980917,   13
  330,19980918,    0
  330,19980919,   17
  330,19980920,   -1
  330,19980921,    0
  330,19980922,    0
  330,19980923,    0
  330,19980924,    0
  330,19980925,    1
  330,19980926,   26
  330,19980927,   20
  330,19980928,   -1
  330,19980929,   -1
  330,19980930,   19
  330,19981001,    0
  330,19981002,   -1
  330,19981003,   -1
  330,19981004,    2
  330,19981005,    2
  330,19981006,    0
  330,19981007,   27
  330,19981008,  176
  330,19981009,   55
  330,19981010,   84
  330,19981011,   30
  330,19981012,  147
  330,19981013,   16
  330,19981014,   34
  330,19981015,    0
  330,19981016,    1
  330,19981017,  104
  330,19981018,   14
  330,19981019,   61
  330,19981020,    2
  330,19981021,   26
  330,19981022,    5
  330,19981023,   70
  330,19981024,  268
  330,19981025,   20
  330,19981026,   45
  330,19981027,   74
  330,19981028,   46
  330,19981029,   23
  330,19981030,   61
  330,19981031,  194
  330,19981101,   79
  330,19981102,   97
  330,19981103,  301
  330,19981104,  123
  330,19981105,   41
  330,19981106,   12
  330,19981107,    0
  330,19981108,  106
  330,19981109,   53
  330,19981110,   52
  330,19981111,   14
  330,19981112,   24
  330,19981113,   80
  330,19981114,   21
  330,19981115,   93
  330,19981116,   -1
  330,19981117,    2
  330,19981118,   97
  330,19981119,    1
  330,19981120,    0
  330,19981121,    0
  330,19981122,    0
  330,19981123,    0
  330,19981124,    0
  330,19981125,    1
  330,19981126,   64
  330,19981127,   10
  330,19981128,   32
  330,19981129,   54
  330,19981130,    0
  330,19981201,    0
  330,19981202,    0
  330,19981203,   -1
  330,19981204,   39
  330,19981205,   55
  330,19981206,   16
  330,19981207,    3
  330,19981208,   25
  330,19981209,   48
  330,19981210,    0
  330,19981211,   36
  330,19981212,  148
  330,19981213,    3
  330,19981214,   17
  330,19981215,  142
  330,19981216,    0
  330,19981217,    0
  330,19981218,   17
  330,19981219,   46
  330,19981220,   21
  330,19981221,    6
  330,19981222,    7
  330,19981223,    8
  330,19981224,   69
  330,19981225,   51
  330,19981226,   38
  330,19981227,   55
  330,19981228,   18
  330,19981229,    0
  330,19981230,    0
  330,19981231,    0
  330,19990101,   -1
  330,19990102,  100
  330,19990103,   70
  330,19990104,   50
  330,19990105,   13
  330,19990106,   -1
  330,19990107,   53
  330,19990108,   26
  330,19990109,   -1
  330,19990110,    0
  330,19990111,   -1
  330,19990112,  115
  330,19990113,   29
  330,19990114,   12
  330,19990115,   19
  330,19990116,   69
  330,19990117,    0
  330,19990118,    8
  330,19990119,   20
  330,19990120,    8
  330,19990121,   17
  330,19990122,    0
  330,19990123,    0
  330,19990124,   32
  330,19990125,    5
  330,19990126,  151
  330,19990127,   53
  330,19990128,   39
  330,19990129,    0
  330,19990130,    0
  330,19990131,    0
  330,19990201,   -1
  330,19990202,    0
  330,19990203,    0
  330,19990204,    0
  330,19990205,   37
  330,19990206,  105
  330,19990207,   93
  330,19990208,   65
  330,19990209,   22
  330,19990210,   63
  330,19990211,   -1
  330,19990212,    0
  330,19990213,    0
  330,19990214,   13
  330,19990215,    5
  330,19990216,    5
  330,19990217,   28
  330,19990218,    8
  330,19990219,   39
  330,19990220,    0
  330,19990221,   79
  330,19990222,   79
  330,19990223,   22
  330,19990224,    2
  330,19990225,    1
  330,19990226,   13
  330,19990227,   20
  330,19990228,    1
  330,19990301,  174
  330,19990302,  145
  330,19990303,   11
  330,19990304,    9
  330,19990305,   53
  330,19990306,   14
  330,19990307,  119
  330,19990308,   22
  330,19990309,   22
  330,19990310,   33
  330,19990311,    0
  330,19990312,    0
  330,19990313,    0
  330,19990314,    0
  330,19990315,    0
  330,19990316,    7
  330,19990317,    4
  330,19990318,   54
  330,19990319,    1
  330,19990320,    1
  330,19990321,  113
  330,19990322,   61
  330,19990323,   51
  330,19990324,    0
  330,19990325,   12
  330,19990326,   35
  330,19990327,    0
  330,19990328,    0
  330,19990329,    0
  330,19990330,   40
  330,19990331,    0
  330,19990401,    0
  330,19990402,    0
  330,19990403,   78
  330,19990404,    0
  330,19990405,   19
  330,19990406,   21
  330,19990407,    1
  330,19990408,    0
  330,19990409,   -1
  330,19990410,    9
  330,19990411,    0
  330,19990412,   88
  330,19990413,   94
  330,19990414,   18
  330,19990415,    3
  330,19990416,   -1
  330,19990417,   -1
  330,19990418,    0
  330,19990419,   39
  330,19990420,   50
  330,19990421,   82
  330,19990422,   19
  330,19990423,   -1
  330,19990424,   -1
  330,19990425,    0
  330,19990426,    0
  330,19990427,    0
  330,19990428,    0
  330,19990429,    0
  330,19990430,    0
  330,19990501,    0
  330,19990502,    0
  330,19990503,    0
  330,19990504,    0
  330,19990505,   41
  330,19990506,    2
  330,19990507,   50
  330,19990508,    0
  330,19990509,    0
  330,19990510,   18
  330,19990511,    3
  330,19990512,    0
  330,19990513,   -1
  330,19990514,   -1
  330,19990515,    0
  330,19990516,   -1
  330,19990517,    0
  330,19990518,    2
  330,19990519,   -1
  330,19990520,    6
  330,19990521,    2
  330,19990522,   10
  330,19990523,   -1
  330,19990524,   -1
  330,19990525,   -1
  330,19990526,    0
  330,19990527,    0
  330,19990528,    0
  330,19990529,   -1
  330,19990530,   62
  330,19990531,    7
  330,19990601,    0
  330,19990602,  114
  330,19990603,   47
  330,19990604,   19
  330,19990605,   71
  330,19990606,   23
  330,19990607,   53
  330,19990608,  111
  330,19990609,    0
  330,19990610,   -1
  330,19990611,   23
  330,19990612,   -1
  330,19990613,   -1
  330,19990614,    0
  330,19990615,    0
  330,19990616,    0
  330,19990617,    0
  330,19990618,    0
  330,19990619,    0
  330,19990620,   48
  330,19990621,   71
  330,19990622,   -1
  330,19990623,   -1
  330,19990624,    1
  330,19990625,    0
  330,19990626,    0
  330,19990627,   52
  330,19990628,   33
  330,19990629,   77
  330,19990630,   -1
  330,19990701,   15
  330,19990702,   -1
  330,19990703,    3
  330,19990704,   29
  330,19990705,  164
  330,19990706,    0
  330,19990707,   12
  330,19990708,    0
  330,19990709,    0
  330,19990710,    0
  330,19990711,    0
  330,19990712,    0
  330,19990713,    1
  330,19990714,   40
  330,19990715,    0
  330,19990716,    0
  330,19990717,    0
  330,19990718,    0
  330,19990719,   16
  330,19990720,    8
  330,19990721,   -1
  330,19990722,   58
  330,19990723,   -1
  330,19990724,    0
  330,19990725,    0
  330,19990726,    0
  330,19990727,    0
  330,19990728,    0
  330,19990729,    0
  330,19990730,    0
  330,19990731,   -1
  330,19990801,   -1
  330,19990802,    0
  330,19990803,   -1
  330,19990804,    0
  330,19990805,   41
  330,19990806,    0
  330,19990807,  124
  330,19990808,   45
  330,19990809,   -1
  330,19990810,   79
  330,19990811,   -1
  330,19990812,   -1
  330,19990813,    5
  330,19990814,   92
  330,19990815,   20
  330,19990816,  188
  330,19990817,   22
  330,19990818,  390
  330,19990819,  155
  330,19990820,  150
  330,19990821,    1
  330,19990822,    0
  330,19990823,    0
  330,19990824,   -1
  330,19990825,   10
  330,19990826,    0
  330,19990827,    0
  330,19990828,    0
  330,19990829,    0
  330,19990830,    0
  330,19990831,    0
  330,19990901,    0
  330,19990902,    0
  330,19990903,    0
  330,19990904,    0
  330,19990905,    0
  330,19990906,    0
  330,19990907,    0
  330,19990908,    0
  330,19990909,   -1
  330,19990910,    0
  330,19990911,    0
  330,19990912,   -1
  330,19990913,   -1
  330,19990914,    9
  330,19990915,   67
  330,19990916,    7
  330,19990917,   -1
  330,19990918,    0
  330,19990919,    6
  330,19990920,    5
  330,19990921,   27
  330,19990922,  210
  330,19990923,    4
  330,19990924,   91
  330,19990925,   34
  330,19990926,   78
  330,19990927,   99
  330,19990928,   36
  330,19990929,   85
  330,19990930,  108
  330,19991001,   47
  330,19991002,   42
  330,19991003,  168
  330,19991004,  778
  330,19991005,   72
  330,19991006,    7
  330,19991007,   85
  330,19991008,   84
  330,19991009,    4
  330,19991010,    3
  330,19991011,    1
  330,19991012,    0
  330,19991013,    0
  330,19991014,    0
  330,19991015,    0
  330,19991016,    0
  330,19991017,    0
  330,19991018,    0
  330,19991019,    0
  330,19991020,    0
  330,19991021,   22
  330,19991022,  155
  330,19991023,   -1
  330,19991024,   16
  330,19991025,    9
  330,19991026,    0
  330,19991027,    0
  330,19991028,   -1
  330,19991029,    0
  330,19991030,   20
  330,19991031,    0
  330,19991101,   12
  330,19991102,   -1
  330,19991103,    0
  330,19991104,    0
  330,19991105,    6
  330,19991106,   49
  330,19991107,   35
  330,19991108,   13
  330,19991109,   10
  330,19991110,   31
  330,19991111,    0
  330,19991112,    0
  330,19991113,    7
  330,19991114,    3
  330,19991115,    0
  330,19991116,  117
  330,19991117,  204
  330,19991118,  116
  330,19991119,   64
  330,19991120,    3
  330,19991121,    1
  330,19991122,   40
  330,19991123,    0
  330,19991124,    0
  330,19991125,   33
  330,19991126,    0
  330,19991127,   19
  330,19991128,    0
  330,19991129,    1
  330,19991130,    6
  330,19991201,    4
  330,19991202,    0
  330,19991203,   33
  330,19991204,   74
  330,19991205,   13
  330,19991206,    4
  330,19991207,   47
  330,19991208,    9
  330,19991209,   33
  330,19991210,   32
  330,19991211,  132
  330,19991212,   47
  330,19991213,  131
  330,19991214,   33
  330,19991215,   54
  330,19991216,   13
  330,19991217,  153
  330,19991218,    3
  330,19991219,   32
  330,19991220,   -1
  330,19991221,    0
  330,19991222,   25
  330,19991223,   17
  330,19991224,  141
  330,19991225,   38
  330,19991226,  197
  330,19991227,   10
  330,19991228,   19
  330,19991229,   15
  330,19991230,   43
  330,19991231,   -1
  330,20000101,    9
  330,20000102,    4
  330,20000103,   98
  330,20000104,   61
  330,20000105,    0
  330,20000106,   21
  330,20000107,    0
  330,20000108,   15
  330,20000109,    0
  330,20000110,    0
  330,20000111,    0
  330,20000112,    0
  330,20000113,    9
  330,20000114,   -1
  330,20000115,   -1
  330,20000116,    8
  330,20000117,    3
  330,20000118,    3
  330,20000119,    3
  330,20000120,    7
  330,20000121,    5
  330,20000122,   40
  330,20000123,   27
  330,20000124,    0
  330,20000125,   27
  330,20000126,    0
  330,20000127,    0
  330,20000128,    8
  330,20000129,  112
  330,20000130,    4
  330,20000131,   -1
  330,20000201,   35
  330,20000202,   87
  330,20000203,    0
  330,20000204,    4
  330,20000205,    1
  330,20000206,    6
  330,20000207,   69
  330,20000208,  103
  330,20000209,    0
  330,20000210,  100
  330,20000211,    0
  330,20000212,   47
  330,20000213,    0
  330,20000214,   35
  330,20000215,   30
  330,20000216,   76
  330,20000217,   -1
  330,20000218,   59
  330,20000219,    9
  330,20000220,    1
  330,20000221,   19
  330,20000222,    0
  330,20000223,   10
  330,20000224,  123
  330,20000225,  100
  330,20000226,    0
  330,20000227,    0
  330,20000228,   18
  330,20000229,  105
  330,20000301,   10
  330,20000302,  137
  330,20000303,  129
  330,20000304,   29
  330,20000305,    6
  330,20000306,    0
  330,20000307,   52
  330,20000308,   51
  330,20000309,    2
  330,20000310,   14
  330,20000311,    0
  330,20000312,    0
  330,20000313,   -1
  330,20000314,    6
  330,20000315,   -1
  330,20000316,   -1
  330,20000317,    0
  330,20000318,   19
  330,20000319,   -1
  330,20000320,    0
  330,20000321,    0
  330,20000322,    0
  330,20000323,    0
  330,20000324,   64
  330,20000325,    2
  330,20000326,    2
  330,20000327,   23
  330,20000328,   -1
  330,20000329,   -1
  330,20000330,    0
  330,20000331,   -1
  330,20000401,   -1
  330,20000402,   12
  330,20000403,   -1
  330,20000404,   21
  330,20000405,   -1
  330,20000406,    0
  330,20000407,    0
  330,20000408,    0
  330,20000409,    0
  330,20000410,    0
  330,20000411,   13
  330,20000412,   37
  330,20000413,   75
  330,20000414,   -1
  330,20000415,   72
  330,20000416,   -1
  330,20000417,   81
  330,20000418,    0
  330,20000419,    0
  330,20000420,    7
  330,20000421,   29
  330,20000422,   48
  330,20000423,   39
  330,20000424,    0
  330,20000425,   -1
  330,20000426,   20
  330,20000427,   11
  330,20000428,   -1
  330,20000429,    0
  330,20000430,   -1
  330,20000501,    0
  330,20000502,    0
  330,20000503,   -1
  330,20000504,   -1
  330,20000505,    0
  330,20000506,    0
  330,20000507,   -1
  330,20000508,    0
  330,20000509,    0
  330,20000510,   40
  330,20000511,    0
  330,20000512,    0
  330,20000513,    0
  330,20000514,    0
  330,20000515,    0
  330,20000516,   30
  330,20000517,   16
  330,20000518,   34
  330,20000519,   10
  330,20000520,   -1
  330,20000521,  165
  330,20000522,    4
  330,20000523,   57
  330,20000524,   90
  330,20000525,   52
  330,20000526,   85
  330,20000527,   13
  330,20000528,  309
  330,20000529,    3
  330,20000530,   10
  330,20000531,    0
  330,20000601,   20
  330,20000602,    0
  330,20000603,   49
  330,20000604,    0
  330,20000605,   25
  330,20000606,    2
  330,20000607,    1
  330,20000608,    0
  330,20000609,    0
  330,20000610,   35
  330,20000611,    0
  330,20000612,   -1
  330,20000613,    1
  330,20000614,   39
  330,20000615,    1
  330,20000616,    0
  330,20000617,    0
  330,20000618,    0
  330,20000619,    0
  330,20000620,    0
  330,20000621,   -1
  330,20000622,   25
  330,20000623,   15
  330,20000624,   34
  330,20000625,    1
  330,20000626,   -1
  330,20000627,    0
  330,20000628,    0
  330,20000629,   -1
  330,20000630,    0
  330,20000701,   10
  330,20000702,    5
  330,20000703,    0
  330,20000704,    0
  330,20000705,   44
  330,20000706,    0
  330,20000707,   10
  330,20000708,    1
  330,20000709,  126
  330,20000710,  146
  330,20000711,   24
  330,20000712,   31
  330,20000713,   97
  330,20000714,   12
  330,20000715,   55
  330,20000716,   14
  330,20000717,    5
  330,20000718,   -1
  330,20000719,    2
  330,20000720,    0
  330,20000721,   -1
  330,20000722,    0
  330,20000723,    0
  330,20000724,   31
  330,20000725,   -1
  330,20000726,    0
  330,20000727,   25
  330,20000728,    0
  330,20000729,    0
  330,20000730,    0
  330,20000731,    0
  330,20000801,    0
  330,20000802,   -1
  330,20000803,   38
  330,20000804,    0
  330,20000805,    0
  330,20000806,    0
  330,20000807,   -1
  330,20000808,   -1
  330,20000809,    0
  330,20000810,    1
  330,20000811,    0
  330,20000812,    0
  330,20000813,   -1
  330,20000814,   21
  330,20000815,   -1
  330,20000816,   -1
  330,20000817,    0
  330,20000818,   -1
  330,20000819,   -1
  330,20000820,   15
  330,20000821,    5
  330,20000822,    0
  330,20000823,    0
  330,20000824,    0
  330,20000825,    0
  330,20000826,    0
  330,20000827,    1
  330,20000828,   97
  330,20000829,    1
  330,20000830,    0
  330,20000831,    0
  330,20000901,  129
  330,20000902,  122
  330,20000903,   -1
  330,20000904,   -1
  330,20000905,    4
  330,20000906,   27
  330,20000907,   -1
  330,20000908,   14
  330,20000909,   17
  330,20000910,    0
  330,20000911,    0
  330,20000912,    0
  330,20000913,    0
  330,20000914,    0
  330,20000915,   35
  330,20000916,  189
  330,20000917,   23
  330,20000918,    0
  330,20000919,   -1
  330,20000920,   -1
  330,20000921,    0
  330,20000922,    1
  330,20000923,    0
  330,20000924,   20
  330,20000925,    4
  330,20000926,   52
  330,20000927,   17
  330,20000928,   86
  330,20000929,   39
  330,20000930,    7
  330,20001001,    9
  330,20001002,   92
  330,20001003,   -1
  330,20001004,    5
  330,20001005,   52
  330,20001006,   66
  330,20001007,   46
  330,20001008,  133
  330,20001009,   31
  330,20001010,  146
  330,20001011,  106
  330,20001012,    4
  330,20001013,    0
  330,20001014,    0
  330,20001015,   -1
  330,20001016,  106
  330,20001017,    7
  330,20001018,   58
  330,20001019,  101
  330,20001020,   15
  330,20001021,    4
  330,20001022,    6
  330,20001023,   19
  330,20001024,   -1
  330,20001025,   60
  330,20001026,    9
  330,20001027,  106
  330,20001028,   65
  330,20001029,   74
  330,20001030,  123
  330,20001031,   15
  330,20001101,   96
  330,20001102,   93
  330,20001103,   21
  330,20001104,   51
  330,20001105,    6
  330,20001106,  104
  330,20001107,   63
  330,20001108,  228
  330,20001109,  561
  330,20001110,  136
  330,20001111,    8
  330,20001112,   98
  330,20001113,    0
  330,20001114,   16
  330,20001115,   36
  330,20001116,   44
  330,20001117,   73
  330,20001118,   17
  330,20001119,   55
  330,20001120,   36
  330,20001121,   70
  330,20001122,   12
  330,20001123,   15
  330,20001124,   21
  330,20001125,   93
  330,20001126,   26
  330,20001127,   -1
  330,20001128,   63
  330,20001129,   -1
  330,20001130,    0
  330,20001201,   16
  330,20001202,    0
  330,20001203,  179
  330,20001204,   10
  330,20001205,   -1
  330,20001206,   40
  330,20001207,   18
  330,20001208,    5
  330,20001209,   -1
  330,20001210,   71
  330,20001211,   77
  330,20001212,   57
  330,20001213,   27
  330,20001214,   30
  330,20001215,   68
  330,20001216,    0
  330,20001217,    0
  330,20001218,    0
  330,20001219,    0
  330,20001220,    0
  330,20001221,    0
  330,20001222,    0
  330,20001223,    8
  330,20001224,   64
  330,20001225,    1
  330,20001226,    0
  330,20001227,    6
  330,20001228,    8
  330,20001229,  100
  330,20001230,  137
  330,20001231,   11
  330,20010101,  136
  330,20010102,    1
  330,20010103,   56
  330,20010104,   40
  330,20010105,  192
  330,20010106,   15
  330,20010107,   -1
  330,20010108,   -1
  330,20010109,    0
  330,20010110,   -1
  330,20010111,    0
  330,20010112,    0
  330,20010113,    0
  330,20010114,    0
  330,20010115,    0
  330,20010116,    0
  330,20010117,    0
  330,20010118,    0
  330,20010119,    2
  330,20010120,   98
  330,20010121,   69
  330,20010122,   13
  330,20010123,   35
  330,20010124,   64
  330,20010125,   -1
  330,20010126,    4
  330,20010127,  153
  330,20010128,    2
  330,20010129,   -1
  330,20010130,   -1
  330,20010131,    0
  330,20010201,   -1
  330,20010202,   41
  330,20010203,   83
  330,20010204,  285
  330,20010205,   59
  330,20010206,   51
  330,20010207,   79
  330,20010208,  146
  330,20010209,    0
  330,20010210,   12
  330,20010211,   -1
  330,20010212,   33
  330,20010213,    0
  330,20010214,    0
  330,20010215,    0
  330,20010216,    2
  330,20010217,    0
  330,20010218,    0
  330,20010219,    1
  330,20010220,    0
  330,20010221,   29
  330,20010222,   31
  330,20010223,   32
  330,20010224,   25
  330,20010225,   26
  330,20010226,    3
  330,20010227,    4
  330,20010228,   10
  330,20010301,    3
  330,20010302,   -1
  330,20010303,    0
  330,20010304,    0
  330,20010305,    0
  330,20010306,    0
  330,20010307,   52
  330,20010308,   62
  330,20010309,    6
  330,20010310,   22
  330,20010311,   55
  330,20010312,   44
  330,20010313,   46
  330,20010314,    0
  330,20010315,   -1
  330,20010316,    1
  330,20010317,   19
  330,20010318,   37
  330,20010319,   33
  330,20010320,    0
  330,20010321,   58
  330,20010322,    0
  330,20010323,  166
  330,20010324,    1
  330,20010325,    0
  330,20010326,    0
  330,20010327,    1
  330,20010328,   51
  330,20010329,   -1
  330,20010330,    0
  330,20010331,   -1
  330,20010401,   -1
  330,20010402,   -1
  330,20010403,    2
  330,20010404,   45
  330,20010405,  144
  330,20010406,   48
  330,20010407,   71
  330,20010408,   11
  330,20010409,    4
  330,20010410,   12
  330,20010411,    2
  330,20010412,    2
  330,20010413,   -1
  330,20010414,  106
  330,20010415,   21
  330,20010416,   56
  330,20010417,    6
  330,20010418,   64
  330,20010419,   23
  330,20010420,   44
  330,20010421,    0
  330,20010422,    0
  330,20010423,    0
  330,20010424,   18
  330,20010425,   99
  330,20010426,    4
  330,20010427,    3
  330,20010428,   50
  330,20010429,    4
  330,20010430,    7
  330,20010501,    0
  330,20010502,    0
  330,20010503,   57
  330,20010504,   45
  330,20010505,    0
  330,20010506,    0
  330,20010507,    0
  330,20010508,    0
  330,20010509,    0
  330,20010510,    0
  330,20010511,    0
  330,20010512,    0
  330,20010513,    0
  330,20010514,   23
  330,20010515,   30
  330,20010516,   91
  330,20010517,   23
  330,20010518,   10
  330,20010519,    0
  330,20010520,    0
  330,20010521,    0
  330,20010522,    0
  330,20010523,    0
  330,20010524,    0
  330,20010525,    0
  330,20010526,    0
  330,20010527,   -1
  330,20010528,    3
  330,20010529,    0
  330,20010530,    0
  330,20010531,   -1
  330,20010601,   13
  330,20010602,   65
  330,20010603,    9
  330,20010604,    0
  330,20010605,   -1
  330,20010606,    5
  330,20010607,   -1
  330,20010608,    0
  330,20010609,    0
  330,20010610,    8
  330,20010611,    0
  330,20010612,    0
  330,20010613,    0
  330,20010614,    0
  330,20010615,  134
  330,20010616,    9
  330,20010617,   39
  330,20010618,   -1
  330,20010619,    0
  330,20010620,    0
  330,20010621,    0
  330,20010622,   -1
  330,20010623,    0
  330,20010624,    0
  330,20010625,    0
  330,20010626,    0
  330,20010627,   69
  330,20010628,   -1
  330,20010629,   -1
  330,20010630,   13
  330,20010701,    0
  330,20010702,    0
  330,20010703,    0
  330,20010704,    0
  330,20010705,   -1
  330,20010706,   33
  330,20010707,   49
  330,20010708,  110
  330,20010709,   -1
  330,20010710,   50
  330,20010711,   -1
  330,20010712,    0
  330,20010713,   -1
  330,20010714,    5
  330,20010715,   -1
  330,20010716,    0
  330,20010717,   35
  330,20010718,   66
  330,20010719,   30
  330,20010720,   25
  330,20010721,   35
  330,20010722,    0
  330,20010723,    0
  330,20010724,    0
  330,20010725,    0
  330,20010726,    0
  331,19960726,     
  331,19960727,     
  331,19960728,     
  331,19960729,     
  331,19960730,     
  331,19960731,     
  331,19960801,     
  331,19960802,     
  331,19960803,     
  331,19960804,     
  331,19960805,     
  331,19960806,     
  331,19960807,     
  331,19960808,     
  331,19960809,     
  331,19960810,     
  331,19960811,     
  331,19960812,     
  331,19960813,     
  331,19960814,     
  331,19960815,     
  331,19960816,     
  331,19960817,     
  331,19960818,     
  331,19960819,     
  331,19960820,     
  331,19960821,     
  331,19960822,     
  331,19960823,     
  331,19960824,     
  331,19960825,     
  331,19960826,     
  331,19960827,     
  331,19960828,     
  331,19960829,     
  331,19960830,     
  331,19960831,     
  331,19960901,     
  331,19960902,     
  331,19960903,     
  331,19960904,     
  331,19960905,     
  331,19960906,     
  331,19960907,     
  331,19960908,     
  331,19960909,     
  331,19960910,     
  331,19960911,     
  331,19960912,     
  331,19960913,     
  331,19960914,     
  331,19960915,     
  331,19960916,     
  331,19960917,     
  331,19960918,     
  331,19960919,     
  331,19960920,     
  331,19960921,     
  331,19960922,     
  331,19960923,     
  331,19960924,     
  331,19960925,     
  331,19960926,     
  331,19960927,     
  331,19960928,     
  331,19960929,     
  331,19960930,     
  331,19961001,     
  331,19961002,     
  331,19961003,     
  331,19961004,     
  331,19961005,     
  331,19961006,     
  331,19961007,     
  331,19961008,     
  331,19961009,     
  331,19961010,     
  331,19961011,     
  331,19961012,     
  331,19961013,     
  331,19961014,     
  331,19961015,     
  331,19961016,     
  331,19961017,     
  331,19961018,     
  331,19961019,     
  331,19961020,     
  331,19961021,     
  331,19961022,     
  331,19961023,     
  331,19961024,     
  331,19961025,     
  331,19961026,     
  331,19961027,     
  331,19961028,     
  331,19961029,     
  331,19961030,     
  331,19961031,     
  331,19961101,     
  331,19961102,     
  331,19961103,     
  331,19961104,     
  331,19961105,     
  331,19961106,     
  331,19961107,     
  331,19961108,     
  331,19961109,     
  331,19961110,     
  331,19961111,     
  331,19961112,     
  331,19961113,     
  331,19961114,     
  331,19961115,     
  331,19961116,     
  331,19961117,     
  331,19961118,     
  331,19961119,     
  331,19961120,     
  331,19961121,     
  331,19961122,     
  331,19961123,     
  331,19961124,     
  331,19961125,     
  331,19961126,     
  331,19961127,     
  331,19961128,     
  331,19961129,     
  331,19961130,     
  331,19961201,     
  331,19961202,     
  331,19961203,     
  331,19961204,     
  331,19961205,     
  331,19961206,     
  331,19961207,     
  331,19961208,     
  331,19961209,     
  331,19961210,     
  331,19961211,     
  331,19961212,     
  331,19961213,     
  331,19961214,     
  331,19961215,     
  331,19961216,     
  331,19961217,     
  331,19961218,     
  331,19961219,     
  331,19961220,     
  331,19961221,     
  331,19961222,     
  331,19961223,     
  331,19961224,     
  331,19961225,     
  331,19961226,     
  331,19961227,     
  331,19961228,     
  331,19961229,     
  331,19961230,     
  331,19961231,     
  331,19970101,     
  331,19970102,     
  331,19970103,     
  331,19970104,     
  331,19970105,     
  331,19970106,     
  331,19970107,     
  331,19970108,     
  331,19970109,     
  331,19970110,     
  331,19970111,     
  331,19970112,     
  331,19970113,     
  331,19970114,     
  331,19970115,     
  331,19970116,     
  331,19970117,     
  331,19970118,     
  331,19970119,     
  331,19970120,     
  331,19970121,     
  331,19970122,     
  331,19970123,     
  331,19970124,     
  331,19970125,     
  331,19970126,     
  331,19970127,     
  331,19970128,     
  331,19970129,     
  331,19970130,     
  331,19970131,     
  331,19970201,     
  331,19970202,     
  331,19970203,     
  331,19970204,     
  331,19970205,     
  331,19970206,     
  331,19970207,     
  331,19970208,     
  331,19970209,     
  331,19970210,     
  331,19970211,     
  331,19970212,     
  331,19970213,     
  331,19970214,     
  331,19970215,     
  331,19970216,     
  331,19970217,     
  331,19970218,     
  331,19970219,     
  331,19970220,     
  331,19970221,     
  331,19970222,     
  331,19970223,     
  331,19970224,     
  331,19970225,     
  331,19970226,     
  331,19970227,     
  331,19970228,     
  331,19970301,     
  331,19970302,     
  331,19970303,     
  331,19970304,     
  331,19970305,     
  331,19970306,     
  331,19970307,     
  331,19970308,     
  331,19970309,     
  331,19970310,     
  331,19970311,     
  331,19970312,     
  331,19970313,     
  331,19970314,     
  331,19970315,     
  331,19970316,     
  331,19970317,     
  331,19970318,     
  331,19970319,     
  331,19970320,     
  331,19970321,     
  331,19970322,     
  331,19970323,     
  331,19970324,     
  331,19970325,     
  331,19970326,     
  331,19970327,     
  331,19970328,     
  331,19970329,     
  331,19970330,     
  331,19970331,     
  331,19970401,     
  331,19970402,     
  331,19970403,     
  331,19970404,     
  331,19970405,     
  331,19970406,     
  331,19970407,     
  331,19970408,     
  331,19970409,     
  331,19970410,     
  331,19970411,     
  331,19970412,     
  331,19970413,     
  331,19970414,     
  331,19970415,     
  331,19970416,     
  331,19970417,     
  331,19970418,     
  331,19970419,     
  331,19970420,     
  331,19970421,     
  331,19970422,     
  331,19970423,     
  331,19970424,     
  331,19970425,     
  331,19970426,     
  331,19970427,     
  331,19970428,     
  331,19970429,     
  331,19970430,     
  331,19970501,     
  331,19970502,     
  331,19970503,     
  331,19970504,     
  331,19970505,     
  331,19970506,     
  331,19970507,     
  331,19970508,     
  331,19970509,     
  331,19970510,     
  331,19970511,     
  331,19970512,     
  331,19970513,     
  331,19970514,     
  331,19970515,     
  331,19970516,     
  331,19970517,     
  331,19970518,     
  331,19970519,     
  331,19970520,     
  331,19970521,     
  331,19970522,     
  331,19970523,     
  331,19970524,     
  331,19970525,     
  331,19970526,     
  331,19970527,     
  331,19970528,     
  331,19970529,     
  331,19970530,     
  331,19970531,     
  331,19970601,     
  331,19970602,     
  331,19970603,     
  331,19970604,     
  331,19970605,     
  331,19970606,     
  331,19970607,     
  331,19970608,     
  331,19970609,     
  331,19970610,     
  331,19970611,     
  331,19970612,     
  331,19970613,     
  331,19970614,     
  331,19970615,     
  331,19970616,     
  331,19970617,     
  331,19970618,     
  331,19970619,     
  331,19970620,     
  331,19970621,     
  331,19970622,     
  331,19970623,     
  331,19970624,     
  331,19970625,     
  331,19970626,     
  331,19970627,     
  331,19970628,     
  331,19970629,     
  331,19970630,     
  331,19970701,     
  331,19970702,     
  331,19970703,     
  331,19970704,     
  331,19970705,     
  331,19970706,     
  331,19970707,     
  331,19970708,     
  331,19970709,     
  331,19970710,     
  331,19970711,     
  331,19970712,     
  331,19970713,     
  331,19970714,     
  331,19970715,     
  331,19970716,     
  331,19970717,     
  331,19970718,     
  331,19970719,     
  331,19970720,     
  331,19970721,     
  331,19970722,     
  331,19970723,     
  331,19970724,     
  331,19970725,     
  331,19970726,     
  331,19970727,     
  331,19970728,     
  331,19970729,     
  331,19970730,     
  331,19970731,     
  331,19970801,     
  331,19970802,     
  331,19970803,     
  331,19970804,     
  331,19970805,     
  331,19970806,     
  331,19970807,     
  331,19970808,     
  331,19970809,     
  331,19970810,     
  331,19970811,     
  331,19970812,     
  331,19970813,     
  331,19970814,     
  331,19970815,     
  331,19970816,     
  331,19970817,     
  331,19970818,     
  331,19970819,     
  331,19970820,     
  331,19970821,     
  331,19970822,     
  331,19970823,     
  331,19970824,     
  331,19970825,     
  331,19970826,     
  331,19970827,     
  331,19970828,     
  331,19970829,     
  331,19970830,     
  331,19970831,     
  331,19970901,     
  331,19970902,     
  331,19970903,     
  331,19970904,     
  331,19970905,     
  331,19970906,     
  331,19970907,     
  331,19970908,     
  331,19970909,     
  331,19970910,     
  331,19970911,     
  331,19970912,     
  331,19970913,     
  331,19970914,     
  331,19970915,     
  331,19970916,     
  331,19970917,     
  331,19970918,     
  331,19970919,     
  331,19970920,     
  331,19970921,     
  331,19970922,     
  331,19970923,     
  331,19970924,     
  331,19970925,     
  331,19970926,     
  331,19970927,     
  331,19970928,     
  331,19970929,     
  331,19970930,     
  331,19971001,     
  331,19971002,     
  331,19971003,     
  331,19971004,     
  331,19971005,     
  331,19971006,     
  331,19971007,     
  331,19971008,     
  331,19971009,     
  331,19971010,     
  331,19971011,     
  331,19971012,     
  331,19971013,     
  331,19971014,     
  331,19971015,     
  331,19971016,     
  331,19971017,     
  331,19971018,     
  331,19971019,     
  331,19971020,     
  331,19971021,     
  331,19971022,     
  331,19971023,     
  331,19971024,     
  331,19971025,     
  331,19971026,     
  331,19971027,     
  331,19971028,     
  331,19971029,     
  331,19971030,     
  331,19971031,     
  331,19971101,     
  331,19971102,     
  331,19971103,     
  331,19971104,     
  331,19971105,     
  331,19971106,     
  331,19971107,     
  331,19971108,     
  331,19971109,     
  331,19971110,     
  331,19971111,     
  331,19971112,     
  331,19971113,     
  331,19971114,     
  331,19971115,     
  331,19971116,     
  331,19971117,     
  331,19971118,     
  331,19971119,     
  331,19971120,     
  331,19971121,     
  331,19971122,     
  331,19971123,     
  331,19971124,     
  331,19971125,     
  331,19971126,     
  331,19971127,     
  331,19971128,     
  331,19971129,     
  331,19971130,     
  331,19971201,     
  331,19971202,     
  331,19971203,     
  331,19971204,     
  331,19971205,     
  331,19971206,     
  331,19971207,     
  331,19971208,     
  331,19971209,     
  331,19971210,     
  331,19971211,     
  331,19971212,     
  331,19971213,     
  331,19971214,     
  331,19971215,     
  331,19971216,     
  331,19971217,     
  331,19971218,     
  331,19971219,     
  331,19971220,     
  331,19971221,     
  331,19971222,     
  331,19971223,     
  331,19971224,     
  331,19971225,     
  331,19971226,     
  331,19971227,     
  331,19971228,     
  331,19971229,     
  331,19971230,     
  331,19971231,     
  331,19980101,     
  331,19980102,     
  331,19980103,     
  331,19980104,     
  331,19980105,     
  331,19980106,     
  331,19980107,     
  331,19980108,     
  331,19980109,     
  331,19980110,     
  331,19980111,     
  331,19980112,     
  331,19980113,     
  331,19980114,     
  331,19980115,     
  331,19980116,     
  331,19980117,     
  331,19980118,     
  331,19980119,     
  331,19980120,     
  331,19980121,     
  331,19980122,     
  331,19980123,     
  331,19980124,     
  331,19980125,     
  331,19980126,     
  331,19980127,     
  331,19980128,     
  331,19980129,     
  331,19980130,     
  331,19980131,     
  331,19980201,     
  331,19980202,     
  331,19980203,     
  331,19980204,     
  331,19980205,     
  331,19980206,     
  331,19980207,     
  331,19980208,     
  331,19980209,     
  331,19980210,     
  331,19980211,     
  331,19980212,     
  331,19980213,     
  331,19980214,     
  331,19980215,     
  331,19980216,     
  331,19980217,     
  331,19980218,     
  331,19980219,     
  331,19980220,     
  331,19980221,     
  331,19980222,     
  331,19980223,     
  331,19980224,     
  331,19980225,     
  331,19980226,     
  331,19980227,     
  331,19980228,     
  331,19980301,     
  331,19980302,     
  331,19980303,     
  331,19980304,     
  331,19980305,     
  331,19980306,     
  331,19980307,     
  331,19980308,     
  331,19980309,     
  331,19980310,     
  331,19980311,     
  331,19980312,     
  331,19980313,     
  331,19980314,     
  331,19980315,     
  331,19980316,     
  331,19980317,     
  331,19980318,     
  331,19980319,     
  331,19980320,     
  331,19980321,     
  331,19980322,     
  331,19980323,     
  331,19980324,     
  331,19980325,     
  331,19980326,     
  331,19980327,     
  331,19980328,     
  331,19980329,     
  331,19980330,     
  331,19980331,     
  331,19980401,     
  331,19980402,     
  331,19980403,     
  331,19980404,     
  331,19980405,     
  331,19980406,     
  331,19980407,     
  331,19980408,     
  331,19980409,     
  331,19980410,     
  331,19980411,     
  331,19980412,     
  331,19980413,     
  331,19980414,     
  331,19980415,     
  331,19980416,     
  331,19980417,     
  331,19980418,     
  331,19980419,     
  331,19980420,     
  331,19980421,     
  331,19980422,     
  331,19980423,     
  331,19980424,     
  331,19980425,     
  331,19980426,     
  331,19980427,     
  331,19980428,     
  331,19980429,     
  331,19980430,     
  331,19980501,     
  331,19980502,     
  331,19980503,     
  331,19980504,     
  331,19980505,     
  331,19980506,     
  331,19980507,     
  331,19980508,     
  331,19980509,     
  331,19980510,     
  331,19980511,     
  331,19980512,     
  331,19980513,     
  331,19980514,     
  331,19980515,     
  331,19980516,     
  331,19980517,     
  331,19980518,     
  331,19980519,     
  331,19980520,     
  331,19980521,     
  331,19980522,     
  331,19980523,     
  331,19980524,     
  331,19980525,     
  331,19980526,     
  331,19980527,     
  331,19980528,     
  331,19980529,     
  331,19980530,     
  331,19980531,     
  331,19980601,     
  331,19980602,     
  331,19980603,     
  331,19980604,     
  331,19980605,     
  331,19980606,     
  331,19980607,     
  331,19980608,     
  331,19980609,     
  331,19980610,     
  331,19980611,     
  331,19980612,     
  331,19980613,     
  331,19980614,     
  331,19980615,     
  331,19980616,     
  331,19980617,     
  331,19980618,     
  331,19980619,     
  331,19980620,     
  331,19980621,     
  331,19980622,     
  331,19980623,     
  331,19980624,     
  331,19980625,     
  331,19980626,     
  331,19980627,     
  331,19980628,     
  331,19980629,     
  331,19980630,     
  331,19980701,     
  331,19980702,     
  331,19980703,     
  331,19980704,     
  331,19980705,     
  331,19980706,     
  331,19980707,     
  331,19980708,     
  331,19980709,     
  331,19980710,     
  331,19980711,     
  331,19980712,     
  331,19980713,     
  331,19980714,     
  331,19980715,     
  331,19980716,     
  331,19980717,     
  331,19980718,     
  331,19980719,     
  331,19980720,     
  331,19980721,     
  331,19980722,     
  331,19980723,     
  331,19980724,     
  331,19980725,     
  331,19980726,     
  331,19980727,     
  331,19980728,     
  331,19980729,     
  331,19980730,     
  331,19980731,     
  331,19980801,     
  331,19980802,     
  331,19980803,     
  331,19980804,     
  331,19980805,     
  331,19980806,     
  331,19980807,     
  331,19980808,     
  331,19980809,     
  331,19980810,     
  331,19980811,     
  331,19980812,     
  331,19980813,     
  331,19980814,     
  331,19980815,     
  331,19980816,     
  331,19980817,     
  331,19980818,     
  331,19980819,     
  331,19980820,     
  331,19980821,     
  331,19980822,     
  331,19980823,     
  331,19980824,     
  331,19980825,     
  331,19980826,     
  331,19980827,     
  331,19980828,     
  331,19980829,     
  331,19980830,     
  331,19980831,     
  331,19980901,     
  331,19980902,     
  331,19980903,     
  331,19980904,     
  331,19980905,     
  331,19980906,     
  331,19980907,     
  331,19980908,     
  331,19980909,     
  331,19980910,     
  331,19980911,     
  331,19980912,     
  331,19980913,     
  331,19980914,     
  331,19980915,     
  331,19980916,     
  331,19980917,     
  331,19980918,     
  331,19980919,     
  331,19980920,     
  331,19980921,     
  331,19980922,     
  331,19980923,     
  331,19980924,     
  331,19980925,     
  331,19980926,     
  331,19980927,     
  331,19980928,     
  331,19980929,     
  331,19980930,     
  331,19981001,     
  331,19981002,     
  331,19981003,     
  331,19981004,     
  331,19981005,     
  331,19981006,     
  331,19981007,     
  331,19981008,     
  331,19981009,     
  331,19981010,     
  331,19981011,     
  331,19981012,     
  331,19981013,     
  331,19981014,     
  331,19981015,     
  331,19981016,     
  331,19981017,     
  331,19981018,     
  331,19981019,     
  331,19981020,     
  331,19981021,     
  331,19981022,     
  331,19981023,     
  331,19981024,     
  331,19981025,     
  331,19981026,     
  331,19981027,     
  331,19981028,     
  331,19981029,     
  331,19981030,     
  331,19981031,     
  331,19981101,     
  331,19981102,     
  331,19981103,     
  331,19981104,     
  331,19981105,     
  331,19981106,     
  331,19981107,     
  331,19981108,     
  331,19981109,     
  331,19981110,     
  331,19981111,     
  331,19981112,     
  331,19981113,     
  331,19981114,     
  331,19981115,     
  331,19981116,     
  331,19981117,     
  331,19981118,     
  331,19981119,     
  331,19981120,     
  331,19981121,     
  331,19981122,     
  331,19981123,     
  331,19981124,     
  331,19981125,     
  331,19981126,     
  331,19981127,     
  331,19981128,     
  331,19981129,     
  331,19981130,     
  331,19981201,     
  331,19981202,     
  331,19981203,     
  331,19981204,     
  331,19981205,     
  331,19981206,     
  331,19981207,     
  331,19981208,     
  331,19981209,     
  331,19981210,     
  331,19981211,     
  331,19981212,     
  331,19981213,     
  331,19981214,     
  331,19981215,     
  331,19981216,     
  331,19981217,     
  331,19981218,     
  331,19981219,     
  331,19981220,     
  331,19981221,     
  331,19981222,     
  331,19981223,     
  331,19981224,     
  331,19981225,     
  331,19981226,     
  331,19981227,     
  331,19981228,     
  331,19981229,     
  331,19981230,     
  331,19981231,     
  331,19990101,     
  331,19990102,     
  331,19990103,     
  331,19990104,     
  331,19990105,     
  331,19990106,     
  331,19990107,     
  331,19990108,     
  331,19990109,     
  331,19990110,     
  331,19990111,     
  331,19990112,     
  331,19990113,     
  331,19990114,     
  331,19990115,     
  331,19990116,     
  331,19990117,     
  331,19990118,     
  331,19990119,     
  331,19990120,     
  331,19990121,     
  331,19990122,     
  331,19990123,     
  331,19990124,     
  331,19990125,     
  331,19990126,     
  331,19990127,     
  331,19990128,     
  331,19990129,     
  331,19990130,     
  331,19990131,     
  331,19990201,     
  331,19990202,     
  331,19990203,     
  331,19990204,     
  331,19990205,     
  331,19990206,     
  331,19990207,     
  331,19990208,     
  331,19990209,     
  331,19990210,     
  331,19990211,     
  331,19990212,     
  331,19990213,     
  331,19990214,     
  331,19990215,     
  331,19990216,     
  331,19990217,     
  331,19990218,     
  331,19990219,     
  331,19990220,     
  331,19990221,     
  331,19990222,     
  331,19990223,     
  331,19990224,     
  331,19990225,     
  331,19990226,     
  331,19990227,     
  331,19990228,     
  331,19990301,     
  331,19990302,     
  331,19990303,     
  331,19990304,     
  331,19990305,     
  331,19990306,     
  331,19990307,     
  331,19990308,     
  331,19990309,     
  331,19990310,     
  331,19990311,     
  331,19990312,     
  331,19990313,     
  331,19990314,     
  331,19990315,     
  331,19990316,     
  331,19990317,     
  331,19990318,     
  331,19990319,     
  331,19990320,     
  331,19990321,     
  331,19990322,     
  331,19990323,     
  331,19990324,     
  331,19990325,     
  331,19990326,     
  331,19990327,     
  331,19990328,     
  331,19990329,     
  331,19990330,     
  331,19990331,     
  331,19990401,     
  331,19990402,     
  331,19990403,     
  331,19990404,     
  331,19990405,     
  331,19990406,     
  331,19990407,     
  331,19990408,     
  331,19990409,     
  331,19990410,     
  331,19990411,     
  331,19990412,     
  331,19990413,     
  331,19990414,     
  331,19990415,     
  331,19990416,     
  331,19990417,     
  331,19990418,     
  331,19990419,     
  331,19990420,     
  331,19990421,     
  331,19990422,     
  331,19990423,     
  331,19990424,     
  331,19990425,     
  331,19990426,     
  331,19990427,     
  331,19990428,     
  331,19990429,     
  331,19990430,     
  331,19990501,     
  331,19990502,     
  331,19990503,     
  331,19990504,     
  331,19990505,     
  331,19990506,     
  331,19990507,     
  331,19990508,     
  331,19990509,     
  331,19990510,     
  331,19990511,     
  331,19990512,     
  331,19990513,     
  331,19990514,     
  331,19990515,     
  331,19990516,     
  331,19990517,     
  331,19990518,     
  331,19990519,     
  331,19990520,     
  331,19990521,     
  331,19990522,     
  331,19990523,     
  331,19990524,     
  331,19990525,     
  331,19990526,     
  331,19990527,     
  331,19990528,     
  331,19990529,     
  331,19990530,     
  331,19990531,     
  331,19990601,     
  331,19990602,     
  331,19990603,     
  331,19990604,     
  331,19990605,     
  331,19990606,     
  331,19990607,     
  331,19990608,     
  331,19990609,     
  331,19990610,     
  331,19990611,     
  331,19990612,     
  331,19990613,     
  331,19990614,     
  331,19990615,     
  331,19990616,     
  331,19990617,     
  331,19990618,     
  331,19990619,     
  331,19990620,     
  331,19990621,     
  331,19990622,     
  331,19990623,     
  331,19990624,     
  331,19990625,     
  331,19990626,     
  331,19990627,     
  331,19990628,     
  331,19990629,     
  331,19990630,     
  331,19990701,     
  331,19990702,     
  331,19990703,     
  331,19990704,     
  331,19990705,     
  331,19990706,     
  331,19990707,     
  331,19990708,     
  331,19990709,     
  331,19990710,     
  331,19990711,     
  331,19990712,     
  331,19990713,     
  331,19990714,     
  331,19990715,     
  331,19990716,     
  331,19990717,     
  331,19990718,     
  331,19990719,     
  331,19990720,     
  331,19990721,     
  331,19990722,     
  331,19990723,     
  331,19990724,     
  331,19990725,     
  331,19990726,     
  331,19990727,     
  331,19990728,     
  331,19990729,     
  331,19990730,     
  331,19990731,     
  331,19990801,     
  331,19990802,     
  331,19990803,     
  331,19990804,     
  331,19990805,     
  331,19990806,     
  331,19990807,     
  331,19990808,     
  331,19990809,     
  331,19990810,     
  331,19990811,     
  331,19990812,     
  331,19990813,     
  331,19990814,     
  331,19990815,     
  331,19990816,     
  331,19990817,     
  331,19990818,     
  331,19990819,     
  331,19990820,     
  331,19990821,     
  331,19990822,     
  331,19990823,     
  331,19990824,     
  331,19990825,     
  331,19990826,     
  331,19990827,     
  331,19990828,     
  331,19990829,     
  331,19990830,     
  331,19990831,     
  331,19990901,     
  331,19990902,     
  331,19990903,     
  331,19990904,     
  331,19990905,     
  331,19990906,     
  331,19990907,     
  331,19990908,     
  331,19990909,     
  331,19990910,     
  331,19990911,     
  331,19990912,     
  331,19990913,     
  331,19990914,     
  331,19990915,     
  331,19990916,     
  331,19990917,     
  331,19990918,     
  331,19990919,     
  331,19990920,     
  331,19990921,     
  331,19990922,     
  331,19990923,     
  331,19990924,     
  331,19990925,     
  331,19990926,     
  331,19990927,     
  331,19990928,     
  331,19990929,     
  331,19990930,     
  331,19991001,     
  331,19991002,     
  331,19991003,     
  331,19991004,     
  331,19991005,     
  331,19991006,     
  331,19991007,     
  331,19991008,     
  331,19991009,     
  331,19991010,     
  331,19991011,     
  331,19991012,     
  331,19991013,     
  331,19991014,     
  331,19991015,     
  331,19991016,     
  331,19991017,     
  331,19991018,     
  331,19991019,     
  331,19991020,     
  331,19991021,     
  331,19991022,     
  331,19991023,     
  331,19991024,     
  331,19991025,     
  331,19991026,     
  331,19991027,     
  331,19991028,     
  331,19991029,     
  331,19991030,     
  331,19991031,     
  331,19991101,     
  331,19991102,     
  331,19991103,     
  331,19991104,     
  331,19991105,     
  331,19991106,     
  331,19991107,     
  331,19991108,     
  331,19991109,     
  331,19991110,     
  331,19991111,     
  331,19991112,     
  331,19991113,     
  331,19991114,     
  331,19991115,     
  331,19991116,     
  331,19991117,     
  331,19991118,     
  331,19991119,     
  331,19991120,     
  331,19991121,     
  331,19991122,     
  331,19991123,     
  331,19991124,     
  331,19991125,     
  331,19991126,     
  331,19991127,     
  331,19991128,     
  331,19991129,     
  331,19991130,     
  331,19991201,     
  331,19991202,     
  331,19991203,     
  331,19991204,     
  331,19991205,     
  331,19991206,     
  331,19991207,     
  331,19991208,     
  331,19991209,     
  331,19991210,     
  331,19991211,     
  331,19991212,     
  331,19991213,     
  331,19991214,     
  331,19991215,     
  331,19991216,     
  331,19991217,     
  331,19991218,     
  331,19991219,     
  331,19991220,     
  331,19991221,     
  331,19991222,     
  331,19991223,     
  331,19991224,     
  331,19991225,     
  331,19991226,     
  331,19991227,     
  331,19991228,     
  331,19991229,     
  331,19991230,     
  331,19991231,     
  331,20000101,     
  331,20000102,     
  331,20000103,     
  331,20000104,     
  331,20000105,     
  331,20000106,     
  331,20000107,     
  331,20000108,     
  331,20000109,     
  331,20000110,     
  331,20000111,     
  331,20000112,     
  331,20000113,     
  331,20000114,     
  331,20000115,     
  331,20000116,     
  331,20000117,     
  331,20000118,     
  331,20000119,     
  331,20000120,     
  331,20000121,     
  331,20000122,     
  331,20000123,     
  331,20000124,     
  331,20000125,     
  331,20000126,     
  331,20000127,     
  331,20000128,     
  331,20000129,     
  331,20000130,     
  331,20000131,     
  331,20000201,     
  331,20000202,     
  331,20000203,     
  331,20000204,     
  331,20000205,     
  331,20000206,     
  331,20000207,     
  331,20000208,     
  331,20000209,     
  331,20000210,     
  331,20000211,     
  331,20000212,     
  331,20000213,     
  331,20000214,     
  331,20000215,     
  331,20000216,     
  331,20000217,     
  331,20000218,     
  331,20000219,     
  331,20000220,     
  331,20000221,     
  331,20000222,     
  331,20000223,     
  331,20000224,     
  331,20000225,     
  331,20000226,     
  331,20000227,     
  331,20000228,     
  331,20000229,     
  331,20000301,     
  331,20000302,     
  331,20000303,     
  331,20000304,     
  331,20000305,     
  331,20000306,     
  331,20000307,     
  331,20000308,     
  331,20000309,     
  331,20000310,     
  331,20000311,     
  331,20000312,     
  331,20000313,     
  331,20000314,     
  331,20000315,     
  331,20000316,     
  331,20000317,     
  331,20000318,     
  331,20000319,     
  331,20000320,     
  331,20000321,     
  331,20000322,     
  331,20000323,     
  331,20000324,     
  331,20000325,     
  331,20000326,     
  331,20000327,     
  331,20000328,     
  331,20000329,     
  331,20000330,     
  331,20000331,     
  331,20000401,     
  331,20000402,     
  331,20000403,     
  331,20000404,     
  331,20000405,     
  331,20000406,     
  331,20000407,     
  331,20000408,     
  331,20000409,     
  331,20000410,     
  331,20000411,     
  331,20000412,     
  331,20000413,     
  331,20000414,     
  331,20000415,     
  331,20000416,     
  331,20000417,     
  331,20000418,     
  331,20000419,     
  331,20000420,     
  331,20000421,     
  331,20000422,     
  331,20000423,     
  331,20000424,     
  331,20000425,     
  331,20000426,     
  331,20000427,     
  331,20000428,     
  331,20000429,     
  331,20000430,     
  331,20000501,     
  331,20000502,     
  331,20000503,     
  331,20000504,     
  331,20000505,     
  331,20000506,     
  331,20000507,     
  331,20000508,     
  331,20000509,     
  331,20000510,     
  331,20000511,     
  331,20000512,     
  331,20000513,     
  331,20000514,     
  331,20000515,     
  331,20000516,     
  331,20000517,     
  331,20000518,     
  331,20000519,     
  331,20000520,     
  331,20000521,     
  331,20000522,     
  331,20000523,     
  331,20000524,     
  331,20000525,     
  331,20000526,     
  331,20000527,     
  331,20000528,     
  331,20000529,     
  331,20000530,     
  331,20000531,     
  331,20000601,     
  331,20000602,     
  331,20000603,     
  331,20000604,     
  331,20000605,     
  331,20000606,     
  331,20000607,     
  331,20000608,     
  331,20000609,     
  331,20000610,     
  331,20000611,     
  331,20000612,     
  331,20000613,     
  331,20000614,     
  331,20000615,     
  331,20000616,     
  331,20000617,     
  331,20000618,     
  331,20000619,     
  331,20000620,     
  331,20000621,     
  331,20000622,     
  331,20000623,     
  331,20000624,     
  331,20000625,     
  331,20000626,     
  331,20000627,     
  331,20000628,     
  331,20000629,     
  331,20000630,     
  331,20000701,     
  331,20000702,     
  331,20000703,     
  331,20000704,     
  331,20000705,     
  331,20000706,     
  331,20000707,     
  331,20000708,     
  331,20000709,     
  331,20000710,     
  331,20000711,     
  331,20000712,     
  331,20000713,     
  331,20000714,     
  331,20000715,     
  331,20000716,     
  331,20000717,     
  331,20000718,     
  331,20000719,     
  331,20000720,     
  331,20000721,     
  331,20000722,     
  331,20000723,     
  331,20000724,     
  331,20000725,     
  331,20000726,     
  331,20000727,     
  331,20000728,     
  331,20000729,     
  331,20000730,     
  331,20000731,     
  331,20000801,     
  331,20000802,     
  331,20000803,     
  331,20000804,     
  331,20000805,     
  331,20000806,     
  331,20000807,     
  331,20000808,     
  331,20000809,     
  331,20000810,     
  331,20000811,     
  331,20000812,     
  331,20000813,     
  331,20000814,     
  331,20000815,     
  331,20000816,     
  331,20000817,     
  331,20000818,     
  331,20000819,     
  331,20000820,     
  331,20000821,     
  331,20000822,     
  331,20000823,     
  331,20000824,     
  331,20000825,     
  331,20000826,     
  331,20000827,     
  331,20000828,     
  331,20000829,     
  331,20000830,     
  331,20000831,     
  331,20000901,     
  331,20000902,     
  331,20000903,     
  331,20000904,     
  331,20000905,     
  331,20000906,     
  331,20000907,     
  331,20000908,     
  331,20000909,     
  331,20000910,     
  331,20000911,     
  331,20000912,     
  331,20000913,     
  331,20000914,     
  331,20000915,     
  331,20000916,     
  331,20000917,     
  331,20000918,     
  331,20000919,     
  331,20000920,     
  331,20000921,     
  331,20000922,     
  331,20000923,     
  331,20000924,     
  331,20000925,     
  331,20000926,     
  331,20000927,     
  331,20000928,     
  331,20000929,     
  331,20000930,     
  331,20001001,     
  331,20001002,     
  331,20001003,     
  331,20001004,     
  331,20001005,     
  331,20001006,     
  331,20001007,     
  331,20001008,     
  331,20001009,     
  331,20001010,     
  331,20001011,     
  331,20001012,     
  331,20001013,     
  331,20001014,     
  331,20001015,     
  331,20001016,     
  331,20001017,     
  331,20001018,     
  331,20001019,     
  331,20001020,     
  331,20001021,     
  331,20001022,     
  331,20001023,     
  331,20001024,     
  331,20001025,     
  331,20001026,     
  331,20001027,     
  331,20001028,     
  331,20001029,     
  331,20001030,     
  331,20001031,     
  331,20001101,     
  331,20001102,     
  331,20001103,     
  331,20001104,     
  331,20001105,     
  331,20001106,     
  331,20001107,     
  331,20001108,     
  331,20001109,     
  331,20001110,     
  331,20001111,     
  331,20001112,     
  331,20001113,     
  331,20001114,     
  331,20001115,     
  331,20001116,     
  331,20001117,     
  331,20001118,     
  331,20001119,     
  331,20001120,     
  331,20001121,     
  331,20001122,     
  331,20001123,     
  331,20001124,     
  331,20001125,     
  331,20001126,     
  331,20001127,     
  331,20001128,     
  331,20001129,     
  331,20001130,     
  331,20001201,     
  331,20001202,     
  331,20001203,     
  331,20001204,     
  331,20001205,     
  331,20001206,     
  331,20001207,     
  331,20001208,     
  331,20001209,     
  331,20001210,     
  331,20001211,     
  331,20001212,     
  331,20001213,     
  331,20001214,     
  331,20001215,     
  331,20001216,     
  331,20001217,     
  331,20001218,     
  331,20001219,     
  331,20001220,     
  331,20001221,     
  331,20001222,     
  331,20001223,     
  331,20001224,     
  331,20001225,     
  331,20001226,     
  331,20001227,     
  331,20001228,     
  331,20001229,     
  331,20001230,     
  331,20001231,     
  331,20010101,     
  331,20010102,     
  331,20010103,     
  331,20010104,     
  331,20010105,     
  331,20010106,     
  331,20010107,     
  331,20010108,     
  331,20010109,     
  331,20010110,     
  331,20010111,     
  331,20010112,     
  331,20010113,     
  331,20010114,     
  331,20010115,     
  331,20010116,     
  331,20010117,     
  331,20010118,     
  331,20010119,     
  331,20010120,     
  331,20010121,     
  331,20010122,     
  331,20010123,     
  331,20010124,     
  331,20010125,     
  331,20010126,     
  331,20010127,     
  331,20010128,     
  331,20010129,     
  331,20010130,     
  331,20010131,     
  331,20010201,     
  331,20010202,     
  331,20010203,     
  331,20010204,     
  331,20010205,     
  331,20010206,     
  331,20010207,     
  331,20010208,     
  331,20010209,     
  331,20010210,     
  331,20010211,     
  331,20010212,     
  331,20010213,     
  331,20010214,     
  331,20010215,     
  331,20010216,     
  331,20010217,     
  331,20010218,     
  331,20010219,     
  331,20010220,     
  331,20010221,     
  331,20010222,     
  331,20010223,     
  331,20010224,     
  331,20010225,     
  331,20010226,     
  331,20010227,     
  331,20010228,     
  331,20010301,     
  331,20010302,     
  331,20010303,     
  331,20010304,     
  331,20010305,     
  331,20010306,     
  331,20010307,     
  331,20010308,     
  331,20010309,     
  331,20010310,     
  331,20010311,     
  331,20010312,     
  331,20010313,     
  331,20010314,     
  331,20010315,     
  331,20010316,     
  331,20010317,     
  331,20010318,     
  331,20010319,     
  331,20010320,     
  331,20010321,     
  331,20010322,     
  331,20010323,     
  331,20010324,     
  331,20010325,     
  331,20010326,     
  331,20010327,     
  331,20010328,     
  331,20010329,     
  331,20010330,     
  331,20010331,     
  331,20010401,     
  331,20010402,     
  331,20010403,     
  331,20010404,     
  331,20010405,     
  331,20010406,     
  331,20010407,     
  331,20010408,     
  331,20010409,     
  331,20010410,     
  331,20010411,     
  331,20010412,     
  331,20010413,     
  331,20010414,     
  331,20010415,     
  331,20010416,     
  331,20010417,     
  331,20010418,     
  331,20010419,     
  331,20010420,     
  331,20010421,     
  331,20010422,     
  331,20010423,     
  331,20010424,     
  331,20010425,     
  331,20010426,     
  331,20010427,     
  331,20010428,     
  331,20010429,     
  331,20010430,     
  331,20010501,     
  331,20010502,     
  331,20010503,     
  331,20010504,     
  331,20010505,     
  331,20010506,     
  331,20010507,     
  331,20010508,     
  331,20010509,     
  331,20010510,     
  331,20010511,     
  331,20010512,     
  331,20010513,     
  331,20010514,     
  331,20010515,     
  331,20010516,     
  331,20010517,     
  331,20010518,     
  331,20010519,     
  331,20010520,     
  331,20010521,     
  331,20010522,     
  331,20010523,     
  331,20010524,     
  331,20010525,     
  331,20010526,     
  331,20010527,     
  331,20010528,     
  331,20010529,     
  331,20010530,     
  331,20010531,     
  331,20010601,     
  331,20010602,     
  331,20010603,     
  331,20010604,     
  331,20010605,     
  331,20010606,     
  331,20010607,     
  331,20010608,     
  331,20010609,     
  331,20010610,     
  331,20010611,     
  331,20010612,     
  331,20010613,     
  331,20010614,     
  331,20010615,     
  331,20010616,     
  331,20010617,     
  331,20010618,     
  331,20010619,     
  331,20010620,     
  331,20010621,     
  331,20010622,     
  331,20010623,     
  331,20010624,     
  331,20010625,     
  331,20010626,     
  331,20010627,     
  331,20010628,     
  331,20010629,     
  331,20010630,     
  331,20010701,     
  331,20010702,     
  331,20010703,     
  331,20010704,     
  331,20010705,     
  331,20010706,     
  331,20010707,     
  331,20010708,     
  331,20010709,     
  331,20010710,     
  331,20010711,     
  331,20010712,     
  331,20010713,     
  331,20010714,     
  331,20010715,     
  331,20010716,     
  331,20010717,     
  331,20010718,     
  331,20010719,     
  331,20010720,     
  331,20010721,     
  331,20010722,     
  331,20010723,     
  331,20010724,     
  331,20010725,     
  331,20010726,     
  340,19960726,     
  340,19960727,     
  340,19960728,     
  340,19960729,     
  340,19960730,     
  340,19960731,     
  340,19960801,     
  340,19960802,     
  340,19960803,     
  340,19960804,     
  340,19960805,     
  340,19960806,     
  340,19960807,     
  340,19960808,     
  340,19960809,     
  340,19960810,     
  340,19960811,     
  340,19960812,     
  340,19960813,     
  340,19960814,     
  340,19960815,     
  340,19960816,     
  340,19960817,     
  340,19960818,     
  340,19960819,     
  340,19960820,     
  340,19960821,     
  340,19960822,     
  340,19960823,     
  340,19960824,     
  340,19960825,     
  340,19960826,     
  340,19960827,     
  340,19960828,     
  340,19960829,     
  340,19960830,     
  340,19960831,     
  340,19960901,     
  340,19960902,     
  340,19960903,     
  340,19960904,     
  340,19960905,     
  340,19960906,     
  340,19960907,     
  340,19960908,     
  340,19960909,     
  340,19960910,     
  340,19960911,     
  340,19960912,     
  340,19960913,     
  340,19960914,     
  340,19960915,     
  340,19960916,     
  340,19960917,     
  340,19960918,     
  340,19960919,     
  340,19960920,     
  340,19960921,     
  340,19960922,     
  340,19960923,     
  340,19960924,     
  340,19960925,     
  340,19960926,     
  340,19960927,     
  340,19960928,     
  340,19960929,     
  340,19960930,     
  340,19961001,     
  340,19961002,     
  340,19961003,     
  340,19961004,     
  340,19961005,     
  340,19961006,     
  340,19961007,     
  340,19961008,     
  340,19961009,     
  340,19961010,     
  340,19961011,     
  340,19961012,     
  340,19961013,     
  340,19961014,     
  340,19961015,     
  340,19961016,     
  340,19961017,     
  340,19961018,     
  340,19961019,     
  340,19961020,     
  340,19961021,     
  340,19961022,     
  340,19961023,     
  340,19961024,     
  340,19961025,     
  340,19961026,     
  340,19961027,     
  340,19961028,     
  340,19961029,     
  340,19961030,     
  340,19961031,     
  340,19961101,     
  340,19961102,     
  340,19961103,     
  340,19961104,     
  340,19961105,     
  340,19961106,     
  340,19961107,     
  340,19961108,     
  340,19961109,     
  340,19961110,     
  340,19961111,     
  340,19961112,     
  340,19961113,     
  340,19961114,     
  340,19961115,     
  340,19961116,     
  340,19961117,     
  340,19961118,     
  340,19961119,     
  340,19961120,     
  340,19961121,     
  340,19961122,     
  340,19961123,     
  340,19961124,     
  340,19961125,     
  340,19961126,     
  340,19961127,     
  340,19961128,     
  340,19961129,     
  340,19961130,     
  340,19961201,     
  340,19961202,     
  340,19961203,     
  340,19961204,     
  340,19961205,     
  340,19961206,     
  340,19961207,     
  340,19961208,     
  340,19961209,     
  340,19961210,     
  340,19961211,     
  340,19961212,     
  340,19961213,     
  340,19961214,     
  340,19961215,     
  340,19961216,     
  340,19961217,     
  340,19961218,     
  340,19961219,     
  340,19961220,     
  340,19961221,     
  340,19961222,     
  340,19961223,     
  340,19961224,     
  340,19961225,     
  340,19961226,     
  340,19961227,     
  340,19961228,     
  340,19961229,     
  340,19961230,     
  340,19961231,     
  340,19970101,     
  340,19970102,     
  340,19970103,     
  340,19970104,     
  340,19970105,     
  340,19970106,     
  340,19970107,     
  340,19970108,     
  340,19970109,     
  340,19970110,     
  340,19970111,     
  340,19970112,     
  340,19970113,     
  340,19970114,     
  340,19970115,     
  340,19970116,     
  340,19970117,     
  340,19970118,     
  340,19970119,     
  340,19970120,     
  340,19970121,     
  340,19970122,     
  340,19970123,     
  340,19970124,     
  340,19970125,     
  340,19970126,     
  340,19970127,     
  340,19970128,     
  340,19970129,     
  340,19970130,     
  340,19970131,     
  340,19970201,     
  340,19970202,     
  340,19970203,     
  340,19970204,     
  340,19970205,     
  340,19970206,     
  340,19970207,     
  340,19970208,     
  340,19970209,     
  340,19970210,     
  340,19970211,     
  340,19970212,     
  340,19970213,     
  340,19970214,     
  340,19970215,     
  340,19970216,     
  340,19970217,     
  340,19970218,     
  340,19970219,     
  340,19970220,     
  340,19970221,     
  340,19970222,     
  340,19970223,     
  340,19970224,     
  340,19970225,     
  340,19970226,     
  340,19970227,     
  340,19970228,     
  340,19970301,     
  340,19970302,     
  340,19970303,     
  340,19970304,     
  340,19970305,     
  340,19970306,     
  340,19970307,     
  340,19970308,     
  340,19970309,     
  340,19970310,     
  340,19970311,     
  340,19970312,     
  340,19970313,     
  340,19970314,     
  340,19970315,     
  340,19970316,     
  340,19970317,     
  340,19970318,     
  340,19970319,     
  340,19970320,     
  340,19970321,     
  340,19970322,     
  340,19970323,     
  340,19970324,     
  340,19970325,     
  340,19970326,     
  340,19970327,     
  340,19970328,     
  340,19970329,     
  340,19970330,     
  340,19970331,     
  340,19970401,     
  340,19970402,     
  340,19970403,     
  340,19970404,     
  340,19970405,     
  340,19970406,     
  340,19970407,     
  340,19970408,     
  340,19970409,     
  340,19970410,     
  340,19970411,     
  340,19970412,     
  340,19970413,     
  340,19970414,     
  340,19970415,     
  340,19970416,     
  340,19970417,     
  340,19970418,     
  340,19970419,     
  340,19970420,     
  340,19970421,     
  340,19970422,     
  340,19970423,     
  340,19970424,     
  340,19970425,     
  340,19970426,     
  340,19970427,     
  340,19970428,     
  340,19970429,     
  340,19970430,     
  340,19970501,     
  340,19970502,     
  340,19970503,     
  340,19970504,     
  340,19970505,     
  340,19970506,     
  340,19970507,     
  340,19970508,     
  340,19970509,     
  340,19970510,     
  340,19970511,     
  340,19970512,     
  340,19970513,     
  340,19970514,     
  340,19970515,     
  340,19970516,     
  340,19970517,     
  340,19970518,     
  340,19970519,     
  340,19970520,     
  340,19970521,     
  340,19970522,     
  340,19970523,     
  340,19970524,     
  340,19970525,     
  340,19970526,     
  340,19970527,     
  340,19970528,     
  340,19970529,     
  340,19970530,     
  340,19970531,     
  340,19970601,     
  340,19970602,     
  340,19970603,     
  340,19970604,     
  340,19970605,     
  340,19970606,     
  340,19970607,     
  340,19970608,     
  340,19970609,     
  340,19970610,     
  340,19970611,     
  340,19970612,     
  340,19970613,     
  340,19970614,     
  340,19970615,     
  340,19970616,     
  340,19970617,     
  340,19970618,     
  340,19970619,     
  340,19970620,     
  340,19970621,     
  340,19970622,     
  340,19970623,     
  340,19970624,     
  340,19970625,     
  340,19970626,     
  340,19970627,     
  340,19970628,     
  340,19970629,     
  340,19970630,     
  340,19970701,     
  340,19970702,     
  340,19970703,     
  340,19970704,     
  340,19970705,     
  340,19970706,     
  340,19970707,     
  340,19970708,     
  340,19970709,     
  340,19970710,     
  340,19970711,     
  340,19970712,     
  340,19970713,     
  340,19970714,     
  340,19970715,     
  340,19970716,     
  340,19970717,     
  340,19970718,     
  340,19970719,     
  340,19970720,     
  340,19970721,     
  340,19970722,     
  340,19970723,     
  340,19970724,     
  340,19970725,     
  340,19970726,     
  340,19970727,     
  340,19970728,     
  340,19970729,     
  340,19970730,     
  340,19970731,     
  340,19970801,     
  340,19970802,     
  340,19970803,     
  340,19970804,     
  340,19970805,     
  340,19970806,     
  340,19970807,     
  340,19970808,     
  340,19970809,     
  340,19970810,     
  340,19970811,     
  340,19970812,     
  340,19970813,     
  340,19970814,     
  340,19970815,     
  340,19970816,     
  340,19970817,     
  340,19970818,     
  340,19970819,     
  340,19970820,     
  340,19970821,     
  340,19970822,     
  340,19970823,     
  340,19970824,     
  340,19970825,     
  340,19970826,     
  340,19970827,     
  340,19970828,     
  340,19970829,     
  340,19970830,     
  340,19970831,     
  340,19970901,     
  340,19970902,     
  340,19970903,     
  340,19970904,     
  340,19970905,     
  340,19970906,     
  340,19970907,     
  340,19970908,     
  340,19970909,     
  340,19970910,     
  340,19970911,     
  340,19970912,     
  340,19970913,     
  340,19970914,     
  340,19970915,     
  340,19970916,     
  340,19970917,     
  340,19970918,     
  340,19970919,     
  340,19970920,     
  340,19970921,     
  340,19970922,     
  340,19970923,     
  340,19970924,     
  340,19970925,     
  340,19970926,     
  340,19970927,     
  340,19970928,     
  340,19970929,     
  340,19970930,     
  340,19971001,     
  340,19971002,     
  340,19971003,     
  340,19971004,     
  340,19971005,     
  340,19971006,     
  340,19971007,     
  340,19971008,     
  340,19971009,     
  340,19971010,     
  340,19971011,     
  340,19971012,     
  340,19971013,     
  340,19971014,     
  340,19971015,     
  340,19971016,     
  340,19971017,     
  340,19971018,     
  340,19971019,     
  340,19971020,     
  340,19971021,     
  340,19971022,     
  340,19971023,     
  340,19971024,     
  340,19971025,     
  340,19971026,     
  340,19971027,     
  340,19971028,     
  340,19971029,     
  340,19971030,     
  340,19971031,     
  340,19971101,     
  340,19971102,     
  340,19971103,     
  340,19971104,     
  340,19971105,     
  340,19971106,     
  340,19971107,     
  340,19971108,     
  340,19971109,     
  340,19971110,     
  340,19971111,     
  340,19971112,     
  340,19971113,     
  340,19971114,     
  340,19971115,     
  340,19971116,     
  340,19971117,     
  340,19971118,     
  340,19971119,     
  340,19971120,     
  340,19971121,     
  340,19971122,     
  340,19971123,     
  340,19971124,     
  340,19971125,     
  340,19971126,     
  340,19971127,     
  340,19971128,     
  340,19971129,     
  340,19971130,     
  340,19971201,     
  340,19971202,     
  340,19971203,     
  340,19971204,     
  340,19971205,     
  340,19971206,     
  340,19971207,     
  340,19971208,     
  340,19971209,     
  340,19971210,     
  340,19971211,     
  340,19971212,     
  340,19971213,     
  340,19971214,     
  340,19971215,     
  340,19971216,     
  340,19971217,     
  340,19971218,     
  340,19971219,     
  340,19971220,     
  340,19971221,     
  340,19971222,     
  340,19971223,     
  340,19971224,     
  340,19971225,     
  340,19971226,     
  340,19971227,     
  340,19971228,     
  340,19971229,     
  340,19971230,     
  340,19971231,     
  340,19980101,     
  340,19980102,     
  340,19980103,     
  340,19980104,     
  340,19980105,     
  340,19980106,     
  340,19980107,     
  340,19980108,     
  340,19980109,     
  340,19980110,     
  340,19980111,     
  340,19980112,     
  340,19980113,     
  340,19980114,     
  340,19980115,     
  340,19980116,     
  340,19980117,     
  340,19980118,     
  340,19980119,     
  340,19980120,     
  340,19980121,     
  340,19980122,     
  340,19980123,     
  340,19980124,     
  340,19980125,     
  340,19980126,     
  340,19980127,     
  340,19980128,     
  340,19980129,     
  340,19980130,     
  340,19980131,     
  340,19980201,     
  340,19980202,     
  340,19980203,     
  340,19980204,     
  340,19980205,     
  340,19980206,     
  340,19980207,     
  340,19980208,     
  340,19980209,     
  340,19980210,     
  340,19980211,     
  340,19980212,     
  340,19980213,     
  340,19980214,     
  340,19980215,     
  340,19980216,     
  340,19980217,     
  340,19980218,     
  340,19980219,     
  340,19980220,     
  340,19980221,     
  340,19980222,     
  340,19980223,     
  340,19980224,     
  340,19980225,     
  340,19980226,     
  340,19980227,     
  340,19980228,     
  340,19980301,     
  340,19980302,     
  340,19980303,     
  340,19980304,     
  340,19980305,     
  340,19980306,     
  340,19980307,     
  340,19980308,     
  340,19980309,     
  340,19980310,     
  340,19980311,     
  340,19980312,     
  340,19980313,     
  340,19980314,     
  340,19980315,     
  340,19980316,     
  340,19980317,     
  340,19980318,     
  340,19980319,     
  340,19980320,     
  340,19980321,     
  340,19980322,     
  340,19980323,     
  340,19980324,     
  340,19980325,     
  340,19980326,     
  340,19980327,     
  340,19980328,     
  340,19980329,     
  340,19980330,     
  340,19980331,     
  340,19980401,     
  340,19980402,     
  340,19980403,     
  340,19980404,     
  340,19980405,     
  340,19980406,     
  340,19980407,     
  340,19980408,     
  340,19980409,     
  340,19980410,     
  340,19980411,     
  340,19980412,     
  340,19980413,     
  340,19980414,     
  340,19980415,     
  340,19980416,     
  340,19980417,     
  340,19980418,     
  340,19980419,     
  340,19980420,     
  340,19980421,     
  340,19980422,     
  340,19980423,     
  340,19980424,     
  340,19980425,     
  340,19980426,     
  340,19980427,     
  340,19980428,     
  340,19980429,     
  340,19980430,     
  340,19980501,     
  340,19980502,     
  340,19980503,     
  340,19980504,     
  340,19980505,     
  340,19980506,     
  340,19980507,     
  340,19980508,     
  340,19980509,     
  340,19980510,     
  340,19980511,     
  340,19980512,     
  340,19980513,     
  340,19980514,     
  340,19980515,     
  340,19980516,     
  340,19980517,     
  340,19980518,     
  340,19980519,     
  340,19980520,     
  340,19980521,     
  340,19980522,     
  340,19980523,     
  340,19980524,     
  340,19980525,     
  340,19980526,     
  340,19980527,     
  340,19980528,     
  340,19980529,     
  340,19980530,     
  340,19980531,     
  340,19980601,     
  340,19980602,     
  340,19980603,     
  340,19980604,     
  340,19980605,     
  340,19980606,     
  340,19980607,     
  340,19980608,     
  340,19980609,     
  340,19980610,     
  340,19980611,     
  340,19980612,     
  340,19980613,     
  340,19980614,     
  340,19980615,     
  340,19980616,     
  340,19980617,     
  340,19980618,     
  340,19980619,     
  340,19980620,     
  340,19980621,     
  340,19980622,     
  340,19980623,     
  340,19980624,     
  340,19980625,     
  340,19980626,     
  340,19980627,     
  340,19980628,     
  340,19980629,     
  340,19980630,     
  340,19980701,     
  340,19980702,     
  340,19980703,     
  340,19980704,     
  340,19980705,     
  340,19980706,     
  340,19980707,     
  340,19980708,     
  340,19980709,     
  340,19980710,     
  340,19980711,     
  340,19980712,     
  340,19980713,     
  340,19980714,     
  340,19980715,     
  340,19980716,     
  340,19980717,     
  340,19980718,     
  340,19980719,     
  340,19980720,     
  340,19980721,     
  340,19980722,     
  340,19980723,     
  340,19980724,     
  340,19980725,     
  340,19980726,     
  340,19980727,     
  340,19980728,     
  340,19980729,     
  340,19980730,     
  340,19980731,     
  340,19980801,     
  340,19980802,     
  340,19980803,     
  340,19980804,     
  340,19980805,     
  340,19980806,     
  340,19980807,     
  340,19980808,     
  340,19980809,     
  340,19980810,     
  340,19980811,     
  340,19980812,     
  340,19980813,     
  340,19980814,     
  340,19980815,     
  340,19980816,     
  340,19980817,     
  340,19980818,     
  340,19980819,     
  340,19980820,     
  340,19980821,     
  340,19980822,     
  340,19980823,     
  340,19980824,     
  340,19980825,     
  340,19980826,     
  340,19980827,     
  340,19980828,     
  340,19980829,     
  340,19980830,     
  340,19980831,     
  340,19980901,     
  340,19980902,     
  340,19980903,     
  340,19980904,     
  340,19980905,     
  340,19980906,     
  340,19980907,     
  340,19980908,     
  340,19980909,     
  340,19980910,     
  340,19980911,     
  340,19980912,     
  340,19980913,     
  340,19980914,     
  340,19980915,     
  340,19980916,     
  340,19980917,     
  340,19980918,     
  340,19980919,     
  340,19980920,     
  340,19980921,     
  340,19980922,     
  340,19980923,     
  340,19980924,     
  340,19980925,     
  340,19980926,     
  340,19980927,     
  340,19980928,     
  340,19980929,     
  340,19980930,     
  340,19981001,     
  340,19981002,     
  340,19981003,     
  340,19981004,     
  340,19981005,     
  340,19981006,     
  340,19981007,     
  340,19981008,     
  340,19981009,     
  340,19981010,     
  340,19981011,     
  340,19981012,     
  340,19981013,     
  340,19981014,     
  340,19981015,     
  340,19981016,     
  340,19981017,     
  340,19981018,     
  340,19981019,     
  340,19981020,     
  340,19981021,     
  340,19981022,     
  340,19981023,     
  340,19981024,     
  340,19981025,     
  340,19981026,     
  340,19981027,     
  340,19981028,     
  340,19981029,     
  340,19981030,     
  340,19981031,     
  340,19981101,     
  340,19981102,     
  340,19981103,     
  340,19981104,     
  340,19981105,     
  340,19981106,     
  340,19981107,     
  340,19981108,     
  340,19981109,     
  340,19981110,     
  340,19981111,     
  340,19981112,     
  340,19981113,     
  340,19981114,     
  340,19981115,     
  340,19981116,     
  340,19981117,     
  340,19981118,     
  340,19981119,     
  340,19981120,     
  340,19981121,     
  340,19981122,     
  340,19981123,     
  340,19981124,     
  340,19981125,     
  340,19981126,     
  340,19981127,     
  340,19981128,     
  340,19981129,     
  340,19981130,     
  340,19981201,     
  340,19981202,     
  340,19981203,     
  340,19981204,     
  340,19981205,     
  340,19981206,     
  340,19981207,     
  340,19981208,     
  340,19981209,     
  340,19981210,     
  340,19981211,     
  340,19981212,     
  340,19981213,     
  340,19981214,     
  340,19981215,     
  340,19981216,     
  340,19981217,     
  340,19981218,     
  340,19981219,     
  340,19981220,     
  340,19981221,     
  340,19981222,     
  340,19981223,     
  340,19981224,     
  340,19981225,     
  340,19981226,     
  340,19981227,     
  340,19981228,     
  340,19981229,     
  340,19981230,     
  340,19981231,     
  340,19990101,     
  340,19990102,     
  340,19990103,     
  340,19990104,     
  340,19990105,     
  340,19990106,     
  340,19990107,     
  340,19990108,     
  340,19990109,     
  340,19990110,     
  340,19990111,     
  340,19990112,     
  340,19990113,     
  340,19990114,     
  340,19990115,     
  340,19990116,     
  340,19990117,     
  340,19990118,     
  340,19990119,     
  340,19990120,     
  340,19990121,     
  340,19990122,     
  340,19990123,     
  340,19990124,     
  340,19990125,     
  340,19990126,     
  340,19990127,     
  340,19990128,     
  340,19990129,     
  340,19990130,     
  340,19990131,     
  340,19990201,     
  340,19990202,     
  340,19990203,     
  340,19990204,     
  340,19990205,     
  340,19990206,     
  340,19990207,     
  340,19990208,     
  340,19990209,     
  340,19990210,     
  340,19990211,     
  340,19990212,     
  340,19990213,     
  340,19990214,     
  340,19990215,     
  340,19990216,     
  340,19990217,     
  340,19990218,     
  340,19990219,     
  340,19990220,     
  340,19990221,     
  340,19990222,     
  340,19990223,     
  340,19990224,     
  340,19990225,     
  340,19990226,     
  340,19990227,     
  340,19990228,     
  340,19990301,     
  340,19990302,     
  340,19990303,     
  340,19990304,     
  340,19990305,     
  340,19990306,     
  340,19990307,     
  340,19990308,     
  340,19990309,     
  340,19990310,     
  340,19990311,     
  340,19990312,     
  340,19990313,     
  340,19990314,     
  340,19990315,     
  340,19990316,     
  340,19990317,     
  340,19990318,     
  340,19990319,     
  340,19990320,     
  340,19990321,     
  340,19990322,     
  340,19990323,     
  340,19990324,     
  340,19990325,     
  340,19990326,     
  340,19990327,     
  340,19990328,     
  340,19990329,     
  340,19990330,     
  340,19990331,     
  340,19990401,     
  340,19990402,     
  340,19990403,     
  340,19990404,     
  340,19990405,     
  340,19990406,     
  340,19990407,     
  340,19990408,     
  340,19990409,     
  340,19990410,     
  340,19990411,     
  340,19990412,     
  340,19990413,     
  340,19990414,     
  340,19990415,     
  340,19990416,     
  340,19990417,     
  340,19990418,     
  340,19990419,     
  340,19990420,     
  340,19990421,     
  340,19990422,     
  340,19990423,     
  340,19990424,     
  340,19990425,     
  340,19990426,     
  340,19990427,     
  340,19990428,     
  340,19990429,     
  340,19990430,     
  340,19990501,     
  340,19990502,     
  340,19990503,     
  340,19990504,     
  340,19990505,     
  340,19990506,     
  340,19990507,     
  340,19990508,     
  340,19990509,     
  340,19990510,     
  340,19990511,     
  340,19990512,     
  340,19990513,     
  340,19990514,     
  340,19990515,     
  340,19990516,     
  340,19990517,     
  340,19990518,     
  340,19990519,     
  340,19990520,     
  340,19990521,     
  340,19990522,     
  340,19990523,     
  340,19990524,     
  340,19990525,     
  340,19990526,     
  340,19990527,     
  340,19990528,     
  340,19990529,     
  340,19990530,     
  340,19990531,     
  340,19990601,     
  340,19990602,     
  340,19990603,     
  340,19990604,     
  340,19990605,     
  340,19990606,     
  340,19990607,     
  340,19990608,     
  340,19990609,     
  340,19990610,     
  340,19990611,     
  340,19990612,     
  340,19990613,     
  340,19990614,     
  340,19990615,     
  340,19990616,     
  340,19990617,     
  340,19990618,     
  340,19990619,     
  340,19990620,     
  340,19990621,     
  340,19990622,     
  340,19990623,     
  340,19990624,     
  340,19990625,     
  340,19990626,     
  340,19990627,     
  340,19990628,     
  340,19990629,     
  340,19990630,     
  340,19990701,     
  340,19990702,     
  340,19990703,     
  340,19990704,     
  340,19990705,     
  340,19990706,     
  340,19990707,     
  340,19990708,     
  340,19990709,     
  340,19990710,     
  340,19990711,     
  340,19990712,     
  340,19990713,     
  340,19990714,     
  340,19990715,     
  340,19990716,     
  340,19990717,     
  340,19990718,     
  340,19990719,     
  340,19990720,     
  340,19990721,     
  340,19990722,     
  340,19990723,     
  340,19990724,     
  340,19990725,     
  340,19990726,     
  340,19990727,     
  340,19990728,     
  340,19990729,     
  340,19990730,     
  340,19990731,     
  340,19990801,     
  340,19990802,     
  340,19990803,     
  340,19990804,     
  340,19990805,     
  340,19990806,     
  340,19990807,     
  340,19990808,     
  340,19990809,     
  340,19990810,     
  340,19990811,     
  340,19990812,     
  340,19990813,     
  340,19990814,     
  340,19990815,     
  340,19990816,     
  340,19990817,     
  340,19990818,     
  340,19990819,     
  340,19990820,     
  340,19990821,     
  340,19990822,     
  340,19990823,     
  340,19990824,     
  340,19990825,     
  340,19990826,     
  340,19990827,     
  340,19990828,     
  340,19990829,     
  340,19990830,     
  340,19990831,     
  340,19990901,     
  340,19990902,     
  340,19990903,     
  340,19990904,     
  340,19990905,     
  340,19990906,     
  340,19990907,     
  340,19990908,     
  340,19990909,     
  340,19990910,     
  340,19990911,     
  340,19990912,     
  340,19990913,     
  340,19990914,     
  340,19990915,     
  340,19990916,     
  340,19990917,     
  340,19990918,     
  340,19990919,     
  340,19990920,     
  340,19990921,     
  340,19990922,     
  340,19990923,     
  340,19990924,     
  340,19990925,     
  340,19990926,     
  340,19990927,     
  340,19990928,     
  340,19990929,     
  340,19990930,     
  340,19991001,     
  340,19991002,     
  340,19991003,     
  340,19991004,     
  340,19991005,     
  340,19991006,     
  340,19991007,     
  340,19991008,     
  340,19991009,     
  340,19991010,     
  340,19991011,     
  340,19991012,     
  340,19991013,     
  340,19991014,     
  340,19991015,     
  340,19991016,     
  340,19991017,     
  340,19991018,     
  340,19991019,     
  340,19991020,     
  340,19991021,     
  340,19991022,     
  340,19991023,     
  340,19991024,     
  340,19991025,     
  340,19991026,     
  340,19991027,     
  340,19991028,     
  340,19991029,     
  340,19991030,     
  340,19991031,     
  340,19991101,     
  340,19991102,     
  340,19991103,     
  340,19991104,     
  340,19991105,     
  340,19991106,     
  340,19991107,     
  340,19991108,     
  340,19991109,     
  340,19991110,     
  340,19991111,     
  340,19991112,     
  340,19991113,     
  340,19991114,     
  340,19991115,     
  340,19991116,     
  340,19991117,     
  340,19991118,     
  340,19991119,     
  340,19991120,     
  340,19991121,     
  340,19991122,     
  340,19991123,     
  340,19991124,     
  340,19991125,     
  340,19991126,     
  340,19991127,     
  340,19991128,     
  340,19991129,     
  340,19991130,     
  340,19991201,     
  340,19991202,     
  340,19991203,     
  340,19991204,     
  340,19991205,     
  340,19991206,     
  340,19991207,     
  340,19991208,     
  340,19991209,     
  340,19991210,     
  340,19991211,     
  340,19991212,     
  340,19991213,     
  340,19991214,     
  340,19991215,     
  340,19991216,     
  340,19991217,     
  340,19991218,     
  340,19991219,     
  340,19991220,     
  340,19991221,     
  340,19991222,     
  340,19991223,     
  340,19991224,     
  340,19991225,     
  340,19991226,     
  340,19991227,     
  340,19991228,     
  340,19991229,     
  340,19991230,     
  340,19991231,     
  340,20000101,     
  340,20000102,     
  340,20000103,     
  340,20000104,     
  340,20000105,     
  340,20000106,     
  340,20000107,     
  340,20000108,     
  340,20000109,     
  340,20000110,     
  340,20000111,     
  340,20000112,     
  340,20000113,     
  340,20000114,     
  340,20000115,     
  340,20000116,     
  340,20000117,     
  340,20000118,     
  340,20000119,     
  340,20000120,     
  340,20000121,     
  340,20000122,     
  340,20000123,     
  340,20000124,     
  340,20000125,     
  340,20000126,     
  340,20000127,     
  340,20000128,     
  340,20000129,     
  340,20000130,     
  340,20000131,     
  340,20000201,     
  340,20000202,     
  340,20000203,     
  340,20000204,     
  340,20000205,     
  340,20000206,     
  340,20000207,     
  340,20000208,     
  340,20000209,     
  340,20000210,     
  340,20000211,     
  340,20000212,     
  340,20000213,     
  340,20000214,     
  340,20000215,     
  340,20000216,     
  340,20000217,     
  340,20000218,     
  340,20000219,     
  340,20000220,     
  340,20000221,     
  340,20000222,     
  340,20000223,     
  340,20000224,     
  340,20000225,     
  340,20000226,     
  340,20000227,     
  340,20000228,     
  340,20000229,     
  340,20000301,     
  340,20000302,     
  340,20000303,     
  340,20000304,     
  340,20000305,     
  340,20000306,     
  340,20000307,     
  340,20000308,     
  340,20000309,     
  340,20000310,     
  340,20000311,     
  340,20000312,     
  340,20000313,     
  340,20000314,     
  340,20000315,     
  340,20000316,     
  340,20000317,     
  340,20000318,     
  340,20000319,     
  340,20000320,     
  340,20000321,     
  340,20000322,     
  340,20000323,     
  340,20000324,     
  340,20000325,     
  340,20000326,     
  340,20000327,     
  340,20000328,     
  340,20000329,     
  340,20000330,     
  340,20000331,     
  340,20000401,     
  340,20000402,     
  340,20000403,     
  340,20000404,     
  340,20000405,     
  340,20000406,     
  340,20000407,     
  340,20000408,     
  340,20000409,     
  340,20000410,     
  340,20000411,     
  340,20000412,     
  340,20000413,     
  340,20000414,     
  340,20000415,     
  340,20000416,     
  340,20000417,     
  340,20000418,     
  340,20000419,     
  340,20000420,     
  340,20000421,     
  340,20000422,     
  340,20000423,     
  340,20000424,     
  340,20000425,     
  340,20000426,     
  340,20000427,     
  340,20000428,     
  340,20000429,     
  340,20000430,     
  340,20000501,     
  340,20000502,     
  340,20000503,     
  340,20000504,     
  340,20000505,     
  340,20000506,     
  340,20000507,     
  340,20000508,     
  340,20000509,     
  340,20000510,     
  340,20000511,     
  340,20000512,     
  340,20000513,     
  340,20000514,     
  340,20000515,     
  340,20000516,     
  340,20000517,     
  340,20000518,     
  340,20000519,     
  340,20000520,     
  340,20000521,     
  340,20000522,     
  340,20000523,     
  340,20000524,     
  340,20000525,     
  340,20000526,     
  340,20000527,     
  340,20000528,     
  340,20000529,     
  340,20000530,     
  340,20000531,     
  340,20000601,     
  340,20000602,     
  340,20000603,     
  340,20000604,     
  340,20000605,     
  340,20000606,     
  340,20000607,     
  340,20000608,     
  340,20000609,     
  340,20000610,     
  340,20000611,     
  340,20000612,     
  340,20000613,     
  340,20000614,     
  340,20000615,     
  340,20000616,     
  340,20000617,     
  340,20000618,     
  340,20000619,     
  340,20000620,     
  340,20000621,     
  340,20000622,     
  340,20000623,     
  340,20000624,     
  340,20000625,     
  340,20000626,     
  340,20000627,     
  340,20000628,     
  340,20000629,     
  340,20000630,     
  340,20000701,     
  340,20000702,     
  340,20000703,     
  340,20000704,     
  340,20000705,     
  340,20000706,     
  340,20000707,     
  340,20000708,     
  340,20000709,     
  340,20000710,     
  340,20000711,     
  340,20000712,     
  340,20000713,     
  340,20000714,     
  340,20000715,     
  340,20000716,     
  340,20000717,     
  340,20000718,     
  340,20000719,     
  340,20000720,     
  340,20000721,     
  340,20000722,     
  340,20000723,     
  340,20000724,     
  340,20000725,     
  340,20000726,     
  340,20000727,     
  340,20000728,     
  340,20000729,     
  340,20000730,     
  340,20000731,     
  340,20000801,     
  340,20000802,     
  340,20000803,     
  340,20000804,     
  340,20000805,     
  340,20000806,     
  340,20000807,     
  340,20000808,     
  340,20000809,     
  340,20000810,     
  340,20000811,     
  340,20000812,     
  340,20000813,     
  340,20000814,     
  340,20000815,     
  340,20000816,     
  340,20000817,     
  340,20000818,     
  340,20000819,     
  340,20000820,     
  340,20000821,     
  340,20000822,     
  340,20000823,     
  340,20000824,     
  340,20000825,     
  340,20000826,     
  340,20000827,     
  340,20000828,     
  340,20000829,     
  340,20000830,     
  340,20000831,     
  340,20000901,     
  340,20000902,     
  340,20000903,     
  340,20000904,     
  340,20000905,     
  340,20000906,     
  340,20000907,     
  340,20000908,     
  340,20000909,     
  340,20000910,     
  340,20000911,     
  340,20000912,     
  340,20000913,     
  340,20000914,     
  340,20000915,     
  340,20000916,     
  340,20000917,     
  340,20000918,     
  340,20000919,     
  340,20000920,     
  340,20000921,     
  340,20000922,     
  340,20000923,     
  340,20000924,     
  340,20000925,     
  340,20000926,     
  340,20000927,     
  340,20000928,     
  340,20000929,     
  340,20000930,     
  340,20001001,     
  340,20001002,     
  340,20001003,     
  340,20001004,     
  340,20001005,     
  340,20001006,     
  340,20001007,     
  340,20001008,     
  340,20001009,     
  340,20001010,     
  340,20001011,     
  340,20001012,     
  340,20001013,     
  340,20001014,     
  340,20001015,     
  340,20001016,     
  340,20001017,     
  340,20001018,     
  340,20001019,     
  340,20001020,     
  340,20001021,     
  340,20001022,     
  340,20001023,     
  340,20001024,     
  340,20001025,     
  340,20001026,     
  340,20001027,     
  340,20001028,     
  340,20001029,     
  340,20001030,     
  340,20001031,     
  340,20001101,     
  340,20001102,     
  340,20001103,     
  340,20001104,     
  340,20001105,     
  340,20001106,     
  340,20001107,     
  340,20001108,     
  340,20001109,     
  340,20001110,     
  340,20001111,     
  340,20001112,     
  340,20001113,     
  340,20001114,     
  340,20001115,     
  340,20001116,     
  340,20001117,     
  340,20001118,     
  340,20001119,     
  340,20001120,     
  340,20001121,     
  340,20001122,     
  340,20001123,     
  340,20001124,     
  340,20001125,     
  340,20001126,     
  340,20001127,     
  340,20001128,     
  340,20001129,     
  340,20001130,     
  340,20001201,     
  340,20001202,     
  340,20001203,     
  340,20001204,     
  340,20001205,     
  340,20001206,     
  340,20001207,     
  340,20001208,     
  340,20001209,     
  340,20001210,     
  340,20001211,     
  340,20001212,     
  340,20001213,     
  340,20001214,     
  340,20001215,     
  340,20001216,     
  340,20001217,     
  340,20001218,     
  340,20001219,     
  340,20001220,     
  340,20001221,     
  340,20001222,     
  340,20001223,     
  340,20001224,     
  340,20001225,     
  340,20001226,     
  340,20001227,     
  340,20001228,     
  340,20001229,     
  340,20001230,     
  340,20001231,     
  340,20010101,     
  340,20010102,     
  340,20010103,     
  340,20010104,     
  340,20010105,     
  340,20010106,     
  340,20010107,     
  340,20010108,     
  340,20010109,     
  340,20010110,     
  340,20010111,     
  340,20010112,     
  340,20010113,     
  340,20010114,     
  340,20010115,     
  340,20010116,     
  340,20010117,     
  340,20010118,     
  340,20010119,     
  340,20010120,     
  340,20010121,     
  340,20010122,     
  340,20010123,     
  340,20010124,     
  340,20010125,     
  340,20010126,     
  340,20010127,     
  340,20010128,     
  340,20010129,     
  340,20010130,     
  340,20010131,     
  340,20010201,     
  340,20010202,     
  340,20010203,     
  340,20010204,     
  340,20010205,     
  340,20010206,     
  340,20010207,     
  340,20010208,     
  340,20010209,     
  340,20010210,     
  340,20010211,     
  340,20010212,     
  340,20010213,     
  340,20010214,     
  340,20010215,     
  340,20010216,     
  340,20010217,     
  340,20010218,     
  340,20010219,     
  340,20010220,     
  340,20010221,     
  340,20010222,     
  340,20010223,     
  340,20010224,     
  340,20010225,     
  340,20010226,     
  340,20010227,     
  340,20010228,     
  340,20010301,     
  340,20010302,     
  340,20010303,     
  340,20010304,     
  340,20010305,     
  340,20010306,     
  340,20010307,     
  340,20010308,     
  340,20010309,     
  340,20010310,     
  340,20010311,     
  340,20010312,     
  340,20010313,     
  340,20010314,     
  340,20010315,     
  340,20010316,     
  340,20010317,     
  340,20010318,     
  340,20010319,     
  340,20010320,     
  340,20010321,     
  340,20010322,     
  340,20010323,     
  340,20010324,     
  340,20010325,     
  340,20010326,     
  340,20010327,     
  340,20010328,     
  340,20010329,     
  340,20010330,     
  340,20010331,     
  340,20010401,     
  340,20010402,     
  340,20010403,     
  340,20010404,     
  340,20010405,     
  340,20010406,     
  340,20010407,     
  340,20010408,     
  340,20010409,     
  340,20010410,     
  340,20010411,     
  340,20010412,     
  340,20010413,     
  340,20010414,     
  340,20010415,     
  340,20010416,     
  340,20010417,     
  340,20010418,     
  340,20010419,     
  340,20010420,     
  340,20010421,     
  340,20010422,     
  340,20010423,     
  340,20010424,     
  340,20010425,     
  340,20010426,     
  340,20010427,     
  340,20010428,     
  340,20010429,     
  340,20010430,     
  340,20010501,     
  340,20010502,     
  340,20010503,     
  340,20010504,     
  340,20010505,     
  340,20010506,     
  340,20010507,     
  340,20010508,     
  340,20010509,     
  340,20010510,     
  340,20010511,     
  340,20010512,     
  340,20010513,     
  340,20010514,     
  340,20010515,     
  340,20010516,     
  340,20010517,     
  340,20010518,     
  340,20010519,     
  340,20010520,     
  340,20010521,     
  340,20010522,     
  340,20010523,     
  340,20010524,     
  340,20010525,     
  340,20010526,     
  340,20010527,     
  340,20010528,     
  340,20010529,     
  340,20010530,     
  340,20010531,     
  340,20010601,     
  340,20010602,     
  340,20010603,     
  340,20010604,     
  340,20010605,     
  340,20010606,     
  340,20010607,     
  340,20010608,     
  340,20010609,     
  340,20010610,     
  340,20010611,     
  340,20010612,     
  340,20010613,     
  340,20010614,     
  340,20010615,     
  340,20010616,     
  340,20010617,     
  340,20010618,     
  340,20010619,     
  340,20010620,     
  340,20010621,     
  340,20010622,     
  340,20010623,     
  340,20010624,     
  340,20010625,     
  340,20010626,     
  340,20010627,     
  340,20010628,     
  340,20010629,     
  340,20010630,     
  340,20010701,     
  340,20010702,     
  340,20010703,     
  340,20010704,     
  340,20010705,     
  340,20010706,     
  340,20010707,     
  340,20010708,     
  340,20010709,     
  340,20010710,     
  340,20010711,     
  340,20010712,     
  340,20010713,     
  340,20010714,     
  340,20010715,     
  340,20010716,     
  340,20010717,     
  340,20010718,     
  340,20010719,     
  340,20010720,     
  340,20010721,     
  340,20010722,     
  340,20010723,     
  340,20010724,     
  340,20010725,     
  340,20010726,     
  343,19960726,     
  343,19960727,     
  343,19960728,     
  343,19960729,     
  343,19960730,     
  343,19960731,     
  343,19960801,     
  343,19960802,     
  343,19960803,     
  343,19960804,     
  343,19960805,     
  343,19960806,     
  343,19960807,     
  343,19960808,     
  343,19960809,     
  343,19960810,     
  343,19960811,     
  343,19960812,     
  343,19960813,     
  343,19960814,     
  343,19960815,     
  343,19960816,     
  343,19960817,     
  343,19960818,     
  343,19960819,     
  343,19960820,     
  343,19960821,     
  343,19960822,     
  343,19960823,     
  343,19960824,     
  343,19960825,     
  343,19960826,     
  343,19960827,     
  343,19960828,     
  343,19960829,     
  343,19960830,     
  343,19960831,     
  343,19960901,     
  343,19960902,     
  343,19960903,     
  343,19960904,     
  343,19960905,     
  343,19960906,     
  343,19960907,     
  343,19960908,     
  343,19960909,     
  343,19960910,     
  343,19960911,     
  343,19960912,     
  343,19960913,     
  343,19960914,     
  343,19960915,     
  343,19960916,     
  343,19960917,     
  343,19960918,     
  343,19960919,     
  343,19960920,     
  343,19960921,     
  343,19960922,     
  343,19960923,     
  343,19960924,     
  343,19960925,     
  343,19960926,     
  343,19960927,     
  343,19960928,     
  343,19960929,     
  343,19960930,     
  343,19961001,     
  343,19961002,     
  343,19961003,     
  343,19961004,     
  343,19961005,     
  343,19961006,     
  343,19961007,     
  343,19961008,     
  343,19961009,     
  343,19961010,     
  343,19961011,     
  343,19961012,     
  343,19961013,     
  343,19961014,     
  343,19961015,     
  343,19961016,     
  343,19961017,     
  343,19961018,     
  343,19961019,     
  343,19961020,     
  343,19961021,     
  343,19961022,     
  343,19961023,     
  343,19961024,     
  343,19961025,     
  343,19961026,     
  343,19961027,     
  343,19961028,     
  343,19961029,     
  343,19961030,     
  343,19961031,     
  343,19961101,     
  343,19961102,     
  343,19961103,     
  343,19961104,     
  343,19961105,     
  343,19961106,     
  343,19961107,     
  343,19961108,     
  343,19961109,     
  343,19961110,     
  343,19961111,     
  343,19961112,     
  343,19961113,     
  343,19961114,     
  343,19961115,     
  343,19961116,     
  343,19961117,     
  343,19961118,     
  343,19961119,     
  343,19961120,     
  343,19961121,     
  343,19961122,     
  343,19961123,     
  343,19961124,     
  343,19961125,     
  343,19961126,     
  343,19961127,     
  343,19961128,     
  343,19961129,     
  343,19961130,     
  343,19961201,     
  343,19961202,     
  343,19961203,     
  343,19961204,     
  343,19961205,     
  343,19961206,     
  343,19961207,     
  343,19961208,     
  343,19961209,     
  343,19961210,     
  343,19961211,     
  343,19961212,     
  343,19961213,     
  343,19961214,     
  343,19961215,     
  343,19961216,     
  343,19961217,     
  343,19961218,     
  343,19961219,     
  343,19961220,     
  343,19961221,     
  343,19961222,     
  343,19961223,     
  343,19961224,     
  343,19961225,     
  343,19961226,     
  343,19961227,     
  343,19961228,     
  343,19961229,     
  343,19961230,     
  343,19961231,     
  343,19970101,     
  343,19970102,     
  343,19970103,     
  343,19970104,     
  343,19970105,     
  343,19970106,     
  343,19970107,     
  343,19970108,     
  343,19970109,     
  343,19970110,     
  343,19970111,     
  343,19970112,     
  343,19970113,     
  343,19970114,     
  343,19970115,     
  343,19970116,     
  343,19970117,     
  343,19970118,     
  343,19970119,     
  343,19970120,     
  343,19970121,     
  343,19970122,     
  343,19970123,     
  343,19970124,     
  343,19970125,     
  343,19970126,     
  343,19970127,     
  343,19970128,     
  343,19970129,     
  343,19970130,     
  343,19970131,     
  343,19970201,     
  343,19970202,     
  343,19970203,     
  343,19970204,     
  343,19970205,     
  343,19970206,     
  343,19970207,     
  343,19970208,     
  343,19970209,     
  343,19970210,     
  343,19970211,     
  343,19970212,     
  343,19970213,     
  343,19970214,     
  343,19970215,     
  343,19970216,     
  343,19970217,     
  343,19970218,     
  343,19970219,     
  343,19970220,     
  343,19970221,     
  343,19970222,     
  343,19970223,     
  343,19970224,     
  343,19970225,     
  343,19970226,     
  343,19970227,     
  343,19970228,     
  343,19970301,     
  343,19970302,     
  343,19970303,     
  343,19970304,     
  343,19970305,     
  343,19970306,     
  343,19970307,     
  343,19970308,     
  343,19970309,     
  343,19970310,     
  343,19970311,     
  343,19970312,     
  343,19970313,     
  343,19970314,     
  343,19970315,     
  343,19970316,     
  343,19970317,     
  343,19970318,     
  343,19970319,     
  343,19970320,     
  343,19970321,     
  343,19970322,     
  343,19970323,     
  343,19970324,     
  343,19970325,     
  343,19970326,     
  343,19970327,     
  343,19970328,     
  343,19970329,     
  343,19970330,     
  343,19970331,     
  343,19970401,     
  343,19970402,     
  343,19970403,     
  343,19970404,     
  343,19970405,     
  343,19970406,     
  343,19970407,     
  343,19970408,     
  343,19970409,     
  343,19970410,     
  343,19970411,     
  343,19970412,     
  343,19970413,     
  343,19970414,     
  343,19970415,     
  343,19970416,     
  343,19970417,     
  343,19970418,     
  343,19970419,     
  343,19970420,     
  343,19970421,     
  343,19970422,     
  343,19970423,     
  343,19970424,     
  343,19970425,     
  343,19970426,     
  343,19970427,     
  343,19970428,     
  343,19970429,     
  343,19970430,     
  343,19970501,     
  343,19970502,     
  343,19970503,     
  343,19970504,     
  343,19970505,     
  343,19970506,     
  343,19970507,     
  343,19970508,     
  343,19970509,     
  343,19970510,     
  343,19970511,     
  343,19970512,     
  343,19970513,     
  343,19970514,     
  343,19970515,     
  343,19970516,     
  343,19970517,     
  343,19970518,     
  343,19970519,     
  343,19970520,     
  343,19970521,     
  343,19970522,     
  343,19970523,     
  343,19970524,     
  343,19970525,     
  343,19970526,     
  343,19970527,     
  343,19970528,     
  343,19970529,     
  343,19970530,     
  343,19970531,     
  343,19970601,     
  343,19970602,     
  343,19970603,     
  343,19970604,     
  343,19970605,     
  343,19970606,     
  343,19970607,     
  343,19970608,     
  343,19970609,     
  343,19970610,     
  343,19970611,     
  343,19970612,     
  343,19970613,     
  343,19970614,     
  343,19970615,     
  343,19970616,     
  343,19970617,     
  343,19970618,     
  343,19970619,     
  343,19970620,     
  343,19970621,     
  343,19970622,     
  343,19970623,     
  343,19970624,     
  343,19970625,     
  343,19970626,     
  343,19970627,     
  343,19970628,     
  343,19970629,     
  343,19970630,     
  343,19970701,     
  343,19970702,     
  343,19970703,     
  343,19970704,     
  343,19970705,     
  343,19970706,     
  343,19970707,     
  343,19970708,     
  343,19970709,     
  343,19970710,     
  343,19970711,     
  343,19970712,     
  343,19970713,     
  343,19970714,     
  343,19970715,     
  343,19970716,     
  343,19970717,     
  343,19970718,     
  343,19970719,     
  343,19970720,     
  343,19970721,     
  343,19970722,     
  343,19970723,     
  343,19970724,     
  343,19970725,     
  343,19970726,     
  343,19970727,     
  343,19970728,     
  343,19970729,     
  343,19970730,     
  343,19970731,     
  343,19970801,     
  343,19970802,     
  343,19970803,     
  343,19970804,     
  343,19970805,     
  343,19970806,     
  343,19970807,     
  343,19970808,     
  343,19970809,     
  343,19970810,     
  343,19970811,     
  343,19970812,     
  343,19970813,     
  343,19970814,     
  343,19970815,     
  343,19970816,     
  343,19970817,     
  343,19970818,     
  343,19970819,     
  343,19970820,     
  343,19970821,     
  343,19970822,     
  343,19970823,     
  343,19970824,     
  343,19970825,     
  343,19970826,     
  343,19970827,     
  343,19970828,     
  343,19970829,     
  343,19970830,     
  343,19970831,     
  343,19970901,     
  343,19970902,     
  343,19970903,     
  343,19970904,     
  343,19970905,     
  343,19970906,     
  343,19970907,     
  343,19970908,     
  343,19970909,     
  343,19970910,     
  343,19970911,     
  343,19970912,     
  343,19970913,     
  343,19970914,     
  343,19970915,     
  343,19970916,     
  343,19970917,     
  343,19970918,     
  343,19970919,     
  343,19970920,     
  343,19970921,     
  343,19970922,     
  343,19970923,     
  343,19970924,     
  343,19970925,     
  343,19970926,     
  343,19970927,     
  343,19970928,     
  343,19970929,     
  343,19970930,     
  343,19971001,     
  343,19971002,     
  343,19971003,     
  343,19971004,     
  343,19971005,     
  343,19971006,     
  343,19971007,     
  343,19971008,     
  343,19971009,     
  343,19971010,     
  343,19971011,     
  343,19971012,     
  343,19971013,     
  343,19971014,     
  343,19971015,     
  343,19971016,     
  343,19971017,     
  343,19971018,     
  343,19971019,     
  343,19971020,     
  343,19971021,     
  343,19971022,     
  343,19971023,     
  343,19971024,     
  343,19971025,     
  343,19971026,     
  343,19971027,     
  343,19971028,     
  343,19971029,     
  343,19971030,     
  343,19971031,     
  343,19971101,     
  343,19971102,     
  343,19971103,     
  343,19971104,     
  343,19971105,     
  343,19971106,     
  343,19971107,     
  343,19971108,     
  343,19971109,     
  343,19971110,     
  343,19971111,     
  343,19971112,     
  343,19971113,     
  343,19971114,     
  343,19971115,     
  343,19971116,     
  343,19971117,     
  343,19971118,     
  343,19971119,     
  343,19971120,     
  343,19971121,     
  343,19971122,     
  343,19971123,     
  343,19971124,     
  343,19971125,     
  343,19971126,     
  343,19971127,     
  343,19971128,     
  343,19971129,     
  343,19971130,     
  343,19971201,     
  343,19971202,     
  343,19971203,     
  343,19971204,     
  343,19971205,     
  343,19971206,     
  343,19971207,     
  343,19971208,     
  343,19971209,     
  343,19971210,     
  343,19971211,     
  343,19971212,     
  343,19971213,     
  343,19971214,     
  343,19971215,     
  343,19971216,     
  343,19971217,     
  343,19971218,     
  343,19971219,     
  343,19971220,     
  343,19971221,     
  343,19971222,     
  343,19971223,     
  343,19971224,     
  343,19971225,     
  343,19971226,     
  343,19971227,     
  343,19971228,     
  343,19971229,     
  343,19971230,     
  343,19971231,     
  343,19980101,     
  343,19980102,     
  343,19980103,     
  343,19980104,     
  343,19980105,     
  343,19980106,     
  343,19980107,     
  343,19980108,     
  343,19980109,     
  343,19980110,     
  343,19980111,     
  343,19980112,     
  343,19980113,     
  343,19980114,     
  343,19980115,     
  343,19980116,     
  343,19980117,     
  343,19980118,     
  343,19980119,     
  343,19980120,     
  343,19980121,     
  343,19980122,     
  343,19980123,     
  343,19980124,     
  343,19980125,     
  343,19980126,     
  343,19980127,     
  343,19980128,     
  343,19980129,     
  343,19980130,     
  343,19980131,     
  343,19980201,     
  343,19980202,     
  343,19980203,     
  343,19980204,     
  343,19980205,     
  343,19980206,     
  343,19980207,     
  343,19980208,     
  343,19980209,     
  343,19980210,     
  343,19980211,     
  343,19980212,     
  343,19980213,     
  343,19980214,     
  343,19980215,     
  343,19980216,     
  343,19980217,     
  343,19980218,     
  343,19980219,     
  343,19980220,     
  343,19980221,     
  343,19980222,     
  343,19980223,     
  343,19980224,     
  343,19980225,     
  343,19980226,     
  343,19980227,     
  343,19980228,     
  343,19980301,     
  343,19980302,     
  343,19980303,     
  343,19980304,     
  343,19980305,     
  343,19980306,     
  343,19980307,     
  343,19980308,     
  343,19980309,     
  343,19980310,     
  343,19980311,     
  343,19980312,     
  343,19980313,     
  343,19980314,     
  343,19980315,     
  343,19980316,     
  343,19980317,     
  343,19980318,     
  343,19980319,     
  343,19980320,     
  343,19980321,     
  343,19980322,     
  343,19980323,     
  343,19980324,     
  343,19980325,     
  343,19980326,     
  343,19980327,     
  343,19980328,     
  343,19980329,     
  343,19980330,     
  343,19980331,     
  343,19980401,     
  343,19980402,     
  343,19980403,     
  343,19980404,     
  343,19980405,     
  343,19980406,     
  343,19980407,     
  343,19980408,     
  343,19980409,     
  343,19980410,     
  343,19980411,     
  343,19980412,     
  343,19980413,     
  343,19980414,     
  343,19980415,     
  343,19980416,     
  343,19980417,     
  343,19980418,     
  343,19980419,     
  343,19980420,     
  343,19980421,     
  343,19980422,     
  343,19980423,     
  343,19980424,     
  343,19980425,     
  343,19980426,     
  343,19980427,     
  343,19980428,     
  343,19980429,     
  343,19980430,     
  343,19980501,     
  343,19980502,     
  343,19980503,     
  343,19980504,     
  343,19980505,     
  343,19980506,     
  343,19980507,     
  343,19980508,     
  343,19980509,     
  343,19980510,     
  343,19980511,     
  343,19980512,     
  343,19980513,     
  343,19980514,     
  343,19980515,     
  343,19980516,     
  343,19980517,     
  343,19980518,     
  343,19980519,     
  343,19980520,     
  343,19980521,     
  343,19980522,     
  343,19980523,     
  343,19980524,     
  343,19980525,     
  343,19980526,     
  343,19980527,     
  343,19980528,     
  343,19980529,     
  343,19980530,     
  343,19980531,     
  343,19980601,     
  343,19980602,     
  343,19980603,     
  343,19980604,     
  343,19980605,     
  343,19980606,     
  343,19980607,     
  343,19980608,     
  343,19980609,     
  343,19980610,     
  343,19980611,     
  343,19980612,     
  343,19980613,     
  343,19980614,     
  343,19980615,     
  343,19980616,     
  343,19980617,     
  343,19980618,     
  343,19980619,     
  343,19980620,     
  343,19980621,     
  343,19980622,     
  343,19980623,     
  343,19980624,     
  343,19980625,     
  343,19980626,     
  343,19980627,     
  343,19980628,     
  343,19980629,     
  343,19980630,     
  343,19980701,     
  343,19980702,     
  343,19980703,     
  343,19980704,     
  343,19980705,     
  343,19980706,     
  343,19980707,     
  343,19980708,     
  343,19980709,     
  343,19980710,     
  343,19980711,     
  343,19980712,     
  343,19980713,     
  343,19980714,     
  343,19980715,     
  343,19980716,     
  343,19980717,     
  343,19980718,     
  343,19980719,     
  343,19980720,     
  343,19980721,     
  343,19980722,     
  343,19980723,     
  343,19980724,     
  343,19980725,     
  343,19980726,     
  343,19980727,     
  343,19980728,     
  343,19980729,     
  343,19980730,     
  343,19980731,     
  343,19980801,     
  343,19980802,     
  343,19980803,     
  343,19980804,     
  343,19980805,     
  343,19980806,     
  343,19980807,     
  343,19980808,     
  343,19980809,     
  343,19980810,     
  343,19980811,     
  343,19980812,     
  343,19980813,     
  343,19980814,     
  343,19980815,     
  343,19980816,     
  343,19980817,     
  343,19980818,     
  343,19980819,     
  343,19980820,     
  343,19980821,     
  343,19980822,     
  343,19980823,     
  343,19980824,     
  343,19980825,     
  343,19980826,     
  343,19980827,     
  343,19980828,     
  343,19980829,     
  343,19980830,     
  343,19980831,     
  343,19980901,     
  343,19980902,     
  343,19980903,     
  343,19980904,     
  343,19980905,     
  343,19980906,     
  343,19980907,     
  343,19980908,     
  343,19980909,     
  343,19980910,     
  343,19980911,     
  343,19980912,     
  343,19980913,     
  343,19980914,     
  343,19980915,     
  343,19980916,     
  343,19980917,     
  343,19980918,     
  343,19980919,     
  343,19980920,     
  343,19980921,     
  343,19980922,     
  343,19980923,     
  343,19980924,     
  343,19980925,     
  343,19980926,     
  343,19980927,     
  343,19980928,     
  343,19980929,     
  343,19980930,     
  343,19981001,     
  343,19981002,     
  343,19981003,     
  343,19981004,     
  343,19981005,     
  343,19981006,     
  343,19981007,     
  343,19981008,     
  343,19981009,     
  343,19981010,     
  343,19981011,     
  343,19981012,     
  343,19981013,     
  343,19981014,     
  343,19981015,     
  343,19981016,     
  343,19981017,     
  343,19981018,     
  343,19981019,     
  343,19981020,     
  343,19981021,     
  343,19981022,     
  343,19981023,     
  343,19981024,     
  343,19981025,     
  343,19981026,     
  343,19981027,     
  343,19981028,     
  343,19981029,     
  343,19981030,     
  343,19981031,     
  343,19981101,     
  343,19981102,     
  343,19981103,     
  343,19981104,     
  343,19981105,     
  343,19981106,     
  343,19981107,     
  343,19981108,     
  343,19981109,     
  343,19981110,     
  343,19981111,     
  343,19981112,     
  343,19981113,     
  343,19981114,     
  343,19981115,     
  343,19981116,     
  343,19981117,     
  343,19981118,     
  343,19981119,     
  343,19981120,     
  343,19981121,     
  343,19981122,     
  343,19981123,     
  343,19981124,     
  343,19981125,     
  343,19981126,     
  343,19981127,     
  343,19981128,     
  343,19981129,     
  343,19981130,     
  343,19981201,     
  343,19981202,     
  343,19981203,     
  343,19981204,     
  343,19981205,     
  343,19981206,     
  343,19981207,     
  343,19981208,     
  343,19981209,     
  343,19981210,     
  343,19981211,     
  343,19981212,     
  343,19981213,     
  343,19981214,     
  343,19981215,     
  343,19981216,     
  343,19981217,     
  343,19981218,     
  343,19981219,     
  343,19981220,     
  343,19981221,     
  343,19981222,     
  343,19981223,     
  343,19981224,     
  343,19981225,     
  343,19981226,     
  343,19981227,     
  343,19981228,     
  343,19981229,     
  343,19981230,     
  343,19981231,     
  343,19990101,     
  343,19990102,     
  343,19990103,     
  343,19990104,     
  343,19990105,     
  343,19990106,     
  343,19990107,     
  343,19990108,     
  343,19990109,     
  343,19990110,     
  343,19990111,     
  343,19990112,     
  343,19990113,     
  343,19990114,     
  343,19990115,     
  343,19990116,     
  343,19990117,     
  343,19990118,     
  343,19990119,     
  343,19990120,     
  343,19990121,     
  343,19990122,     
  343,19990123,     
  343,19990124,     
  343,19990125,     
  343,19990126,     
  343,19990127,     
  343,19990128,     
  343,19990129,     
  343,19990130,     
  343,19990131,     
  343,19990201,     
  343,19990202,     
  343,19990203,     
  343,19990204,     
  343,19990205,     
  343,19990206,     
  343,19990207,     
  343,19990208,     
  343,19990209,     
  343,19990210,     
  343,19990211,     
  343,19990212,     
  343,19990213,     
  343,19990214,     
  343,19990215,     
  343,19990216,     
  343,19990217,     
  343,19990218,     
  343,19990219,     
  343,19990220,     
  343,19990221,     
  343,19990222,     
  343,19990223,     
  343,19990224,     
  343,19990225,     
  343,19990226,     
  343,19990227,     
  343,19990228,     
  343,19990301,     
  343,19990302,     
  343,19990303,     
  343,19990304,     
  343,19990305,     
  343,19990306,     
  343,19990307,     
  343,19990308,     
  343,19990309,     
  343,19990310,     
  343,19990311,     
  343,19990312,     
  343,19990313,     
  343,19990314,     
  343,19990315,     
  343,19990316,     
  343,19990317,     
  343,19990318,     
  343,19990319,     
  343,19990320,     
  343,19990321,     
  343,19990322,     
  343,19990323,     
  343,19990324,     
  343,19990325,     
  343,19990326,     
  343,19990327,     
  343,19990328,     
  343,19990329,     
  343,19990330,     
  343,19990331,     
  343,19990401,     
  343,19990402,     
  343,19990403,     
  343,19990404,     
  343,19990405,     
  343,19990406,     
  343,19990407,     
  343,19990408,     
  343,19990409,     
  343,19990410,     
  343,19990411,     
  343,19990412,     
  343,19990413,     
  343,19990414,     
  343,19990415,     
  343,19990416,     
  343,19990417,     
  343,19990418,     
  343,19990419,     
  343,19990420,     
  343,19990421,     
  343,19990422,     
  343,19990423,     
  343,19990424,     
  343,19990425,     
  343,19990426,     
  343,19990427,     
  343,19990428,     
  343,19990429,     
  343,19990430,     
  343,19990501,     
  343,19990502,     
  343,19990503,     
  343,19990504,     
  343,19990505,     
  343,19990506,     
  343,19990507,     
  343,19990508,     
  343,19990509,     
  343,19990510,     
  343,19990511,     
  343,19990512,     
  343,19990513,     
  343,19990514,     
  343,19990515,     
  343,19990516,     
  343,19990517,     
  343,19990518,     
  343,19990519,     
  343,19990520,     
  343,19990521,     
  343,19990522,     
  343,19990523,     
  343,19990524,     
  343,19990525,     
  343,19990526,     
  343,19990527,     
  343,19990528,     
  343,19990529,     
  343,19990530,     
  343,19990531,     
  343,19990601,     
  343,19990602,     
  343,19990603,     
  343,19990604,     
  343,19990605,     
  343,19990606,     
  343,19990607,     
  343,19990608,     
  343,19990609,     
  343,19990610,     
  343,19990611,     
  343,19990612,     
  343,19990613,     
  343,19990614,     
  343,19990615,     
  343,19990616,     
  343,19990617,     
  343,19990618,     
  343,19990619,     
  343,19990620,     
  343,19990621,     
  343,19990622,     
  343,19990623,     
  343,19990624,     
  343,19990625,     
  343,19990626,     
  343,19990627,     
  343,19990628,     
  343,19990629,     
  343,19990630,     
  343,19990701,     
  343,19990702,     
  343,19990703,     
  343,19990704,     
  343,19990705,     
  343,19990706,     
  343,19990707,     
  343,19990708,     
  343,19990709,     
  343,19990710,     
  343,19990711,     
  343,19990712,     
  343,19990713,     
  343,19990714,     
  343,19990715,     
  343,19990716,     
  343,19990717,     
  343,19990718,     
  343,19990719,     
  343,19990720,     
  343,19990721,     
  343,19990722,     
  343,19990723,     
  343,19990724,     
  343,19990725,     
  343,19990726,     
  343,19990727,     
  343,19990728,     
  343,19990729,     
  343,19990730,     
  343,19990731,     
  343,19990801,     
  343,19990802,     
  343,19990803,     
  343,19990804,     
  343,19990805,     
  343,19990806,     
  343,19990807,     
  343,19990808,     
  343,19990809,     
  343,19990810,     
  343,19990811,     
  343,19990812,     
  343,19990813,     
  343,19990814,     
  343,19990815,     
  343,19990816,     
  343,19990817,     
  343,19990818,     
  343,19990819,     
  343,19990820,     
  343,19990821,     
  343,19990822,     
  343,19990823,     
  343,19990824,     
  343,19990825,     
  343,19990826,     
  343,19990827,     
  343,19990828,     
  343,19990829,     
  343,19990830,     
  343,19990831,     
  343,19990901,     
  343,19990902,     
  343,19990903,     
  343,19990904,     
  343,19990905,     
  343,19990906,     
  343,19990907,     
  343,19990908,     
  343,19990909,     
  343,19990910,     
  343,19990911,     
  343,19990912,     
  343,19990913,     
  343,19990914,     
  343,19990915,     
  343,19990916,     
  343,19990917,     
  343,19990918,     
  343,19990919,     
  343,19990920,     
  343,19990921,     
  343,19990922,     
  343,19990923,     
  343,19990924,     
  343,19990925,     
  343,19990926,     
  343,19990927,     
  343,19990928,     
  343,19990929,     
  343,19990930,     
  343,19991001,     
  343,19991002,     
  343,19991003,     
  343,19991004,     
  343,19991005,     
  343,19991006,     
  343,19991007,     
  343,19991008,     
  343,19991009,     
  343,19991010,     
  343,19991011,     
  343,19991012,     
  343,19991013,     
  343,19991014,     
  343,19991015,     
  343,19991016,     
  343,19991017,     
  343,19991018,     
  343,19991019,     
  343,19991020,     
  343,19991021,     
  343,19991022,     
  343,19991023,     
  343,19991024,     
  343,19991025,     
  343,19991026,     
  343,19991027,     
  343,19991028,     
  343,19991029,     
  343,19991030,     
  343,19991031,     
  343,19991101,     
  343,19991102,     
  343,19991103,     
  343,19991104,     
  343,19991105,     
  343,19991106,     
  343,19991107,     
  343,19991108,     
  343,19991109,     
  343,19991110,     
  343,19991111,     
  343,19991112,     
  343,19991113,     
  343,19991114,     
  343,19991115,     
  343,19991116,     
  343,19991117,     
  343,19991118,     
  343,19991119,     
  343,19991120,     
  343,19991121,     
  343,19991122,     
  343,19991123,     
  343,19991124,     
  343,19991125,     
  343,19991126,     
  343,19991127,     
  343,19991128,     
  343,19991129,     
  343,19991130,     
  343,19991201,     
  343,19991202,     
  343,19991203,     
  343,19991204,     
  343,19991205,     
  343,19991206,     
  343,19991207,     
  343,19991208,     
  343,19991209,     
  343,19991210,     
  343,19991211,     
  343,19991212,     
  343,19991213,     
  343,19991214,     
  343,19991215,     
  343,19991216,     
  343,19991217,     
  343,19991218,     
  343,19991219,     
  343,19991220,     
  343,19991221,     
  343,19991222,     
  343,19991223,     
  343,19991224,     
  343,19991225,     
  343,19991226,     
  343,19991227,     
  343,19991228,     
  343,19991229,     
  343,19991230,     
  343,19991231,     
  343,20000101,     
  343,20000102,     
  343,20000103,     
  343,20000104,     
  343,20000105,     
  343,20000106,     
  343,20000107,     
  343,20000108,     
  343,20000109,     
  343,20000110,     
  343,20000111,     
  343,20000112,     
  343,20000113,     
  343,20000114,     
  343,20000115,     
  343,20000116,     
  343,20000117,     
  343,20000118,     
  343,20000119,     
  343,20000120,     
  343,20000121,     
  343,20000122,     
  343,20000123,     
  343,20000124,     
  343,20000125,     
  343,20000126,     
  343,20000127,     
  343,20000128,     
  343,20000129,     
  343,20000130,     
  343,20000131,     
  343,20000201,     
  343,20000202,     
  343,20000203,     
  343,20000204,     
  343,20000205,     
  343,20000206,     
  343,20000207,     
  343,20000208,     
  343,20000209,     
  343,20000210,     
  343,20000211,     
  343,20000212,     
  343,20000213,     
  343,20000214,     
  343,20000215,     
  343,20000216,     
  343,20000217,     
  343,20000218,     
  343,20000219,     
  343,20000220,     
  343,20000221,     
  343,20000222,     
  343,20000223,     
  343,20000224,     
  343,20000225,     
  343,20000226,     
  343,20000227,     
  343,20000228,     
  343,20000229,     
  343,20000301,     
  343,20000302,     
  343,20000303,     
  343,20000304,     
  343,20000305,     
  343,20000306,     
  343,20000307,     
  343,20000308,     
  343,20000309,     
  343,20000310,     
  343,20000311,     
  343,20000312,     
  343,20000313,     
  343,20000314,     
  343,20000315,     
  343,20000316,     
  343,20000317,     
  343,20000318,     
  343,20000319,     
  343,20000320,     
  343,20000321,     
  343,20000322,     
  343,20000323,     
  343,20000324,     
  343,20000325,     
  343,20000326,     
  343,20000327,     
  343,20000328,     
  343,20000329,     
  343,20000330,     
  343,20000331,     
  343,20000401,     
  343,20000402,     
  343,20000403,     
  343,20000404,     
  343,20000405,     
  343,20000406,     
  343,20000407,     
  343,20000408,     
  343,20000409,     
  343,20000410,     
  343,20000411,     
  343,20000412,     
  343,20000413,     
  343,20000414,     
  343,20000415,     
  343,20000416,     
  343,20000417,     
  343,20000418,     
  343,20000419,     
  343,20000420,     
  343,20000421,     
  343,20000422,     
  343,20000423,     
  343,20000424,     
  343,20000425,     
  343,20000426,     
  343,20000427,     
  343,20000428,     
  343,20000429,     
  343,20000430,     
  343,20000501,     
  343,20000502,     
  343,20000503,     
  343,20000504,     
  343,20000505,     
  343,20000506,     
  343,20000507,     
  343,20000508,     
  343,20000509,     
  343,20000510,     
  343,20000511,     
  343,20000512,     
  343,20000513,     
  343,20000514,     
  343,20000515,     
  343,20000516,     
  343,20000517,     
  343,20000518,     
  343,20000519,     
  343,20000520,     
  343,20000521,     
  343,20000522,     
  343,20000523,     
  343,20000524,     
  343,20000525,     
  343,20000526,     
  343,20000527,     
  343,20000528,     
  343,20000529,     
  343,20000530,     
  343,20000531,     
  343,20000601,     
  343,20000602,     
  343,20000603,     
  343,20000604,     
  343,20000605,     
  343,20000606,     
  343,20000607,     
  343,20000608,     
  343,20000609,     
  343,20000610,     
  343,20000611,     
  343,20000612,     
  343,20000613,     
  343,20000614,     
  343,20000615,     
  343,20000616,     
  343,20000617,     
  343,20000618,     
  343,20000619,     
  343,20000620,     
  343,20000621,     
  343,20000622,     
  343,20000623,     
  343,20000624,     
  343,20000625,     
  343,20000626,     
  343,20000627,     
  343,20000628,     
  343,20000629,     
  343,20000630,     
  343,20000701,     
  343,20000702,     
  343,20000703,     
  343,20000704,     
  343,20000705,     
  343,20000706,     
  343,20000707,     
  343,20000708,     
  343,20000709,     
  343,20000710,     
  343,20000711,     
  343,20000712,     
  343,20000713,     
  343,20000714,     
  343,20000715,     
  343,20000716,     
  343,20000717,     
  343,20000718,     
  343,20000719,     
  343,20000720,     
  343,20000721,     
  343,20000722,     
  343,20000723,     
  343,20000724,     
  343,20000725,     
  343,20000726,     
  343,20000727,     
  343,20000728,     
  343,20000729,     
  343,20000730,     
  343,20000731,     
  343,20000801,     
  343,20000802,     
  343,20000803,     
  343,20000804,     
  343,20000805,     
  343,20000806,     
  343,20000807,     
  343,20000808,     
  343,20000809,     
  343,20000810,     
  343,20000811,     
  343,20000812,     
  343,20000813,     
  343,20000814,     
  343,20000815,     
  343,20000816,     
  343,20000817,     
  343,20000818,     
  343,20000819,     
  343,20000820,     
  343,20000821,     
  343,20000822,     
  343,20000823,     
  343,20000824,     
  343,20000825,     
  343,20000826,     
  343,20000827,     
  343,20000828,     
  343,20000829,     
  343,20000830,     
  343,20000831,     
  343,20000901,     
  343,20000902,     
  343,20000903,     
  343,20000904,     
  343,20000905,     
  343,20000906,     
  343,20000907,     
  343,20000908,     
  343,20000909,     
  343,20000910,     
  343,20000911,     
  343,20000912,     
  343,20000913,     
  343,20000914,     
  343,20000915,     
  343,20000916,     
  343,20000917,     
  343,20000918,     
  343,20000919,     
  343,20000920,     
  343,20000921,     
  343,20000922,     
  343,20000923,     
  343,20000924,     
  343,20000925,     
  343,20000926,     
  343,20000927,     
  343,20000928,     
  343,20000929,     
  343,20000930,     
  343,20001001,     
  343,20001002,     
  343,20001003,     
  343,20001004,     
  343,20001005,     
  343,20001006,     
  343,20001007,     
  343,20001008,     
  343,20001009,     
  343,20001010,     
  343,20001011,     
  343,20001012,     
  343,20001013,     
  343,20001014,     
  343,20001015,     
  343,20001016,     
  343,20001017,     
  343,20001018,     
  343,20001019,     
  343,20001020,     
  343,20001021,     
  343,20001022,     
  343,20001023,     
  343,20001024,     
  343,20001025,     
  343,20001026,     
  343,20001027,     
  343,20001028,     
  343,20001029,     
  343,20001030,     
  343,20001031,     
  343,20001101,     
  343,20001102,     
  343,20001103,     
  343,20001104,     
  343,20001105,     
  343,20001106,     
  343,20001107,     
  343,20001108,     
  343,20001109,     
  343,20001110,     
  343,20001111,     
  343,20001112,     
  343,20001113,     
  343,20001114,     
  343,20001115,     
  343,20001116,     
  343,20001117,     
  343,20001118,     
  343,20001119,     
  343,20001120,     
  343,20001121,     
  343,20001122,     
  343,20001123,     
  343,20001124,     
  343,20001125,     
  343,20001126,     
  343,20001127,     
  343,20001128,     
  343,20001129,     
  343,20001130,     
  343,20001201,     
  343,20001202,     
  343,20001203,     
  343,20001204,     
  343,20001205,     
  343,20001206,     
  343,20001207,     
  343,20001208,     
  343,20001209,     
  343,20001210,     
  343,20001211,     
  343,20001212,     
  343,20001213,     
  343,20001214,     
  343,20001215,     
  343,20001216,     
  343,20001217,     
  343,20001218,     
  343,20001219,     
  343,20001220,     
  343,20001221,     
  343,20001222,     
  343,20001223,     
  343,20001224,     
  343,20001225,     
  343,20001226,     
  343,20001227,     
  343,20001228,     
  343,20001229,     
  343,20001230,     
  343,20001231,     
  343,20010101,     
  343,20010102,     
  343,20010103,     
  343,20010104,     
  343,20010105,     
  343,20010106,     
  343,20010107,     
  343,20010108,     
  343,20010109,     
  343,20010110,     
  343,20010111,     
  343,20010112,     
  343,20010113,     
  343,20010114,     
  343,20010115,     
  343,20010116,     
  343,20010117,     
  343,20010118,     
  343,20010119,     
  343,20010120,     
  343,20010121,     
  343,20010122,     
  343,20010123,     
  343,20010124,     
  343,20010125,     
  343,20010126,     
  343,20010127,     
  343,20010128,     
  343,20010129,     
  343,20010130,     
  343,20010131,     
  343,20010201,     
  343,20010202,     
  343,20010203,     
  343,20010204,     
  343,20010205,     
  343,20010206,     
  343,20010207,     
  343,20010208,     
  343,20010209,     
  343,20010210,     
  343,20010211,     
  343,20010212,     
  343,20010213,     
  343,20010214,     
  343,20010215,     
  343,20010216,     
  343,20010217,     
  343,20010218,     
  343,20010219,     
  343,20010220,     
  343,20010221,     
  343,20010222,     
  343,20010223,     
  343,20010224,     
  343,20010225,     
  343,20010226,     
  343,20010227,     
  343,20010228,     
  343,20010301,     
  343,20010302,     
  343,20010303,     
  343,20010304,     
  343,20010305,     
  343,20010306,     
  343,20010307,     
  343,20010308,     
  343,20010309,     
  343,20010310,     
  343,20010311,     
  343,20010312,     
  343,20010313,     
  343,20010314,     
  343,20010315,     
  343,20010316,     
  343,20010317,     
  343,20010318,     
  343,20010319,     
  343,20010320,     
  343,20010321,     
  343,20010322,     
  343,20010323,     
  343,20010324,     
  343,20010325,     
  343,20010326,     
  343,20010327,     
  343,20010328,     
  343,20010329,     
  343,20010330,     
  343,20010331,     
  343,20010401,     
  343,20010402,     
  343,20010403,     
  343,20010404,     
  343,20010405,     
  343,20010406,     
  343,20010407,     
  343,20010408,     
  343,20010409,     
  343,20010410,     
  343,20010411,     
  343,20010412,     
  343,20010413,     
  343,20010414,     
  343,20010415,     
  343,20010416,     
  343,20010417,     
  343,20010418,     
  343,20010419,     
  343,20010420,     
  343,20010421,     
  343,20010422,     
  343,20010423,     
  343,20010424,     
  343,20010425,     
  343,20010426,     
  343,20010427,     
  343,20010428,     
  343,20010429,     
  343,20010430,     
  343,20010501,     
  343,20010502,     
  343,20010503,     
  343,20010504,     
  343,20010505,     
  343,20010506,     
  343,20010507,     
  343,20010508,     
  343,20010509,     
  343,20010510,     
  343,20010511,     
  343,20010512,     
  343,20010513,     
  343,20010514,     
  343,20010515,     
  343,20010516,     
  343,20010517,     
  343,20010518,     
  343,20010519,     
  343,20010520,     
  343,20010521,     
  343,20010522,     
  343,20010523,     
  343,20010524,     
  343,20010525,     
  343,20010526,     
  343,20010527,     
  343,20010528,     
  343,20010529,     
  343,20010530,     
  343,20010531,     
  343,20010601,     
  343,20010602,     
  343,20010603,     
  343,20010604,     
  343,20010605,     
  343,20010606,     
  343,20010607,     
  343,20010608,     
  343,20010609,     
  343,20010610,     
  343,20010611,     
  343,20010612,     
  343,20010613,     
  343,20010614,     
  343,20010615,     
  343,20010616,     
  343,20010617,     
  343,20010618,     
  343,20010619,     
  343,20010620,     
  343,20010621,     
  343,20010622,     
  343,20010623,     
  343,20010624,     
  343,20010625,     
  343,20010626,     
  343,20010627,     
  343,20010628,     
  343,20010629,     
  343,20010630,     
  343,20010701,     
  343,20010702,     
  343,20010703,     
  343,20010704,     
  343,20010705,     
  343,20010706,     
  343,20010707,     
  343,20010708,     
  343,20010709,     
  343,20010710,     
  343,20010711,     
  343,20010712,     
  343,20010713,     
  343,20010714,     
  343,20010715,     
  343,20010716,     
  343,20010717,     
  343,20010718,     
  343,20010719,     
  343,20010720,     
  343,20010721,     
  343,20010722,     
  343,20010723,     
  343,20010724,     
  343,20010725,     
  343,20010726,     
  344,19960726,    0
  344,19960727,   -1
  344,19960728,    0
  344,19960729,   -1
  344,19960730,   -1
  344,19960731,    1
  344,19960801,    0
  344,19960802,    0
  344,19960803,    0
  344,19960804,    0
  344,19960805,    0
  344,19960806,  243
  344,19960807,   -1
  344,19960808,    0
  344,19960809,   -1
  344,19960810,   38
  344,19960811,   22
  344,19960812,   93
  344,19960813,   54
  344,19960814,    0
  344,19960815,    0
  344,19960816,    0
  344,19960817,    0
  344,19960818,    0
  344,19960819,    0
  344,19960820,    0
  344,19960821,   12
  344,19960822,    0
  344,19960823,   48
  344,19960824,  166
  344,19960825,   47
  344,19960826,    0
  344,19960827,   -1
  344,19960828,  208
  344,19960829,   84
  344,19960830,   23
  344,19960831,    8
  344,19960901,   40
  344,19960902,    0
  344,19960903,    0
  344,19960904,   -1
  344,19960905,    0
  344,19960906,    0
  344,19960907,    0
  344,19960908,    0
  344,19960909,    3
  344,19960910,    9
  344,19960911,   13
  344,19960912,   71
  344,19960913,   44
  344,19960914,    7
  344,19960915,   12
  344,19960916,    0
  344,19960917,    0
  344,19960918,    0
  344,19960919,    0
  344,19960920,    0
  344,19960921,    0
  344,19960922,   12
  344,19960923,   62
  344,19960924,    0
  344,19960925,    0
  344,19960926,   50
  344,19960927,   60
  344,19960928,   -1
  344,19960929,   51
  344,19960930,   97
  344,19961001,   32
  344,19961002,   53
  344,19961003,    3
  344,19961004,   77
  344,19961005,  116
  344,19961006,    0
  344,19961007,    0
  344,19961008,    0
  344,19961009,    7
  344,19961010,   18
  344,19961011,    0
  344,19961012,    0
  344,19961013,    0
  344,19961014,    0
  344,19961015,   21
  344,19961016,    0
  344,19961017,    0
  344,19961018,   38
  344,19961019,   11
  344,19961020,  103
  344,19961021,   17
  344,19961022,    0
  344,19961023,    0
  344,19961024,    0
  344,19961025,   -1
  344,19961026,    4
  344,19961027,   43
  344,19961028,   19
  344,19961029,  102
  344,19961030,    0
  344,19961031,  145
  344,19961101,    3
  344,19961102,   14
  344,19961103,  108
  344,19961104,   74
  344,19961105,   33
  344,19961106,   27
  344,19961107,  188
  344,19961108,   18
  344,19961109,    2
  344,19961110,  123
  344,19961111,   78
  344,19961112,   24
  344,19961113,   34
  344,19961114,   17
  344,19961115,    0
  344,19961116,    0
  344,19961117,   -1
  344,19961118,   44
  344,19961119,   59
  344,19961120,   84
  344,19961121,   46
  344,19961122,   23
  344,19961123,   72
  344,19961124,   43
  344,19961125,  147
  344,19961126,   22
  344,19961127,    0
  344,19961128,   -1
  344,19961129,  108
  344,19961130,   25
  344,19961201,   16
  344,19961202,    1
  344,19961203,   84
  344,19961204,   -1
  344,19961205,    0
  344,19961206,   -1
  344,19961207,    0
  344,19961208,    0
  344,19961209,    0
  344,19961210,    0
  344,19961211,   -1
  344,19961212,   -1
  344,19961213,   -1
  344,19961214,   -1
  344,19961215,    0
  344,19961216,    0
  344,19961217,    0
  344,19961218,   13
  344,19961219,  225
  344,19961220,    1
  344,19961221,    0
  344,19961222,    0
  344,19961223,    0
  344,19961224,    0
  344,19961225,   -1
  344,19961226,    0
  344,19961227,    0
  344,19961228,    0
  344,19961229,   29
  344,19961230,   -1
  344,19961231,    0
  344,19970101,    0
  344,19970102,    0
  344,19970103,    0
  344,19970104,   -1
  344,19970105,   -1
  344,19970106,    0
  344,19970107,   -1
  344,19970108,    0
  344,19970109,    0
  344,19970110,   -1
  344,19970111,    0
  344,19970112,   -1
  344,19970113,   -1
  344,19970114,    0
  344,19970115,    0
  344,19970116,    0
  344,19970117,    0
  344,19970118,   -1
  344,19970119,   15
  344,19970120,   -1
  344,19970121,    0
  344,19970122,    0
  344,19970123,    1
  344,19970124,    2
  344,19970125,    0
  344,19970126,    0
  344,19970127,   -1
  344,19970128,    2
  344,19970129,    0
  344,19970130,   -1
  344,19970131,   -1
  344,19970201,    0
  344,19970202,   -1
  344,19970203,    0
  344,19970204,  150
  344,19970205,   77
  344,19970206,    0
  344,19970207,   32
  344,19970208,    0
  344,19970209,   -1
  344,19970210,   44
  344,19970211,   29
  344,19970212,  192
  344,19970213,  116
  344,19970214,    0
  344,19970215,    0
  344,19970216,   10
  344,19970217,   41
  344,19970218,   61
  344,19970219,   28
  344,19970220,   -1
  344,19970221,   -1
  344,19970222,    0
  344,19970223,    0
  344,19970224,   73
  344,19970225,   20
  344,19970226,    4
  344,19970227,    0
  344,19970228,    5
  344,19970301,    0
  344,19970302,    3
  344,19970303,   -1
  344,19970304,   -1
  344,19970305,    0
  344,19970306,   23
  344,19970307,    0
  344,19970308,    0
  344,19970309,    0
  344,19970310,    0
  344,19970311,    0
  344,19970312,    0
  344,19970313,    0
  344,19970314,   29
  344,19970315,   -1
  344,19970316,   -1
  344,19970317,    0
  344,19970318,   89
  344,19970319,   46
  344,19970320,    5
  344,19970321,    2
  344,19970322,    0
  344,19970323,   18
  344,19970324,    9
  344,19970325,   11
  344,19970326,   17
  344,19970327,    0
  344,19970328,   10
  344,19970329,    0
  344,19970330,    0
  344,19970331,    0
  344,19970401,    0
  344,19970402,    0
  344,19970403,   -1
  344,19970404,   -1
  344,19970405,   48
  344,19970406,    0
  344,19970407,    0
  344,19970408,    0
  344,19970409,    0
  344,19970410,    0
  344,19970411,   -1
  344,19970412,   10
  344,19970413,    0
  344,19970414,   -1
  344,19970415,   -1
  344,19970416,   -1
  344,19970417,    0
  344,19970418,   -1
  344,19970419,   -1
  344,19970420,   -1
  344,19970421,   -1
  344,19970422,    1
  344,19970423,    0
  344,19970424,    0
  344,19970425,   25
  344,19970426,   27
  344,19970427,   -1
  344,19970428,   71
  344,19970429,    4
  344,19970430,   -1
  344,19970501,    0
  344,19970502,    0
  344,19970503,   -1
  344,19970504,   80
  344,19970505,  134
  344,19970506,   29
  344,19970507,    2
  344,19970508,   34
  344,19970509,   77
  344,19970510,   15
  344,19970511,   42
  344,19970512,   -1
  344,19970513,    0
  344,19970514,   73
  344,19970515,    0
  344,19970516,   -1
  344,19970517,   -1
  344,19970518,   83
  344,19970519,    4
  344,19970520,   53
  344,19970521,  134
  344,19970522,    2
  344,19970523,    0
  344,19970524,    0
  344,19970525,    0
  344,19970526,   -1
  344,19970527,    1
  344,19970528,    0
  344,19970529,    0
  344,19970530,    0
  344,19970531,    0
  344,19970601,    1
  344,19970602,    0
  344,19970603,    0
  344,19970604,    0
  344,19970605,    0
  344,19970606,    0
  344,19970607,  114
  344,19970608,   49
  344,19970609,    0
  344,19970610,    0
  344,19970611,  140
  344,19970612,    6
  344,19970613,    6
  344,19970614,   -1
  344,19970615,    0
  344,19970616,    0
  344,19970617,   -1
  344,19970618,    0
  344,19970619,   96
  344,19970620,   61
  344,19970621,   89
  344,19970622,   63
  344,19970623,   18
  344,19970624,   -1
  344,19970625,   17
  344,19970626,   72
  344,19970627,   54
  344,19970628,    9
  344,19970629,  219
  344,19970630,   24
  344,19970701,   16
  344,19970702,   31
  344,19970703,   14
  344,19970704,   13
  344,19970705,   -1
  344,19970706,   32
  344,19970707,    0
  344,19970708,    0
  344,19970709,    0
  344,19970710,    0
  344,19970711,    0
  344,19970712,    0
  344,19970713,    0
  344,19970714,    0
  344,19970715,   -1
  344,19970716,    5
  344,19970717,   34
  344,19970718,   99
  344,19970719,    3
  344,19970720,   63
  344,19970721,   35
  344,19970722,   50
  344,19970723,    0
  344,19970724,    5
  344,19970725,   67
  344,19970726,   21
  344,19970727,    3
  344,19970728,    0
  344,19970729,    0
  344,19970730,   -1
  344,19970731,   67
  344,19970801,   59
  344,19970802,   -1
  344,19970803,    0
  344,19970804,    0
  344,19970805,    0
  344,19970806,    0
  344,19970807,    0
  344,19970808,    0
  344,19970809,    0
  344,19970810,    0
  344,19970811,    0
  344,19970812,    0
  344,19970813,    0
  344,19970814,   -1
  344,19970815,    0
  344,19970816,    0
  344,19970817,    0
  344,19970818,    0
  344,19970819,    0
  344,19970820,    0
  344,19970821,    0
  344,19970822,   36
  344,19970823,    1
  344,19970824,   -1
  344,19970825,   20
  344,19970826,    2
  344,19970827,   14
  344,19970828,   69
  344,19970829,   85
  344,19970830,   49
  344,19970831,    0
  344,19970901,   68
  344,19970902,    5
  344,19970903,   -1
  344,19970904,   31
  344,19970905,   -1
  344,19970906,    2
  344,19970907,   50
  344,19970908,    0
  344,19970909,    0
  344,19970910,    0
  344,19970911,    0
  344,19970912,   78
  344,19970913,   -1
  344,19970914,    0
  344,19970915,    0
  344,19970916,    0
  344,19970917,    0
  344,19970918,    0
  344,19970919,   -1
  344,19970920,    0
  344,19970921,    0
  344,19970922,    0
  344,19970923,    0
  344,19970924,    0
  344,19970925,    0
  344,19970926,    0
  344,19970927,    0
  344,19970928,    0
  344,19970929,    0
  344,19970930,    8
  344,19971001,    8
  344,19971002,   -1
  344,19971003,   -1
  344,19971004,    0
  344,19971005,    0
  344,19971006,   33
  344,19971007,   67
  344,19971008,  141
  344,19971009,   88
  344,19971010,  136
  344,19971011,   40
  344,19971012,   43
  344,19971013,  103
  344,19971014,   97
  344,19971015,   84
  344,19971016,   -1
  344,19971017,   -1
  344,19971018,    0
  344,19971019,    0
  344,19971020,    0
  344,19971021,    0
  344,19971022,    0
  344,19971023,   -1
  344,19971024,   24
  344,19971025,   12
  344,19971026,   22
  344,19971027,   -1
  344,19971028,    0
  344,19971029,    0
  344,19971030,    0
  344,19971031,    0
  344,19971101,    0
  344,19971102,    2
  344,19971103,    0
  344,19971104,   24
  344,19971105,    2
  344,19971106,   37
  344,19971107,  105
  344,19971108,   16
  344,19971109,    6
  344,19971110,    3
  344,19971111,    8
  344,19971112,    0
  344,19971113,    0
  344,19971114,   -1
  344,19971115,    9
  344,19971116,   -1
  344,19971117,   -1
  344,19971118,    0
  344,19971119,   16
  344,19971120,   46
  344,19971121,   21
  344,19971122,    2
  344,19971123,   -1
  344,19971124,    0
  344,19971125,    0
  344,19971126,    4
  344,19971127,  100
  344,19971128,   51
  344,19971129,   23
  344,19971130,   23
  344,19971201,   -1
  344,19971202,    7
  344,19971203,   -1
  344,19971204,   -1
  344,19971205,    3
  344,19971206,   -1
  344,19971207,    0
  344,19971208,    2
  344,19971209,  123
  344,19971210,  148
  344,19971211,   21
  344,19971212,   70
  344,19971213,    1
  344,19971214,   20
  344,19971215,    0
  344,19971216,    0
  344,19971217,    2
  344,19971218,    2
  344,19971219,   19
  344,19971220,    0
  344,19971221,   -1
  344,19971222,    0
  344,19971223,   23
  344,19971224,   86
  344,19971225,   48
  344,19971226,   43
  344,19971227,   55
  344,19971228,   44
  344,19971229,    6
  344,19971230,    0
  344,19971231,   34
  344,19980101,   31
  344,19980102,   79
  344,19980103,  122
  344,19980104,   27
  344,19980105,  104
  344,19980106,   26
  344,19980107,   81
  344,19980108,   27
  344,19980109,    0
  344,19980110,    0
  344,19980111,    0
  344,19980112,    0
  344,19980113,   -1
  344,19980114,   33
  344,19980115,   16
  344,19980116,   34
  344,19980117,    3
  344,19980118,  149
  344,19980119,   91
  344,19980120,   13
  344,19980121,    0
  344,19980122,    0
  344,19980123,   -1
  344,19980124,    1
  344,19980125,    0
  344,19980126,    0
  344,19980127,    0
  344,19980128,    2
  344,19980129,   -1
  344,19980130,    2
  344,19980131,    2
  344,19980201,    0
  344,19980202,   16
  344,19980203,    4
  344,19980204,   -1
  344,19980205,    0
  344,19980206,    0
  344,19980207,   24
  344,19980208,    0
  344,19980209,    0
  344,19980210,    0
  344,19980211,    0
  344,19980212,    0
  344,19980213,    0
  344,19980214,    0
  344,19980215,    0
  344,19980216,   -1
  344,19980217,    0
  344,19980218,    0
  344,19980219,    0
  344,19980220,    0
  344,19980221,   38
  344,19980222,    4
  344,19980223,   14
  344,19980224,   -1
  344,19980225,    0
  344,19980226,   -1
  344,19980227,    0
  344,19980228,   33
  344,19980301,   41
  344,19980302,   47
  344,19980303,  172
  344,19980304,   71
  344,19980305,   80
  344,19980306,  275
  344,19980307,  120
  344,19980308,    4
  344,19980309,   -1
  344,19980310,   -1
  344,19980311,  114
  344,19980312,    9
  344,19980313,   -1
  344,19980314,    5
  344,19980315,    0
  344,19980316,    0
  344,19980317,   -1
  344,19980318,    0
  344,19980319,    0
  344,19980320,    4
  344,19980321,   -1
  344,19980322,   -1
  344,19980323,    1
  344,19980324,    0
  344,19980325,    0
  344,19980326,   91
  344,19980327,    1
  344,19980328,    0
  344,19980329,    0
  344,19980330,    0
  344,19980331,    0
  344,19980401,    6
  344,19980402,   36
  344,19980403,   73
  344,19980404,   39
  344,19980405,   37
  344,19980406,    5
  344,19980407,   99
  344,19980408,   29
  344,19980409,   22
  344,19980410,   25
  344,19980411,    5
  344,19980412,    4
  344,19980413,  129
  344,19980414,   48
  344,19980415,   82
  344,19980416,   26
  344,19980417,   25
  344,19980418,   23
  344,19980419,    0
  344,19980420,   69
  344,19980421,   -1
  344,19980422,    0
  344,19980423,   13
  344,19980424,   13
  344,19980425,  133
  344,19980426,    0
  344,19980427,  132
  344,19980428,   44
  344,19980429,    0
  344,19980430,   -1
  344,19980501,   -1
  344,19980502,   95
  344,19980503,    0
  344,19980504,    0
  344,19980505,   -1
  344,19980506,   29
  344,19980507,    0
  344,19980508,    0
  344,19980509,    0
  344,19980510,    0
  344,19980511,    0
  344,19980512,    0
  344,19980513,    0
  344,19980514,    0
  344,19980515,    0
  344,19980516,    0
  344,19980517,    0
  344,19980518,   -1
  344,19980519,    0
  344,19980520,    0
  344,19980521,   -1
  344,19980522,   -1
  344,19980523,    4
  344,19980524,   12
  344,19980525,   39
  344,19980526,   68
  344,19980527,   48
  344,19980528,   -1
  344,19980529,   46
  344,19980530,   -1
  344,19980531,    0
  344,19980601,    0
  344,19980602,  266
  344,19980603,   71
  344,19980604,    0
  344,19980605,   66
  344,19980606,  169
  344,19980607,    6
  344,19980608,    6
  344,19980609,   94
  344,19980610,   18
  344,19980611,  131
  344,19980612,   81
  344,19980613,   -1
  344,19980614,   52
  344,19980615,   -1
  344,19980616,   23
  344,19980617,    3
  344,19980618,   69
  344,19980619,    0
  344,19980620,    0
  344,19980621,    7
  344,19980622,    0
  344,19980623,   19
  344,19980624,   -1
  344,19980625,   35
  344,19980626,   -1
  344,19980627,  125
  344,19980628,    5
  344,19980629,    5
  344,19980630,   53
  344,19980701,   -1
  344,19980702,   -1
  344,19980703,    0
  344,19980704,   -1
  344,19980705,    1
  344,19980706,    0
  344,19980707,   12
  344,19980708,   12
  344,19980709,    1
  344,19980710,   -1
  344,19980711,   27
  344,19980712,  106
  344,19980713,    9
  344,19980714,   -1
  344,19980715,   55
  344,19980716,   95
  344,19980717,    3
  344,19980718,    2
  344,19980719,    0
  344,19980720,   -1
  344,19980721,    7
  344,19980722,    0
  344,19980723,    1
  344,19980724,    0
  344,19980725,    0
  344,19980726,    0
  344,19980727,    1
  344,19980728,   -1
  344,19980729,   70
  344,19980730,  161
  344,19980731,    3
  344,19980801,  116
  344,19980802,    0
  344,19980803,    2
  344,19980804,   65
  344,19980805,    0
  344,19980806,    0
  344,19980807,    0
  344,19980808,    0
  344,19980809,    0
  344,19980810,    0
  344,19980811,    0
  344,19980812,    0
  344,19980813,    0
  344,19980814,   -1
  344,19980815,   -1
  344,19980816,    0
  344,19980817,    0
  344,19980818,   -1
  344,19980819,    0
  344,19980820,   -1
  344,19980821,  143
  344,19980822,   25
  344,19980823,  186
  344,19980824,   18
  344,19980825,    1
  344,19980826,   56
  344,19980827,   99
  344,19980828,   -1
  344,19980829,   22
  344,19980830,   23
  344,19980831,    0
  344,19980901,  107
  344,19980902,   75
  344,19980903,   30
  344,19980904,    1
  344,19980905,  127
  344,19980906,   13
  344,19980907,    4
  344,19980908,   23
  344,19980909,   96
  344,19980910,   19
  344,19980911,   25
  344,19980912,   64
  344,19980913,  523
  344,19980914,  297
  344,19980915,  107
  344,19980916,   27
  344,19980917,   18
  344,19980918,   -1
  344,19980919,   19
  344,19980920,   -1
  344,19980921,    0
  344,19980922,    0
  344,19980923,    0
  344,19980924,    0
  344,19980925,   -1
  344,19980926,   26
  344,19980927,    7
  344,19980928,    7
  344,19980929,  108
  344,19980930,   38
  344,19981001,    0
  344,19981002,    0
  344,19981003,   -1
  344,19981004,   13
  344,19981005,    5
  344,19981006,   -1
  344,19981007,   34
  344,19981008,  170
  344,19981009,   47
  344,19981010,   32
  344,19981011,   42
  344,19981012,   24
  344,19981013,   24
  344,19981014,   46
  344,19981015,   -1
  344,19981016,    1
  344,19981017,   65
  344,19981018,   16
  344,19981019,   23
  344,19981020,   31
  344,19981021,   27
  344,19981022,    5
  344,19981023,   62
  344,19981024,  236
  344,19981025,   34
  344,19981026,   47
  344,19981027,  104
  344,19981028,   76
  344,19981029,   38
  344,19981030,   75
  344,19981031,  192
  344,19981101,  116
  344,19981102,   74
  344,19981103,  378
  344,19981104,   96
  344,19981105,   59
  344,19981106,   17
  344,19981107,    0
  344,19981108,   98
  344,19981109,   58
  344,19981110,   32
  344,19981111,   11
  344,19981112,   24
  344,19981113,   68
  344,19981114,   28
  344,19981115,   76
  344,19981116,    6
  344,19981117,    0
  344,19981118,   92
  344,19981119,    0
  344,19981120,    0
  344,19981121,    0
  344,19981122,    0
  344,19981123,    0
  344,19981124,   -1
  344,19981125,    1
  344,19981126,   45
  344,19981127,   17
  344,19981128,   13
  344,19981129,   61
  344,19981130,    0
  344,19981201,    0
  344,19981202,    0
  344,19981203,   -1
  344,19981204,   28
  344,19981205,   19
  344,19981206,   15
  344,19981207,    2
  344,19981208,   28
  344,19981209,   61
  344,19981210,    0
  344,19981211,   29
  344,19981212,  131
  344,19981213,    3
  344,19981214,   18
  344,19981215,  134
  344,19981216,    0
  344,19981217,    0
  344,19981218,   20
  344,19981219,   41
  344,19981220,    9
  344,19981221,   26
  344,19981222,    3
  344,19981223,    5
  344,19981224,   42
  344,19981225,   54
  344,19981226,   52
  344,19981227,   49
  344,19981228,   26
  344,19981229,    0
  344,19981230,    0
  344,19981231,   -1
  344,19990101,   -1
  344,19990102,   72
  344,19990103,   58
  344,19990104,   48
  344,19990105,   12
  344,19990106,   -1
  344,19990107,   61
  344,19990108,   31
  344,19990109,   -1
  344,19990110,    0
  344,19990111,    1
  344,19990112,  187
  344,19990113,   60
  344,19990114,   23
  344,19990115,   16
  344,19990116,   71
  344,19990117,    0
  344,19990118,    3
  344,19990119,   16
  344,19990120,    4
  344,19990121,    9
  344,19990122,    0
  344,19990123,    0
  344,19990124,    9
  344,19990125,   14
  344,19990126,   97
  344,19990127,   76
  344,19990128,   52
  344,19990129,    0
  344,19990130,    0
  344,19990131,    0
  344,19990201,    1
  344,19990202,    0
  344,19990203,   -1
  344,19990204,   -1
  344,19990205,   39
  344,19990206,   73
  344,19990207,   28
  344,19990208,   91
  344,19990209,   16
  344,19990210,   81
  344,19990211,    1
  344,19990212,    0
  344,19990213,    0
  344,19990214,    9
  344,19990215,    3
  344,19990216,    8
  344,19990217,   31
  344,19990218,    5
  344,19990219,   52
  344,19990220,    0
  344,19990221,   84
  344,19990222,  110
  344,19990223,   84
  344,19990224,   -1
  344,19990225,   -1
  344,19990226,   16
  344,19990227,   16
  344,19990228,    6
  344,19990301,  224
  344,19990302,  158
  344,19990303,   -1
  344,19990304,   81
  344,19990305,   54
  344,19990306,   21
  344,19990307,   56
  344,19990308,   23
  344,19990309,   16
  344,19990310,   16
  344,19990311,    0
  344,19990312,    0
  344,19990313,    0
  344,19990314,    0
  344,19990315,    0
  344,19990316,    6
  344,19990317,   13
  344,19990318,   49
  344,19990319,    0
  344,19990320,    2
  344,19990321,  103
  344,19990322,   43
  344,19990323,   51
  344,19990324,    0
  344,19990325,    4
  344,19990326,   88
  344,19990327,    0
  344,19990328,    0
  344,19990329,    0
  344,19990330,   26
  344,19990331,    0
  344,19990401,    0
  344,19990402,   11
  344,19990403,  134
  344,19990404,    0
  344,19990405,   15
  344,19990406,   18
  344,19990407,    3
  344,19990408,    0
  344,19990409,    0
  344,19990410,   16
  344,19990411,    0
  344,19990412,   97
  344,19990413,   64
  344,19990414,   30
  344,19990415,    2
  344,19990416,   -1
  344,19990417,   19
  344,19990418,    0
  344,19990419,   75
  344,19990420,   34
  344,19990421,   41
  344,19990422,   40
  344,19990423,   -1
  344,19990424,   18
  344,19990425,    0
  344,19990426,    0
  344,19990427,    0
  344,19990428,    0
  344,19990429,   -1
  344,19990430,    0
  344,19990501,    0
  344,19990502,    0
  344,19990503,    0
  344,19990504,    0
  344,19990505,   71
  344,19990506,   68
  344,19990507,   23
  344,19990508,   -1
  344,19990509,    0
  344,19990510,   62
  344,19990511,    3
  344,19990512,    0
  344,19990513,   -1
  344,19990514,    0
  344,19990515,    0
  344,19990516,    0
  344,19990517,    0
  344,19990518,   -1
  344,19990519,   -1
  344,19990520,  209
  344,19990521,    9
  344,19990522,   12
  344,19990523,   -1
  344,19990524,   -1
  344,19990525,   -1
  344,19990526,    0
  344,19990527,    0
  344,19990528,    0
  344,19990529,   16
  344,19990530,  216
  344,19990531,   17
  344,19990601,    0
  344,19990602,   79
  344,19990603,   43
  344,19990604,   21
  344,19990605,  134
  344,19990606,   21
  344,19990607,  207
  344,19990608,   28
  344,19990609,    0
  344,19990610,    0
  344,19990611,   19
  344,19990612,    0
  344,19990613,    1
  344,19990614,    0
  344,19990615,    0
  344,19990616,    0
  344,19990617,    0
  344,19990618,    0
  344,19990619,    0
  344,19990620,   66
  344,19990621,    4
  344,19990622,   14
  344,19990623,   -1
  344,19990624,    1
  344,19990625,    0
  344,19990626,   14
  344,19990627,   75
  344,19990628,   20
  344,19990629,   75
  344,19990630,   10
  344,19990701,   15
  344,19990702,   -1
  344,19990703,    9
  344,19990704,  105
  344,19990705,   80
  344,19990706,   -1
  344,19990707,    3
  344,19990708,    0
  344,19990709,    0
  344,19990710,    0
  344,19990711,    0
  344,19990712,    0
  344,19990713,    5
  344,19990714,   59
  344,19990715,   -1
  344,19990716,    0
  344,19990717,    0
  344,19990718,    0
  344,19990719,   25
  344,19990720,    3
  344,19990721,    3
  344,19990722,   86
  344,19990723,   -1
  344,19990724,    0
  344,19990725,    0
  344,19990726,    0
  344,19990727,    0
  344,19990728,    0
  344,19990729,    0
  344,19990730,    0
  344,19990731,    0
  344,19990801,   -1
  344,19990802,    0
  344,19990803,   -1
  344,19990804,    0
  344,19990805,   38
  344,19990806,    0
  344,19990807,  164
  344,19990808,   27
  344,19990809,   31
  344,19990810,  547
  344,19990811,    8
  344,19990812,    0
  344,19990813,    0
  344,19990814,   78
  344,19990815,   40
  344,19990816,  106
  344,19990817,   72
  344,19990818,  238
  344,19990819,  142
  344,19990820,   43
  344,19990821,    4
  344,19990822,    0
  344,19990823,    0
  344,19990824,    0
  344,19990825,    6
  344,19990826,    7
  344,19990827,    0
  344,19990828,    0
  344,19990829,    0
  344,19990830,    0
  344,19990831,    0
  344,19990901,    0
  344,19990902,    0
  344,19990903,    0
  344,19990904,    0
  344,19990905,    0
  344,19990906,    0
  344,19990907,    0
  344,19990908,    0
  344,19990909,    0
  344,19990910,    0
  344,19990911,    0
  344,19990912,   -1
  344,19990913,   -1
  344,19990914,    1
  344,19990915,   65
  344,19990916,    1
  344,19990917,   29
  344,19990918,    0
  344,19990919,    7
  344,19990920,    7
  344,19990921,   40
  344,19990922,   12
  344,19990923,   11
  344,19990924,  105
  344,19990925,   18
  344,19990926,   13
  344,19990927,   43
  344,19990928,   16
  344,19990929,  139
  344,19990930,  168
  344,19991001,   68
  344,19991002,   21
  344,19991003,  141
  344,19991004,  461
  344,19991005,  129
  344,19991006,    8
  344,19991007,   13
  344,19991008,   56
  344,19991009,    2
  344,19991010,    4
  344,19991011,    3
  344,19991012,    0
  344,19991013,    0
  344,19991014,    0
  344,19991015,    0
  344,19991016,    0
  344,19991017,    0
  344,19991018,    0
  344,19991019,    0
  344,19991020,    0
  344,19991021,    8
  344,19991022,  156
  344,19991023,    1
  344,19991024,   32
  344,19991025,    2
  344,19991026,    0
  344,19991027,    0
  344,19991028,   -1
  344,19991029,    0
  344,19991030,   20
  344,19991031,    0
  344,19991101,   10
  344,19991102,   -1
  344,19991103,    0
  344,19991104,    0
  344,19991105,   15
  344,19991106,   83
  344,19991107,   27
  344,19991108,   24
  344,19991109,    5
  344,19991110,    5
  344,19991111,    0
  344,19991112,    0
  344,19991113,    1
  344,19991114,    4
  344,19991115,    0
  344,19991116,   76
  344,19991117,  161
  344,19991118,  177
  344,19991119,   22
  344,19991120,    5
  344,19991121,   -1
  344,19991122,   34
  344,19991123,    0
  344,19991124,    0
  344,19991125,   54
  344,19991126,    0
  344,19991127,   32
  344,19991128,    0
  344,19991129,   -1
  344,19991130,    2
  344,19991201,    5
  344,19991202,   -1
  344,19991203,   39
  344,19991204,   46
  344,19991205,   55
  344,19991206,    6
  344,19991207,   47
  344,19991208,   31
  344,19991209,   11
  344,19991210,   57
  344,19991211,  177
  344,19991212,   68
  344,19991213,  129
  344,19991214,   68
  344,19991215,   30
  344,19991216,   14
  344,19991217,  114
  344,19991218,    2
  344,19991219,   28
  344,19991220,    4
  344,19991221,    0
  344,19991222,   24
  344,19991223,   20
  344,19991224,  156
  344,19991225,   27
  344,19991226,  198
  344,19991227,   17
  344,19991228,   17
  344,19991229,   19
  344,19991230,   35
  344,19991231,   -1
  344,20000101,   12
  344,20000102,    5
  344,20000103,   98
  344,20000104,   57
  344,20000105,    0
  344,20000106,   30
  344,20000107,    0
  344,20000108,   14
  344,20000109,    0
  344,20000110,    0
  344,20000111,    0
  344,20000112,    0
  344,20000113,    2
  344,20000114,   -1
  344,20000115,    0
  344,20000116,    5
  344,20000117,    5
  344,20000118,    6
  344,20000119,    3
  344,20000120,    9
  344,20000121,   11
  344,20000122,   62
  344,20000123,    6
  344,20000124,    0
  344,20000125,    4
  344,20000126,    0
  344,20000127,   -1
  344,20000128,    6
  344,20000129,  115
  344,20000130,    2
  344,20000131,   -1
  344,20000201,   25
  344,20000202,   98
  344,20000203,    0
  344,20000204,   14
  344,20000205,    0
  344,20000206,    8
  344,20000207,  102
  344,20000208,   94
  344,20000209,   -1
  344,20000210,  105
  344,20000211,    0
  344,20000212,   38
  344,20000213,    0
  344,20000214,   32
  344,20000215,   50
  344,20000216,   94
  344,20000217,    5
  344,20000218,   51
  344,20000219,   19
  344,20000220,    1
  344,20000221,   10
  344,20000222,    0
  344,20000223,    7
  344,20000224,  136
  344,20000225,  104
  344,20000226,    0
  344,20000227,    0
  344,20000228,    5
  344,20000229,  159
  344,20000301,   13
  344,20000302,  175
  344,20000303,  111
  344,20000304,   37
  344,20000305,   30
  344,20000306,   -1
  344,20000307,   54
  344,20000308,   61
  344,20000309,   14
  344,20000310,   19
  344,20000311,    2
  344,20000312,    0
  344,20000313,    2
  344,20000314,   11
  344,20000315,    5
  344,20000316,   -1
  344,20000317,    0
  344,20000318,   20
  344,20000319,   -1
  344,20000320,    0
  344,20000321,    0
  344,20000322,    0
  344,20000323,    0
  344,20000324,   65
  344,20000325,   51
  344,20000326,   42
  344,20000327,    6
  344,20000328,   -1
  344,20000329,   -1
  344,20000330,    0
  344,20000331,   -1
  344,20000401,   13
  344,20000402,   12
  344,20000403,   -1
  344,20000404,    7
  344,20000405,    0
  344,20000406,    0
  344,20000407,    0
  344,20000408,    0
  344,20000409,    0
  344,20000410,    0
  344,20000411,   -1
  344,20000412,   39
  344,20000413,   49
  344,20000414,   13
  344,20000415,   82
  344,20000416,   -1
  344,20000417,   87
  344,20000418,    0
  344,20000419,    0
  344,20000420,    3
  344,20000421,   19
  344,20000422,   60
  344,20000423,   22
  344,20000424,    0
  344,20000425,    0
  344,20000426,    7
  344,20000427,    2
  344,20000428,   -1
  344,20000429,    4
  344,20000430,   -1
  344,20000501,   -1
  344,20000502,   -1
  344,20000503,    1
  344,20000504,    0
  344,20000505,    0
  344,20000506,    0
  344,20000507,    2
  344,20000508,   -1
  344,20000509,   20
  344,20000510,    9
  344,20000511,    0
  344,20000512,    0
  344,20000513,    0
  344,20000514,    0
  344,20000515,    0
  344,20000516,   27
  344,20000517,    8
  344,20000518,   25
  344,20000519,   11
  344,20000520,    3
  344,20000521,   89
  344,20000522,   -1
  344,20000523,   62
  344,20000524,  134
  344,20000525,   73
  344,20000526,   66
  344,20000527,    3
  344,20000528,  256
  344,20000529,   74
  344,20000530,   35
  344,20000531,    0
  344,20000601,    8
  344,20000602,    0
  344,20000603,   86
  344,20000604,    3
  344,20000605,   49
  344,20000606,   14
  344,20000607,    0
  344,20000608,    0
  344,20000609,    0
  344,20000610,   -1
  344,20000611,    0
  344,20000612,    0
  344,20000613,   -1
  344,20000614,   47
  344,20000615,    4
  344,20000616,    0
  344,20000617,    0
  344,20000618,    0
  344,20000619,    0
  344,20000620,    0
  344,20000621,    6
  344,20000622,   38
  344,20000623,   91
  344,20000624,   68
  344,20000625,    3
  344,20000626,    0
  344,20000627,    0
  344,20000628,    0
  344,20000629,    0
  344,20000630,    0
  344,20000701,   15
  344,20000702,  138
  344,20000703,    4
  344,20000704,    1
  344,20000705,  122
  344,20000706,    0
  344,20000707,   16
  344,20000708,   33
  344,20000709,  167
  344,20000710,  186
  344,20000711,   30
  344,20000712,   17
  344,20000713,  155
  344,20000714,   73
  344,20000715,   32
  344,20000716,   23
  344,20000717,    5
  344,20000718,   -1
  344,20000719,    6
  344,20000720,    0
  344,20000721,   -1
  344,20000722,    0
  344,20000723,    0
  344,20000724,  157
  344,20000725,   -1
  344,20000726,    0
  344,20000727,   27
  344,20000728,    0
  344,20000729,    0
  344,20000730,    0
  344,20000731,    0
  344,20000801,   25
  344,20000802,    0
  344,20000803,   -1
  344,20000804,   -1
  344,20000805,    0
  344,20000806,    0
  344,20000807,   -1
  344,20000808,   -1
  344,20000809,    0
  344,20000810,    5
  344,20000811,    0
  344,20000812,    0
  344,20000813,   -1
  344,20000814,   46
  344,20000815,    0
  344,20000816,    0
  344,20000817,    0
  344,20000818,    2
  344,20000819,    8
  344,20000820,   63
  344,20000821,    3
  344,20000822,    0
  344,20000823,    0
  344,20000824,    0
  344,20000825,    0
  344,20000826,    0
  344,20000827,    2
  344,20000828,    3
  344,20000829,    6
  344,20000830,    0
  344,20000831,    0
  344,20000901,   81
  344,20000902,  161
  344,20000903,   13
  344,20000904,    2
  344,20000905,    4
  344,20000906,   36
  344,20000907,    1
  344,20000908,    4
  344,20000909,    1
  344,20000910,    0
  344,20000911,    0
  344,20000912,    0
  344,20000913,    0
  344,20000914,    0
  344,20000915,   70
  344,20000916,   42
  344,20000917,   51
  344,20000918,    0
  344,20000919,   -1
  344,20000920,    1
  344,20000921,    0
  344,20000922,   -1
  344,20000923,    0
  344,20000924,   16
  344,20000925,    1
  344,20000926,   56
  344,20000927,    6
  344,20000928,   79
  344,20000929,    7
  344,20000930,   11
  344,20001001,   19
  344,20001002,   27
  344,20001003,    8
  344,20001004,    5
  344,20001005,   41
  344,20001006,  164
  344,20001007,    7
  344,20001008,   90
  344,20001009,   27
  344,20001010,  149
  344,20001011,  107
  344,20001012,    2
  344,20001013,   -1
  344,20001014,    0
  344,20001015,   -1
  344,20001016,  110
  344,20001017,   22
  344,20001018,   31
  344,20001019,   78
  344,20001020,    1
  344,20001021,   -1
  344,20001022,    3
  344,20001023,   28
  344,20001024,    4
  344,20001025,   17
  344,20001026,   10
  344,20001027,   93
  344,20001028,   62
  344,20001029,   42
  344,20001030,  170
  344,20001031,   16
  344,20001101,   95
  344,20001102,   77
  344,20001103,   13
  344,20001104,   38
  344,20001105,    8
  344,20001106,  122
  344,20001107,   78
  344,20001108,  122
  344,20001109,  326
  344,20001110,  131
  344,20001111,    8
  344,20001112,   77
  344,20001113,    0
  344,20001114,    4
  344,20001115,    9
  344,20001116,   64
  344,20001117,   60
  344,20001118,   18
  344,20001119,   62
  344,20001120,   62
  344,20001121,   52
  344,20001122,    5
  344,20001123,   24
  344,20001124,   23
  344,20001125,   78
  344,20001126,   14
  344,20001127,    2
  344,20001128,   53
  344,20001129,   -1
  344,20001130,    0
  344,20001201,   27
  344,20001202,   -1
  344,20001203,  122
  344,20001204,   19
  344,20001205,   -1
  344,20001206,   29
  344,20001207,   19
  344,20001208,    4
  344,20001209,    0
  344,20001210,   68
  344,20001211,   84
  344,20001212,   74
  344,20001213,   31
  344,20001214,   81
  344,20001215,  127
  344,20001216,    0
  344,20001217,    0
  344,20001218,    0
  344,20001219,    0
  344,20001220,    0
  344,20001221,    0
  344,20001222,    0
  344,20001223,    4
  344,20001224,   28
  344,20001225,    1
  344,20001226,    0
  344,20001227,   28
  344,20001228,    6
  344,20001229,  119
  344,20001230,   95
  344,20001231,    4
  344,20010101,  121
  344,20010102,   -1
  344,20010103,   26
  344,20010104,   37
  344,20010105,  177
  344,20010106,   12
  344,20010107,    1
  344,20010108,   -1
  344,20010109,    0
  344,20010110,   -1
  344,20010111,    0
  344,20010112,    0
  344,20010113,    0
  344,20010114,    0
  344,20010115,    0
  344,20010116,    0
  344,20010117,    0
  344,20010118,   -1
  344,20010119,    1
  344,20010120,   82
  344,20010121,   40
  344,20010122,   11
  344,20010123,   36
  344,20010124,   55
  344,20010125,    7
  344,20010126,    2
  344,20010127,  174
  344,20010128,    5
  344,20010129,    0
  344,20010130,   -1
  344,20010131,    0
  344,20010201,    2
  344,20010202,   47
  344,20010203,   83
  344,20010204,  261
  344,20010205,   51
  344,20010206,   52
  344,20010207,   69
  344,20010208,  163
  344,20010209,    0
  344,20010210,    9
  344,20010211,   -1
  344,20010212,   45
  344,20010213,    0
  344,20010214,    0
  344,20010215,    0
  344,20010216,    2
  344,20010217,   -1
  344,20010218,    0
  344,20010219,   -1
  344,20010220,    0
  344,20010221,   28
  344,20010222,   80
  344,20010223,   27
  344,20010224,    7
  344,20010225,   49
  344,20010226,   -1
  344,20010227,   -1
  344,20010228,   20
  344,20010301,   -1
  344,20010302,   -1
  344,20010303,   -1
  344,20010304,    0
  344,20010305,    0
  344,20010306,    0
  344,20010307,   47
  344,20010308,   29
  344,20010309,    6
  344,20010310,   24
  344,20010311,   59
  344,20010312,   40
  344,20010313,   12
  344,20010314,    0
  344,20010315,    1
  344,20010316,    3
  344,20010317,   -1
  344,20010318,   48
  344,20010319,   50
  344,20010320,    0
  344,20010321,   55
  344,20010322,    0
  344,20010323,  191
  344,20010324,   -1
  344,20010325,   -1
  344,20010326,    0
  344,20010327,    0
  344,20010328,   91
  344,20010329,   13
  344,20010330,    0
  344,20010331,   -1
  344,20010401,    1
  344,20010402,   -1
  344,20010403,    0
  344,20010404,   47
  344,20010405,  141
  344,20010406,   52
  344,20010407,   42
  344,20010408,   24
  344,20010409,    1
  344,20010410,   10
  344,20010411,   29
  344,20010412,    5
  344,20010413,   -1
  344,20010414,   79
  344,20010415,   24
  344,20010416,   57
  344,20010417,   -1
  344,20010418,   79
  344,20010419,   63
  344,20010420,   22
  344,20010421,    0
  344,20010422,    0
  344,20010423,    0
  344,20010424,    7
  344,20010425,  105
  344,20010426,   14
  344,20010427,    4
  344,20010428,   44
  344,20010429,    4
  344,20010430,    7
  344,20010501,    0
  344,20010502,   -1
  344,20010503,   12
  344,20010504,   36
  344,20010505,    0
  344,20010506,   -1
  344,20010507,    0
  344,20010508,    0
  344,20010509,   -1
  344,20010510,    0
  344,20010511,    0
  344,20010512,    0
  344,20010513,    0
  344,20010514,   17
  344,20010515,   16
  344,20010516,   77
  344,20010517,   49
  344,20010518,   37
  344,20010519,    0
  344,20010520,    0
  344,20010521,    0
  344,20010522,    0
  344,20010523,    0
  344,20010524,    0
  344,20010525,    0
  344,20010526,    0
  344,20010527,   -1
  344,20010528,    3
  344,20010529,    0
  344,20010530,    0
  344,20010531,    0
  344,20010601,   30
  344,20010602,  112
  344,20010603,   23
  344,20010604,    0
  344,20010605,   -1
  344,20010606,   -1
  344,20010607,   -1
  344,20010608,    0
  344,20010609,    0
  344,20010610,    3
  344,20010611,    0
  344,20010612,    0
  344,20010613,    0
  344,20010614,    0
  344,20010615,   70
  344,20010616,   18
  344,20010617,   59
  344,20010618,    0
  344,20010619,    0
  344,20010620,    0
  344,20010621,    0
  344,20010622,   -1
  344,20010623,    0
  344,20010624,    0
  344,20010625,    0
  344,20010626,    0
  344,20010627,   26
  344,20010628,    1
  344,20010629,    0
  344,20010630,    7
  344,20010701,    0
  344,20010702,    0
  344,20010703,    0
  344,20010704,    0
  344,20010705,   22
  344,20010706,    0
  344,20010707,  240
  344,20010708,  143
  344,20010709,   -1
  344,20010710,   20
  344,20010711,    7
  344,20010712,   25
  344,20010713,  116
  344,20010714,    5
  344,20010715,   67
  344,20010716,    0
  344,20010717,   38
  344,20010718,  192
  344,20010719,   43
  344,20010720,   39
  344,20010721,   19
  344,20010722,    0
  344,20010723,   15
  344,20010724,    0
  344,20010725,    0
  344,20010726,    0
  348,19960726,    0
  348,19960727,   -1
  348,19960728,    0
  348,19960729,   11
  348,19960730,   -1
  348,19960731,   -1
  348,19960801,    0
  348,19960802,    0
  348,19960803,    0
  348,19960804,    0
  348,19960805,    0
  348,19960806,   74
  348,19960807,   -1
  348,19960808,    0
  348,19960809,    0
  348,19960810,   -1
  348,19960811,   10
  348,19960812,   82
  348,19960813,   24
  348,19960814,   -1
  348,19960815,    0
  348,19960816,    0
  348,19960817,    0
  348,19960818,    0
  348,19960819,    0
  348,19960820,   23
  348,19960821,    4
  348,19960822,    0
  348,19960823,   43
  348,19960824,    4
  348,19960825,  106
  348,19960826,    0
  348,19960827,   30
  348,19960828,  150
  348,19960829,   25
  348,19960830,   20
  348,19960831,   10
  348,19960901,   20
  348,19960902,    0
  348,19960903,    0
  348,19960904,    0
  348,19960905,    0
  348,19960906,    0
  348,19960907,    0
  348,19960908,   -1
  348,19960909,    0
  348,19960910,   -1
  348,19960911,   -1
  348,19960912,   87
  348,19960913,    7
  348,19960914,    3
  348,19960915,   -1
  348,19960916,    0
  348,19960917,    0
  348,19960918,    0
  348,19960919,    0
  348,19960920,    0
  348,19960921,    0
  348,19960922,   14
  348,19960923,   48
  348,19960924,   -1
  348,19960925,   -1
  348,19960926,   16
  348,19960927,   28
  348,19960928,    0
  348,19960929,   58
  348,19960930,   84
  348,19961001,   39
  348,19961002,    1
  348,19961003,    0
  348,19961004,    6
  348,19961005,   29
  348,19961006,    0
  348,19961007,    0
  348,19961008,    0
  348,19961009,   -1
  348,19961010,   17
  348,19961011,    0
  348,19961012,    0
  348,19961013,    0
  348,19961014,    0
  348,19961015,   16
  348,19961016,    0
  348,19961017,    1
  348,19961018,    5
  348,19961019,    4
  348,19961020,  115
  348,19961021,   39
  348,19961022,    0
  348,19961023,    0
  348,19961024,    0
  348,19961025,   -1
  348,19961026,   -1
  348,19961027,   37
  348,19961028,   14
  348,19961029,   94
  348,19961030,    0
  348,19961031,   87
  348,19961101,    2
  348,19961102,   16
  348,19961103,   85
  348,19961104,   44
  348,19961105,   62
  348,19961106,   20
  348,19961107,  188
  348,19961108,    1
  348,19961109,    2
  348,19961110,   83
  348,19961111,   60
  348,19961112,   13
  348,19961113,   20
  348,19961114,    0
  348,19961115,    0
  348,19961116,    0
  348,19961117,    0
  348,19961118,   36
  348,19961119,   40
  348,19961120,   57
  348,19961121,   53
  348,19961122,    1
  348,19961123,   45
  348,19961124,    8
  348,19961125,   98
  348,19961126,    4
  348,19961127,    0
  348,19961128,    0
  348,19961129,   87
  348,19961130,   37
  348,19961201,   17
  348,19961202,    9
  348,19961203,   79
  348,19961204,    2
  348,19961205,    0
  348,19961206,   -1
  348,19961207,    1
  348,19961208,    0
  348,19961209,    0
  348,19961210,    0
  348,19961211,   -1
  348,19961212,    0
  348,19961213,   -1
  348,19961214,   -1
  348,19961215,   -1
  348,19961216,   -1
  348,19961217,    0
  348,19961218,   10
  348,19961219,  164
  348,19961220,    0
  348,19961221,    0
  348,19961222,    0
  348,19961223,    0
  348,19961224,    0
  348,19961225,    0
  348,19961226,    0
  348,19961227,    0
  348,19961228,    0
  348,19961229,    8
  348,19961230,    0
  348,19961231,    0
  348,19970101,    0
  348,19970102,    0
  348,19970103,    0
  348,19970104,    0
  348,19970105,    0
  348,19970106,    0
  348,19970107,    0
  348,19970108,    0
  348,19970109,    0
  348,19970110,    0
  348,19970111,    0
  348,19970112,   -1
  348,19970113,    0
  348,19970114,    0
  348,19970115,    0
  348,19970116,    0
  348,19970117,   -1
  348,19970118,    0
  348,19970119,   23
  348,19970120,   -1
  348,19970121,    0
  348,19970122,    0
  348,19970123,   -1
  348,19970124,   -1
  348,19970125,    0
  348,19970126,    0
  348,19970127,    0
  348,19970128,    1
  348,19970129,   -1
  348,19970130,   -1
  348,19970131,   -1
  348,19970201,    0
  348,19970202,   -1
  348,19970203,    0
  348,19970204,   57
  348,19970205,   67
  348,19970206,    0
  348,19970207,   29
  348,19970208,    0
  348,19970209,    0
  348,19970210,   34
  348,19970211,   20
  348,19970212,  146
  348,19970213,   82
  348,19970214,    0
  348,19970215,    0
  348,19970216,    2
  348,19970217,   18
  348,19970218,   56
  348,19970219,   22
  348,19970220,   -1
  348,19970221,   -1
  348,19970222,    0
  348,19970223,    0
  348,19970224,   97
  348,19970225,   64
  348,19970226,   15
  348,19970227,    0
  348,19970228,   -1
  348,19970301,    0
  348,19970302,    4
  348,19970303,   -1
  348,19970304,   -1
  348,19970305,    0
  348,19970306,    5
  348,19970307,    0
  348,19970308,    0
  348,19970309,    0
  348,19970310,    0
  348,19970311,   -1
  348,19970312,    0
  348,19970313,    0
  348,19970314,   12
  348,19970315,   10
  348,19970316,   -1
  348,19970317,   -1
  348,19970318,   60
  348,19970319,   65
  348,19970320,    1
  348,19970321,    6
  348,19970322,    0
  348,19970323,   21
  348,19970324,    6
  348,19970325,   20
  348,19970326,   20
  348,19970327,    0
  348,19970328,   16
  348,19970329,    3
  348,19970330,    0
  348,19970331,    0
  348,19970401,    0
  348,19970402,    0
  348,19970403,   -1
  348,19970404,   -1
  348,19970405,   67
  348,19970406,   -1
  348,19970407,    0
  348,19970408,    0
  348,19970409,    0
  348,19970410,    0
  348,19970411,   -1
  348,19970412,   -1
  348,19970413,   -1
  348,19970414,    2
  348,19970415,   -1
  348,19970416,    3
  348,19970417,    0
  348,19970418,   -1
  348,19970419,   -1
  348,19970420,    0
  348,19970421,   -1
  348,19970422,   -1
  348,19970423,    0
  348,19970424,    0
  348,19970425,   18
  348,19970426,   22
  348,19970427,   -1
  348,19970428,  104
  348,19970429,   25
  348,19970430,    0
  348,19970501,    0
  348,19970502,    0
  348,19970503,    0
  348,19970504,   36
  348,19970505,  147
  348,19970506,   89
  348,19970507,   -1
  348,19970508,   70
  348,19970509,   35
  348,19970510,    9
  348,19970511,   47
  348,19970512,   14
  348,19970513,    0
  348,19970514,   61
  348,19970515,    0
  348,19970516,   40
  348,19970517,    7
  348,19970518,  179
  348,19970519,   17
  348,19970520,   59
  348,19970521,   54
  348,19970522,   12
  348,19970523,    0
  348,19970524,   -1
  348,19970525,    0
  348,19970526,   -1
  348,19970527,   -1
  348,19970528,    0
  348,19970529,    0
  348,19970530,    0
  348,19970531,    0
  348,19970601,   -1
  348,19970602,    0
  348,19970603,    0
  348,19970604,    0
  348,19970605,    0
  348,19970606,    0
  348,19970607,   26
  348,19970608,   54
  348,19970609,    0
  348,19970610,    0
  348,19970611,   47
  348,19970612,   -1
  348,19970613,   26
  348,19970614,   23
  348,19970615,   -1
  348,19970616,    0
  348,19970617,    0
  348,19970618,    0
  348,19970619,   52
  348,19970620,   18
  348,19970621,   12
  348,19970622,  220
  348,19970623,   32
  348,19970624,    0
  348,19970625,   18
  348,19970626,   34
  348,19970627,   62
  348,19970628,   74
  348,19970629,  150
  348,19970630,    7
  348,19970701,    7
  348,19970702,   18
  348,19970703,    6
  348,19970704,    4
  348,19970705,   -1
  348,19970706,    9
  348,19970707,    0
  348,19970708,    0
  348,19970709,    0
  348,19970710,    0
  348,19970711,    0
  348,19970712,   -1
  348,19970713,    4
  348,19970714,    0
  348,19970715,   -1
  348,19970716,   11
  348,19970717,   15
  348,19970718,   88
  348,19970719,    0
  348,19970720,   -1
  348,19970721,   70
  348,19970722,    0
  348,19970723,    0
  348,19970724,   19
  348,19970725,   91
  348,19970726,    5
  348,19970727,   41
  348,19970728,    0
  348,19970729,    0
  348,19970730,   -1
  348,19970731,    9
  348,19970801,   80
  348,19970802,    1
  348,19970803,    0
  348,19970804,    0
  348,19970805,    0
  348,19970806,    0
  348,19970807,    0
  348,19970808,    0
  348,19970809,    0
  348,19970810,    0
  348,19970811,    0
  348,19970812,    0
  348,19970813,    0
  348,19970814,    0
  348,19970815,    0
  348,19970816,    0
  348,19970817,    0
  348,19970818,    9
  348,19970819,    0
  348,19970820,    0
  348,19970821,    0
  348,19970822,   89
  348,19970823,    6
  348,19970824,   78
  348,19970825,   82
  348,19970826,   32
  348,19970827,   80
  348,19970828,   39
  348,19970829,   36
  348,19970830,   38
  348,19970831,    0
  348,19970901,   75
  348,19970902,   34
  348,19970903,   -1
  348,19970904,    3
  348,19970905,    0
  348,19970906,    5
  348,19970907,   47
  348,19970908,    0
  348,19970909,    0
  348,19970910,   -1
  348,19970911,   -1
  348,19970912,   36
  348,19970913,   12
  348,19970914,    0
  348,19970915,    0
  348,19970916,    0
  348,19970917,    0
  348,19970918,    0
  348,19970919,   -1
  348,19970920,    0
  348,19970921,    0
  348,19970922,    0
  348,19970923,    0
  348,19970924,    0
  348,19970925,    0
  348,19970926,    0
  348,19970927,    0
  348,19970928,    0
  348,19970929,   -1
  348,19970930,    8
  348,19971001,   45
  348,19971002,   -1
  348,19971003,    0
  348,19971004,    0
  348,19971005,    0
  348,19971006,   -1
  348,19971007,   31
  348,19971008,   97
  348,19971009,   98
  348,19971010,   95
  348,19971011,   33
  348,19971012,   12
  348,19971013,   75
  348,19971014,   62
  348,19971015,   42
  348,19971016,    0
  348,19971017,    0
  348,19971018,    0
  348,19971019,    0
  348,19971020,    0
  348,19971021,    0
  348,19971022,    0
  348,19971023,   -1
  348,19971024,   -1
  348,19971025,    4
  348,19971026,    6
  348,19971027,   -1
  348,19971028,    0
  348,19971029,    0
  348,19971030,    0
  348,19971031,    0
  348,19971101,    0
  348,19971102,    0
  348,19971103,    0
  348,19971104,   27
  348,19971105,    2
  348,19971106,   26
  348,19971107,   56
  348,19971108,    3
  348,19971109,    4
  348,19971110,   13
  348,19971111,    1
  348,19971112,    0
  348,19971113,    0
  348,19971114,   -1
  348,19971115,   15
  348,19971116,    0
  348,19971117,    0
  348,19971118,    0
  348,19971119,    7
  348,19971120,   88
  348,19971121,    4
  348,19971122,    0
  348,19971123,    0
  348,19971124,    0
  348,19971125,    0
  348,19971126,   -1
  348,19971127,   70
  348,19971128,   52
  348,19971129,    9
  348,19971130,    8
  348,19971201,    0
  348,19971202,   15
  348,19971203,    0
  348,19971204,    0
  348,19971205,    0
  348,19971206,    5
  348,19971207,    0
  348,19971208,   -1
  348,19971209,   99
  348,19971210,  132
  348,19971211,   17
  348,19971212,   31
  348,19971213,   -1
  348,19971214,    5
  348,19971215,    0
  348,19971216,    0
  348,19971217,   -1
  348,19971218,   -1
  348,19971219,    8
  348,19971220,    0
  348,19971221,    6
  348,19971222,    0
  348,19971223,   13
  348,19971224,   62
  348,19971225,   80
  348,19971226,   59
  348,19971227,   38
  348,19971228,   67
  348,19971229,   18
  348,19971230,    0
  348,19971231,   27
  348,19980101,   25
  348,19980102,   71
  348,19980103,  130
  348,19980104,   10
  348,19980105,  117
  348,19980106,    8
  348,19980107,   80
  348,19980108,   40
  348,19980109,    0
  348,19980110,    0
  348,19980111,    0
  348,19980112,    0
  348,19980113,    0
  348,19980114,   58
  348,19980115,   21
  348,19980116,   13
  348,19980117,   -1
  348,19980118,   73
  348,19980119,   50
  348,19980120,    3
  348,19980121,    0
  348,19980122,    0
  348,19980123,    0
  348,19980124,    3
  348,19980125,    0
  348,19980126,    0
  348,19980127,    0
  348,19980128,    1
  348,19980129,    9
  348,19980130,    9
  348,19980131,    2
  348,19980201,    0
  348,19980202,   27
  348,19980203,   -1
  348,19980204,   -1
  348,19980205,    0
  348,19980206,    0
  348,19980207,   25
  348,19980208,    0
  348,19980209,    0
  348,19980210,    0
  348,19980211,    0
  348,19980212,    0
  348,19980213,    0
  348,19980214,   -1
  348,19980215,    0
  348,19980216,   -1
  348,19980217,    0
  348,19980218,    0
  348,19980219,   -1
  348,19980220,    0
  348,19980221,   22
  348,19980222,    2
  348,19980223,    6
  348,19980224,   -1
  348,19980225,    0
  348,19980226,   -1
  348,19980227,   -1
  348,19980228,   45
  348,19980301,   71
  348,19980302,   22
  348,19980303,  150
  348,19980304,   59
  348,19980305,   88
  348,19980306,  259
  348,19980307,  155
  348,19980308,   21
  348,19980309,    1
  348,19980310,    0
  348,19980311,   82
  348,19980312,    4
  348,19980313,    3
  348,19980314,    6
  348,19980315,   -1
  348,19980316,   -1
  348,19980317,    0
  348,19980318,    0
  348,19980319,    0
  348,19980320,    2
  348,19980321,    0
  348,19980322,    6
  348,19980323,    4
  348,19980324,    0
  348,19980325,    0
  348,19980326,   26
  348,19980327,    2
  348,19980328,    0
  348,19980329,   -1
  348,19980330,    0
  348,19980331,    0
  348,19980401,    9
  348,19980402,   70
  348,19980403,  101
  348,19980404,   29
  348,19980405,   33
  348,19980406,    3
  348,19980407,  153
  348,19980408,   30
  348,19980409,    4
  348,19980410,   -1
  348,19980411,    1
  348,19980412,   -1
  348,19980413,   93
  348,19980414,    1
  348,19980415,   90
  348,19980416,    9
  348,19980417,   13
  348,19980418,    1
  348,19980419,    0
  348,19980420,   88
  348,19980421,    0
  348,19980422,    0
  348,19980423,    6
  348,19980424,   22
  348,19980425,   81
  348,19980426,    1
  348,19980427,   69
  348,19980428,   24
  348,19980429,    0
  348,19980430,    0
  348,19980501,   -1
  348,19980502,   27
  348,19980503,    0
  348,19980504,    0
  348,19980505,   -1
  348,19980506,   37
  348,19980507,    0
  348,19980508,    0
  348,19980509,    0
  348,19980510,    0
  348,19980511,    0
  348,19980512,    0
  348,19980513,    0
  348,19980514,    0
  348,19980515,    0
  348,19980516,    0
  348,19980517,    0
  348,19980518,    0
  348,19980519,    0
  348,19980520,   -1
  348,19980521,   -1
  348,19980522,   -1
  348,19980523,    1
  348,19980524,   15
  348,19980525,    8
  348,19980526,   78
  348,19980527,   19
  348,19980528,   -1
  348,19980529,   87
  348,19980530,   -1
  348,19980531,   -1
  348,19980601,    0
  348,19980602,   23
  348,19980603,   28
  348,19980604,   -1
  348,19980605,   55
  348,19980606,  200
  348,19980607,   58
  348,19980608,    1
  348,19980609,   91
  348,19980610,   46
  348,19980611,   81
  348,19980612,  112
  348,19980613,   -1
  348,19980614,   80
  348,19980615,   -1
  348,19980616,   21
  348,19980617,   11
  348,19980618,   61
  348,19980619,    0
  348,19980620,    0
  348,19980621,    3
  348,19980622,    0
  348,19980623,   14
  348,19980624,    2
  348,19980625,   87
  348,19980626,   -1
  348,19980627,  123
  348,19980628,    9
  348,19980629,   15
  348,19980630,   35
  348,19980701,   -1
  348,19980702,    0
  348,19980703,    0
  348,19980704,    1
  348,19980705,    1
  348,19980706,   -1
  348,19980707,    8
  348,19980708,   23
  348,19980709,    4
  348,19980710,    0
  348,19980711,   18
  348,19980712,  111
  348,19980713,   -1
  348,19980714,   -1
  348,19980715,  138
  348,19980716,    8
  348,19980717,   -1
  348,19980718,   -1
  348,19980719,    0
  348,19980720,    2
  348,19980721,   74
  348,19980722,    0
  348,19980723,   13
  348,19980724,    0
  348,19980725,    0
  348,19980726,    0
  348,19980727,   -1
  348,19980728,    9
  348,19980729,   64
  348,19980730,  151
  348,19980731,   17
  348,19980801,    0
  348,19980802,   -1
  348,19980803,    0
  348,19980804,   40
  348,19980805,    0
  348,19980806,    0
  348,19980807,    0
  348,19980808,    0
  348,19980809,    0
  348,19980810,    0
  348,19980811,    0
  348,19980812,    2
  348,19980813,   -1
  348,19980814,   -1
  348,19980815,   -1
  348,19980816,    0
  348,19980817,   -1
  348,19980818,    6
  348,19980819,    0
  348,19980820,   -1
  348,19980821,  108
  348,19980822,   28
  348,19980823,  120
  348,19980824,   44
  348,19980825,    1
  348,19980826,   35
  348,19980827,   30
  348,19980828,   -1
  348,19980829,   35
  348,19980830,   19
  348,19980831,    0
  348,19980901,   60
  348,19980902,   51
  348,19980903,  126
  348,19980904,   -1
  348,19980905,   78
  348,19980906,   32
  348,19980907,   27
  348,19980908,   16
  348,19980909,  161
  348,19980910,   -1
  348,19980911,   34
  348,19980912,   30
  348,19980913,   82
  348,19980914,  369
  348,19980915,   49
  348,19980916,   43
  348,19980917,   30
  348,19980918,   -1
  348,19980919,    8
  348,19980920,    0
  348,19980921,    0
  348,19980922,    0
  348,19980923,    0
  348,19980924,    0
  348,19980925,    0
  348,19980926,   13
  348,19980927,    3
  348,19980928,    1
  348,19980929,    0
  348,19980930,   19
  348,19981001,    0
  348,19981002,    0
  348,19981003,    0
  348,19981004,   26
  348,19981005,   16
  348,19981006,    4
  348,19981007,   59
  348,19981008,  169
  348,19981009,   30
  348,19981010,   38
  348,19981011,   72
  348,19981012,   68
  348,19981013,   20
  348,19981014,   74
  348,19981015,    0
  348,19981016,    0
  348,19981017,   58
  348,19981018,    3
  348,19981019,   -1
  348,19981020,    5
  348,19981021,   32
  348,19981022,    2
  348,19981023,  186
  348,19981024,  218
  348,19981025,   45
  348,19981026,   68
  348,19981027,  161
  348,19981028,  114
  348,19981029,   69
  348,19981030,  116
  348,19981031,  171
  348,19981101,  142
  348,19981102,   80
  348,19981103,  246
  348,19981104,   44
  348,19981105,  116
  348,19981106,    4
  348,19981107,    0
  348,19981108,   94
  348,19981109,   71
  348,19981110,   20
  348,19981111,    7
  348,19981112,    3
  348,19981113,   41
  348,19981114,   64
  348,19981115,   20
  348,19981116,   -1
  348,19981117,    0
  348,19981118,   51
  348,19981119,    0
  348,19981120,    0
  348,19981121,    0
  348,19981122,    0
  348,19981123,    0
  348,19981124,    0
  348,19981125,    0
  348,19981126,   45
  348,19981127,    4
  348,19981128,   15
  348,19981129,   73
  348,19981130,    0
  348,19981201,    0
  348,19981202,    0
  348,19981203,    0
  348,19981204,   19
  348,19981205,   36
  348,19981206,   11
  348,19981207,    5
  348,19981208,   17
  348,19981209,   54
  348,19981210,    0
  348,19981211,   15
  348,19981212,  109
  348,19981213,   -1
  348,19981214,   32
  348,19981215,  103
  348,19981216,    0
  348,19981217,    0
  348,19981218,   15
  348,19981219,   69
  348,19981220,   11
  348,19981221,    4
  348,19981222,    2
  348,19981223,   -1
  348,19981224,   30
  348,19981225,   57
  348,19981226,   53
  348,19981227,   39
  348,19981228,   40
  348,19981229,    0
  348,19981230,    0
  348,19981231,    0
  348,19990101,   -1
  348,19990102,   68
  348,19990103,   49
  348,19990104,   44
  348,19990105,   10
  348,19990106,    0
  348,19990107,   53
  348,19990108,   40
  348,19990109,    0
  348,19990110,    0
  348,19990111,    0
  348,19990112,   47
  348,19990113,   64
  348,19990114,   22
  348,19990115,   20
  348,19990116,   74
  348,19990117,    0
  348,19990118,    0
  348,19990119,   16
  348,19990120,    4
  348,19990121,    7
  348,19990122,    0
  348,19990123,    0
  348,19990124,   12
  348,19990125,   34
  348,19990126,   65
  348,19990127,   41
  348,19990128,   50
  348,19990129,    0
  348,19990130,    0
  348,19990131,    0
  348,19990201,   -1
  348,19990202,    0
  348,19990203,   -1
  348,19990204,   -1
  348,19990205,   27
  348,19990206,   64
  348,19990207,   27
  348,19990208,   23
  348,19990209,    5
  348,19990210,   32
  348,19990211,    0
  348,19990212,    0
  348,19990213,    0
  348,19990214,   18
  348,19990215,    2
  348,19990216,   22
  348,19990217,   27
  348,19990218,   10
  348,19990219,   46
  348,19990220,    0
  348,19990221,   71
  348,19990222,   71
  348,19990223,   41
  348,19990224,   -1
  348,19990225,   -1
  348,19990226,    8
  348,19990227,   14
  348,19990228,    8
  348,19990301,  253
  348,19990302,  163
  348,19990303,   16
  348,19990304,   10
  348,19990305,   35
  348,19990306,    6
  348,19990307,   14
  348,19990308,   38
  348,19990309,    9
  348,19990310,   61
  348,19990311,    0
  348,19990312,    0
  348,19990313,    0
  348,19990314,   -1
  348,19990315,    0
  348,19990316,    6
  348,19990317,   17
  348,19990318,   56
  348,19990319,    0
  348,19990320,   -1
  348,19990321,   65
  348,19990322,   29
  348,19990323,   54
  348,19990324,    0
  348,19990325,    8
  348,19990326,   25
  348,19990327,    0
  348,19990328,    0
  348,19990329,    0
  348,19990330,    8
  348,19990331,    0
  348,19990401,    0
  348,19990402,    1
  348,19990403,  122
  348,19990404,    0
  348,19990405,    9
  348,19990406,   16
  348,19990407,   24
  348,19990408,    0
  348,19990409,    0
  348,19990410,   18
  348,19990411,    0
  348,19990412,   95
  348,19990413,   84
  348,19990414,   43
  348,19990415,   13
  348,19990416,    5
  348,19990417,   -1
  348,19990418,    0
  348,19990419,   -1
  348,19990420,   18
  348,19990421,   93
  348,19990422,   39
  348,19990423,   -1
  348,19990424,    1
  348,19990425,    0
  348,19990426,    0
  348,19990427,    0
  348,19990428,    0
  348,19990429,    0
  348,19990430,    0
  348,19990501,    0
  348,19990502,    0
  348,19990503,    0
  348,19990504,    0
  348,19990505,   92
  348,19990506,   36
  348,19990507,   79
  348,19990508,    1
  348,19990509,    0
  348,19990510,   35
  348,19990511,   36
  348,19990512,    5
  348,19990513,   22
  348,19990514,   35
  348,19990515,    0
  348,19990516,    1
  348,19990517,    0
  348,19990518,    0
  348,19990519,    1
  348,19990520,   59
  348,19990521,    8
  348,19990522,   13
  348,19990523,    0
  348,19990524,    0
  348,19990525,    0
  348,19990526,    0
  348,19990527,    0
  348,19990528,   -1
  348,19990529,   41
  348,19990530,   57
  348,19990531,    8
  348,19990601,    0
  348,19990602,   68
  348,19990603,   20
  348,19990604,   29
  348,19990605,  133
  348,19990606,   69
  348,19990607,  111
  348,19990608,   51
  348,19990609,    5
  348,19990610,   -1
  348,19990611,    9
  348,19990612,    0
  348,19990613,   -1
  348,19990614,    0
  348,19990615,    0
  348,19990616,    0
  348,19990617,   -1
  348,19990618,    0
  348,19990619,    0
  348,19990620,   50
  348,19990621,   20
  348,19990622,   12
  348,19990623,   -1
  348,19990624,    3
  348,19990625,    0
  348,19990626,    0
  348,19990627,   75
  348,19990628,   24
  348,19990629,  104
  348,19990630,    5
  348,19990701,   13
  348,19990702,   -1
  348,19990703,   -1
  348,19990704,   94
  348,19990705,   92
  348,19990706,    0
  348,19990707,  342
  348,19990708,    0
  348,19990709,    0
  348,19990710,    0
  348,19990711,    0
  348,19990712,    0
  348,19990713,   -1
  348,19990714,   23
  348,19990715,   -1
  348,19990716,    0
  348,19990717,    0
  348,19990718,    0
  348,19990719,   -1
  348,19990720,    4
  348,19990721,   14
  348,19990722,   46
  348,19990723,    0
  348,19990724,    0
  348,19990725,    0
  348,19990726,    0
  348,19990727,    0
  348,19990728,    0
  348,19990729,    0
  348,19990730,    0
  348,19990731,    0
  348,19990801,    0
  348,19990802,    0
  348,19990803,   -1
  348,19990804,    0
  348,19990805,   50
  348,19990806,    0
  348,19990807,  194
  348,19990808,   28
  348,19990809,    2
  348,19990810,   90
  348,19990811,    0
  348,19990812,    0
  348,19990813,   -1
  348,19990814,   64
  348,19990815,   50
  348,19990816,  118
  348,19990817,    1
  348,19990818,  122
  348,19990819,  106
  348,19990820,   11
  348,19990821,    4
  348,19990822,    0
  348,19990823,    0
  348,19990824,    0
  348,19990825,   -1
  348,19990826,   38
  348,19990827,   -1
  348,19990828,    0
  348,19990829,    0
  348,19990830,    0
  348,19990831,   -1
  348,19990901,    0
  348,19990902,    0
  348,19990903,    0
  348,19990904,    0
  348,19990905,    0
  348,19990906,    0
  348,19990907,   -1
  348,19990908,    0
  348,19990909,    0
  348,19990910,    0
  348,19990911,    0
  348,19990912,    0
  348,19990913,    0
  348,19990914,    7
  348,19990915,   94
  348,19990916,    0
  348,19990917,    1
  348,19990918,    0
  348,19990919,    1
  348,19990920,    6
  348,19990921,    8
  348,19990922,   76
  348,19990923,   23
  348,19990924,   85
  348,19990925,    7
  348,19990926,   -1
  348,19990927,   43
  348,19990928,   23
  348,19990929,   79
  348,19990930,  163
  348,19991001,   11
  348,19991002,   17
  348,19991003,   71
  348,19991004,  172
  348,19991005,    9
  348,19991006,    2
  348,19991007,    8
  348,19991008,   73
  348,19991009,   11
  348,19991010,    9
  348,19991011,    3
  348,19991012,    0
  348,19991013,    0
  348,19991014,    0
  348,19991015,    0
  348,19991016,    0
  348,19991017,    0
  348,19991018,    0
  348,19991019,    0
  348,19991020,    0
  348,19991021,    2
  348,19991022,   70
  348,19991023,   -1
  348,19991024,    4
  348,19991025,   10
  348,19991026,    7
  348,19991027,    0
  348,19991028,   -1
  348,19991029,    0
  348,19991030,   42
  348,19991031,   -1
  348,19991101,    8
  348,19991102,    1
  348,19991103,    0
  348,19991104,    0
  348,19991105,   12
  348,19991106,  119
  348,19991107,   81
  348,19991108,   35
  348,19991109,    7
  348,19991110,   -1
  348,19991111,    0
  348,19991112,    0
  348,19991113,    7
  348,19991114,    2
  348,19991115,    0
  348,19991116,   19
  348,19991117,  120
  348,19991118,  103
  348,19991119,    9
  348,19991120,   11
  348,19991121,    1
  348,19991122,   26
  348,19991123,    0
  348,19991124,    0
  348,19991125,   40
  348,19991126,    0
  348,19991127,   38
  348,19991128,    0
  348,19991129,    0
  348,19991130,   -1
  348,19991201,    8
  348,19991202,    4
  348,19991203,   63
  348,19991204,   40
  348,19991205,   17
  348,19991206,   15
  348,19991207,   50
  348,19991208,   27
  348,19991209,   35
  348,19991210,   38
  348,19991211,  129
  348,19991212,  125
  348,19991213,  108
  348,19991214,   46
  348,19991215,   31
  348,19991216,    9
  348,19991217,   85
  348,19991218,   -1
  348,19991219,   28
  348,19991220,    8
  348,19991221,    0
  348,19991222,   15
  348,19991223,   27
  348,19991224,  134
  348,19991225,   27
  348,19991226,  134
  348,19991227,   54
  348,19991228,    7
  348,19991229,   21
  348,19991230,   15
  348,19991231,    0
  348,20000101,   11
  348,20000102,    3
  348,20000103,   34
  348,20000104,   84
  348,20000105,    0
  348,20000106,   23
  348,20000107,    0
  348,20000108,    9
  348,20000109,    0
  348,20000110,    0
  348,20000111,    0
  348,20000112,    0
  348,20000113,    1
  348,20000114,    1
  348,20000115,    0
  348,20000116,    4
  348,20000117,    1
  348,20000118,    2
  348,20000119,   -1
  348,20000120,   12
  348,20000121,   12
  348,20000122,   76
  348,20000123,   -1
  348,20000124,    0
  348,20000125,    0
  348,20000126,   -1
  348,20000127,    0
  348,20000128,    1
  348,20000129,   77
  348,20000130,   -1
  348,20000131,   -1
  348,20000201,   17
  348,20000202,   71
  348,20000203,    0
  348,20000204,   29
  348,20000205,    0
  348,20000206,    6
  348,20000207,   83
  348,20000208,   60
  348,20000209,    2
  348,20000210,   79
  348,20000211,    0
  348,20000212,   37
  348,20000213,    0
  348,20000214,   27
  348,20000215,   37
  348,20000216,  131
  348,20000217,    1
  348,20000218,   45
  348,20000219,   11
  348,20000220,    2
  348,20000221,    8
  348,20000222,    0
  348,20000223,   -1
  348,20000224,  106
  348,20000225,  111
  348,20000226,    0
  348,20000227,    0
  348,20000228,    7
  348,20000229,  129
  348,20000301,   14
  348,20000302,  159
  348,20000303,  143
  348,20000304,   52
  348,20000305,   12
  348,20000306,    0
  348,20000307,   52
  348,20000308,  103
  348,20000309,   24
  348,20000310,   17
  348,20000311,    8
  348,20000312,    0
  348,20000313,   -1
  348,20000314,   18
  348,20000315,    4
  348,20000316,    4
  348,20000317,   -1
  348,20000318,   13
  348,20000319,    1
  348,20000320,    0
  348,20000321,    0
  348,20000322,    0
  348,20000323,    0
  348,20000324,   67
  348,20000325,  136
  348,20000326,   43
  348,20000327,    3
  348,20000328,    1
  348,20000329,   -1
  348,20000330,    0
  348,20000331,    2
  348,20000401,   14
  348,20000402,   15
  348,20000403,    1
  348,20000404,    4
  348,20000405,    1
  348,20000406,    0
  348,20000407,    0
  348,20000408,    0
  348,20000409,    0
  348,20000410,    0
  348,20000411,   -1
  348,20000412,   48
  348,20000413,   21
  348,20000414,    5
  348,20000415,   48
  348,20000416,    1
  348,20000417,   68
  348,20000418,    0
  348,20000419,    0
  348,20000420,   -1
  348,20000421,    7
  348,20000422,   33
  348,20000423,   54
  348,20000424,    0
  348,20000425,    0
  348,20000426,   -1
  348,20000427,    1
  348,20000428,    0
  348,20000429,   12
  348,20000430,    1
  348,20000501,    0
  348,20000502,   -1
  348,20000503,   -1
  348,20000504,   -1
  348,20000505,    0
  348,20000506,    0
  348,20000507,   -1
  348,20000508,   -1
  348,20000509,   -1
  348,20000510,   65
  348,20000511,    0
  348,20000512,    0
  348,20000513,    0
  348,20000514,    0
  348,20000515,    0
  348,20000516,   71
  348,20000517,   14
  348,20000518,   33
  348,20000519,   69
  348,20000520,   10
  348,20000521,   64
  348,20000522,    2
  348,20000523,   47
  348,20000524,   88
  348,20000525,   45
  348,20000526,   40
  348,20000527,   45
  348,20000528,  212
  348,20000529,   66
  348,20000530,   11
  348,20000531,    0
  348,20000601,    2
  348,20000602,    0
  348,20000603,  144
  348,20000604,    6
  348,20000605,   70
  348,20000606,   16
  348,20000607,   -1
  348,20000608,    0
  348,20000609,    0
  348,20000610,  112
  348,20000611,    0
  348,20000612,    0
  348,20000613,    0
  348,20000614,   33
  348,20000615,    5
  348,20000616,    0
  348,20000617,    0
  348,20000618,    0
  348,20000619,    0
  348,20000620,    0
  348,20000621,    4
  348,20000622,   29
  348,20000623,   55
  348,20000624,   27
  348,20000625,    8
  348,20000626,   -1
  348,20000627,    0
  348,20000628,    0
  348,20000629,    0
  348,20000630,    0
  348,20000701,   33
  348,20000702,   16
  348,20000703,  315
  348,20000704,   91
  348,20000705,  166
  348,20000706,    0
  348,20000707,   10
  348,20000708,   21
  348,20000709,   63
  348,20000710,  141
  348,20000711,   32
  348,20000712,    1
  348,20000713,   93
  348,20000714,  115
  348,20000715,  239
  348,20000716,    3
  348,20000717,    5
  348,20000718,    2
  348,20000719,    5
  348,20000720,    0
  348,20000721,    0
  348,20000722,   -1
  348,20000723,    0
  348,20000724,   95
  348,20000725,   14
  348,20000726,   -1
  348,20000727,   91
  348,20000728,   -1
  348,20000729,   53
  348,20000730,   61
  348,20000731,   -1
  348,20000801,   27
  348,20000802,    1
  348,20000803,    9
  348,20000804,   -1
  348,20000805,    0
  348,20000806,    0
  348,20000807,    7
  348,20000808,    8
  348,20000809,    0
  348,20000810,    1
  348,20000811,    0
  348,20000812,    0
  348,20000813,   -1
  348,20000814,   58
  348,20000815,    0
  348,20000816,   -1
  348,20000817,    6
  348,20000818,    3
  348,20000819,   43
  348,20000820,   99
  348,20000821,   70
  348,20000822,    0
  348,20000823,    0
  348,20000824,    0
  348,20000825,    0
  348,20000826,    0
  348,20000827,   57
  348,20000828,    6
  348,20000829,    0
  348,20000830,    0
  348,20000831,    0
  348,20000901,   87
  348,20000902,  178
  348,20000903,    1
  348,20000904,   -1
  348,20000905,   -1
  348,20000906,   45
  348,20000907,    1
  348,20000908,    3
  348,20000909,   -1
  348,20000910,    0
  348,20000911,    0
  348,20000912,    0
  348,20000913,    0
  348,20000914,   -1
  348,20000915,  158
  348,20000916,   27
  348,20000917,   17
  348,20000918,   -1
  348,20000919,   -1
  348,20000920,   12
  348,20000921,    0
  348,20000922,   -1
  348,20000923,    0
  348,20000924,   11
  348,20000925,   -1
  348,20000926,   74
  348,20000927,   18
  348,20000928,   37
  348,20000929,    3
  348,20000930,   20
  348,20001001,   57
  348,20001002,    3
  348,20001003,    0
  348,20001004,    2
  348,20001005,   54
  348,20001006,   83
  348,20001007,    1
  348,20001008,   38
  348,20001009,   15
  348,20001010,   73
  348,20001011,   60
  348,20001012,    3
  348,20001013,   -1
  348,20001014,    0
  348,20001015,    1
  348,20001016,   52
  348,20001017,   10
  348,20001018,   16
  348,20001019,   71
  348,20001020,   -1
  348,20001021,   -1
  348,20001022,    0
  348,20001023,  134
  348,20001024,   -1
  348,20001025,    4
  348,20001026,   23
  348,20001027,   69
  348,20001028,   30
  348,20001029,   26
  348,20001030,  120
  348,20001031,   12
  348,20001101,   92
  348,20001102,   60
  348,20001103,   -1
  348,20001104,   13
  348,20001105,    0
  348,20001106,   51
  348,20001107,    6
  348,20001108,   52
  348,20001109,  139
  348,20001110,   37
  348,20001111,    3
  348,20001112,   79
  348,20001113,    0
  348,20001114,   -1
  348,20001115,   16
  348,20001116,   31
  348,20001117,   28
  348,20001118,   33
  348,20001119,   58
  348,20001120,   41
  348,20001121,   28
  348,20001122,    1
  348,20001123,   23
  348,20001124,    3
  348,20001125,   72
  348,20001126,   12
  348,20001127,    3
  348,20001128,   54
  348,20001129,    0
  348,20001130,    0
  348,20001201,   16
  348,20001202,    5
  348,20001203,   70
  348,20001204,    5
  348,20001205,    2
  348,20001206,   33
  348,20001207,   12
  348,20001208,    6
  348,20001209,    0
  348,20001210,   58
  348,20001211,   73
  348,20001212,   60
  348,20001213,   22
  348,20001214,   23
  348,20001215,  105
  348,20001216,   37
  348,20001217,   -1
  348,20001218,   -1
  348,20001219,    0
  348,20001220,    0
  348,20001221,    0
  348,20001222,    0
  348,20001223,   15
  348,20001224,   20
  348,20001225,   -1
  348,20001226,    0
  348,20001227,   20
  348,20001228,    6
  348,20001229,   65
  348,20001230,   50
  348,20001231,    0
  348,20010101,   88
  348,20010102,    3
  348,20010103,   20
  348,20010104,   34
  348,20010105,  157
  348,20010106,   21
  348,20010107,   -1
  348,20010108,   11
  348,20010109,    0
  348,20010110,    0
  348,20010111,    0
  348,20010112,    0
  348,20010113,    0
  348,20010114,    0
  348,20010115,    0
  348,20010116,    0
  348,20010117,    0
  348,20010118,    1
  348,20010119,   -1
  348,20010120,   37
  348,20010121,   18
  348,20010122,   24
  348,20010123,   32
  348,20010124,    9
  348,20010125,    7
  348,20010126,    7
  348,20010127,  157
  348,20010128,   -1
  348,20010129,    0
  348,20010130,    0
  348,20010131,    0
  348,20010201,    9
  348,20010202,   39
  348,20010203,   75
  348,20010204,  230
  348,20010205,   25
  348,20010206,   39
  348,20010207,   47
  348,20010208,  134
  348,20010209,    1
  348,20010210,    4
  348,20010211,    1
  348,20010212,   34
  348,20010213,    0
  348,20010214,    0
  348,20010215,    0
  348,20010216,    8
  348,20010217,    0
  348,20010218,    0
  348,20010219,    3
  348,20010220,    0
  348,20010221,   39
  348,20010222,   21
  348,20010223,   34
  348,20010224,   11
  348,20010225,   20
  348,20010226,   55
  348,20010227,    0
  348,20010228,   12
  348,20010301,   21
  348,20010302,   -1
  348,20010303,    0
  348,20010304,    0
  348,20010305,    0
  348,20010306,    0
  348,20010307,   38
  348,20010308,   27
  348,20010309,    5
  348,20010310,   40
  348,20010311,   82
  348,20010312,   19
  348,20010313,    6
  348,20010314,    0
  348,20010315,    1
  348,20010316,    7
  348,20010317,   75
  348,20010318,   73
  348,20010319,   21
  348,20010320,    0
  348,20010321,   48
  348,20010322,    0
  348,20010323,  155
  348,20010324,    3
  348,20010325,    0
  348,20010326,    0
  348,20010327,    0
  348,20010328,   13
  348,20010329,   78
  348,20010330,   -1
  348,20010331,   -1
  348,20010401,    0
  348,20010402,   -1
  348,20010403,   -1
  348,20010404,   54
  348,20010405,  107
  348,20010406,   52
  348,20010407,   36
  348,20010408,   11
  348,20010409,   -1
  348,20010410,    7
  348,20010411,   15
  348,20010412,    4
  348,20010413,    0
  348,20010414,   74
  348,20010415,   30
  348,20010416,   52
  348,20010417,    2
  348,20010418,   63
  348,20010419,   66
  348,20010420,    1
  348,20010421,    0
  348,20010422,    0
  348,20010423,    0
  348,20010424,    6
  348,20010425,   60
  348,20010426,   21
  348,20010427,   10
  348,20010428,   35
  348,20010429,   -1
  348,20010430,   26
  348,20010501,    0
  348,20010502,    0
  348,20010503,   27
  348,20010504,   18
  348,20010505,    0
  348,20010506,    0
  348,20010507,    0
  348,20010508,    0
  348,20010509,    0
  348,20010510,    0
  348,20010511,    0
  348,20010512,    0
  348,20010513,   -1
  348,20010514,   50
  348,20010515,   29
  348,20010516,   54
  348,20010517,   15
  348,20010518,   18
  348,20010519,    0
  348,20010520,    0
  348,20010521,    0
  348,20010522,    0
  348,20010523,    0
  348,20010524,    0
  348,20010525,    0
  348,20010526,    0
  348,20010527,   -1
  348,20010528,    8
  348,20010529,    0
  348,20010530,    0
  348,20010531,    9
  348,20010601,   30
  348,20010602,  112
  348,20010603,   28
  348,20010604,   -1
  348,20010605,    0
  348,20010606,   11
  348,20010607,   28
  348,20010608,    0
  348,20010609,    0
  348,20010610,   11
  348,20010611,   -1
  348,20010612,    0
  348,20010613,    0
  348,20010614,    0
  348,20010615,   56
  348,20010616,   56
  348,20010617,  344
  348,20010618,    0
  348,20010619,    0
  348,20010620,   -1
  348,20010621,    0
  348,20010622,   -1
  348,20010623,    0
  348,20010624,    0
  348,20010625,    0
  348,20010626,    0
  348,20010627,    1
  348,20010628,   -1
  348,20010629,   -1
  348,20010630,   -1
  348,20010701,    0
  348,20010702,    0
  348,20010703,    0
  348,20010704,    0
  348,20010705,   -1
  348,20010706,   -1
  348,20010707,   21
  348,20010708,  166
  348,20010709,   -1
  348,20010710,   57
  348,20010711,    2
  348,20010712,   48
  348,20010713,   32
  348,20010714,   43
  348,20010715,   -1
  348,20010716,    0
  348,20010717,    7
  348,20010718,  109
  348,20010719,  181
  348,20010720,   31
  348,20010721,   45
  348,20010722,   -1
  348,20010723,   57
  348,20010724,   -1
  348,20010725,    0
  348,20010726,    0
  350,19960726,    0
  350,19960727,   -1
  350,19960728,    0
  350,19960729,   -1
  350,19960730,   -1
  350,19960731,   -1
  350,19960801,    0
  350,19960802,   -1
  350,19960803,    0
  350,19960804,    0
  350,19960805,    0
  350,19960806,   55
  350,19960807,   -1
  350,19960808,    0
  350,19960809,    0
  350,19960810,    4
  350,19960811,   30
  350,19960812,  136
  350,19960813,  120
  350,19960814,   -1
  350,19960815,    0
  350,19960816,    0
  350,19960817,    0
  350,19960818,    0
  350,19960819,    0
  350,19960820,   -1
  350,19960821,   11
  350,19960822,    0
  350,19960823,   63
  350,19960824,   19
  350,19960825,    5
  350,19960826,   13
  350,19960827,   12
  350,19960828,  253
  350,19960829,  124
  350,19960830,   46
  350,19960831,    2
  350,19960901,    8
  350,19960902,    0
  350,19960903,    0
  350,19960904,   -1
  350,19960905,    0
  350,19960906,    0
  350,19960907,    0
  350,19960908,    0
  350,19960909,   -1
  350,19960910,   12
  350,19960911,    1
  350,19960912,   46
  350,19960913,    8
  350,19960914,    3
  350,19960915,   -1
  350,19960916,    0
  350,19960917,    0
  350,19960918,    0
  350,19960919,    0
  350,19960920,    0
  350,19960921,    0
  350,19960922,    7
  350,19960923,    3
  350,19960924,    0
  350,19960925,    0
  350,19960926,    4
  350,19960927,   60
  350,19960928,    0
  350,19960929,   10
  350,19960930,  105
  350,19961001,  109
  350,19961002,   12
  350,19961003,    0
  350,19961004,   12
  350,19961005,   19
  350,19961006,    0
  350,19961007,    0
  350,19961008,    0
  350,19961009,   -1
  350,19961010,   15
  350,19961011,    0
  350,19961012,    0
  350,19961013,    0
  350,19961014,    0
  350,19961015,   16
  350,19961016,    0
  350,19961017,   -1
  350,19961018,   14
  350,19961019,    1
  350,19961020,  119
  350,19961021,   44
  350,19961022,    0
  350,19961023,    0
  350,19961024,    0
  350,19961025,   -1
  350,19961026,    4
  350,19961027,   54
  350,19961028,    6
  350,19961029,  146
  350,19961030,    0
  350,19961031,  119
  350,19961101,   20
  350,19961102,    3
  350,19961103,   18
  350,19961104,   52
  350,19961105,   55
  350,19961106,   35
  350,19961107,  203
  350,19961108,    2
  350,19961109,    3
  350,19961110,   95
  350,19961111,   67
  350,19961112,    6
  350,19961113,   27
  350,19961114,   -1
  350,19961115,    0
  350,19961116,    0
  350,19961117,    0
  350,19961118,   45
  350,19961119,   48
  350,19961120,   43
  350,19961121,   52
  350,19961122,   -1
  350,19961123,   50
  350,19961124,   35
  350,19961125,   91
  350,19961126,   -1
  350,19961127,    0
  350,19961128,    0
  350,19961129,  154
  350,19961130,   48
  350,19961201,    7
  350,19961202,    8
  350,19961203,  151
  350,19961204,    2
  350,19961205,   -1
  350,19961206,   -1
  350,19961207,   -1
  350,19961208,    0
  350,19961209,    0
  350,19961210,    0
  350,19961211,   -1
  350,19961212,   -1
  350,19961213,   -1
  350,19961214,    0
  350,19961215,    0
  350,19961216,    0
  350,19961217,   -1
  350,19961218,    6
  350,19961219,  254
  350,19961220,    3
  350,19961221,    0
  350,19961222,    0
  350,19961223,    0
  350,19961224,    0
  350,19961225,    0
  350,19961226,    0
  350,19961227,    0
  350,19961228,    0
  350,19961229,    4
  350,19961230,   -1
  350,19961231,   -1
  350,19970101,    0
  350,19970102,    0
  350,19970103,    0
  350,19970104,   -1
  350,19970105,   -1
  350,19970106,    0
  350,19970107,   -1
  350,19970108,    0
  350,19970109,   -1
  350,19970110,   -1
  350,19970111,    0
  350,19970112,   -1
  350,19970113,   -1
  350,19970114,    0
  350,19970115,    0
  350,19970116,    0
  350,19970117,    0
  350,19970118,   -1
  350,19970119,   14
  350,19970120,    2
  350,19970121,    0
  350,19970122,    1
  350,19970123,    0
  350,19970124,   -1
  350,19970125,    0
  350,19970126,   -1
  350,19970127,    0
  350,19970128,   -1
  350,19970129,   -1
  350,19970130,   -1
  350,19970131,   -1
  350,19970201,    0
  350,19970202,    1
  350,19970203,    0
  350,19970204,   64
  350,19970205,  156
  350,19970206,    0
  350,19970207,    4
  350,19970208,    0
  350,19970209,    0
  350,19970210,   33
  350,19970211,   31
  350,19970212,  109
  350,19970213,  137
  350,19970214,    0
  350,19970215,    0
  350,19970216,   -1
  350,19970217,   15
  350,19970218,   58
  350,19970219,   37
  350,19970220,   11
  350,19970221,   11
  350,19970222,    0
  350,19970223,    0
  350,19970224,   86
  350,19970225,    9
  350,19970226,   49
  350,19970227,    3
  350,19970228,   -1
  350,19970301,   -1
  350,19970302,   20
  350,19970303,   -1
  350,19970304,   -1
  350,19970305,   -1
  350,19970306,    8
  350,19970307,    0
  350,19970308,    0
  350,19970309,    0
  350,19970310,    0
  350,19970311,    0
  350,19970312,    0
  350,19970313,    0
  350,19970314,    4
  350,19970315,    8
  350,19970316,    3
  350,19970317,    0
  350,19970318,   34
  350,19970319,  129
  350,19970320,    1
  350,19970321,    5
  350,19970322,    0
  350,19970323,   33
  350,19970324,    9
  350,19970325,   11
  350,19970326,   12
  350,19970327,    0
  350,19970328,   16
  350,19970329,    0
  350,19970330,    0
  350,19970331,    0
  350,19970401,    0
  350,19970402,    0
  350,19970403,    3
  350,19970404,   -1
  350,19970405,   93
  350,19970406,    0
  350,19970407,    0
  350,19970408,    0
  350,19970409,    0
  350,19970410,    0
  350,19970411,   -1
  350,19970412,   -1
  350,19970413,    0
  350,19970414,   -1
  350,19970415,   -1
  350,19970416,   -1
  350,19970417,    0
  350,19970418,   -1
  350,19970419,   -1
  350,19970420,    0
  350,19970421,   -1
  350,19970422,   -1
  350,19970423,    0
  350,19970424,    0
  350,19970425,   44
  350,19970426,    8
  350,19970427,    7
  350,19970428,   59
  350,19970429,   46
  350,19970430,    0
  350,19970501,    0
  350,19970502,    0
  350,19970503,   -1
  350,19970504,   12
  350,19970505,  211
  350,19970506,   77
  350,19970507,   -1
  350,19970508,   16
  350,19970509,   25
  350,19970510,   17
  350,19970511,   89
  350,19970512,   -1
  350,19970513,    0
  350,19970514,  125
  350,19970515,    0
  350,19970516,   94
  350,19970517,    4
  350,19970518,   81
  350,19970519,   40
  350,19970520,   40
  350,19970521,    2
  350,19970522,   52
  350,19970523,    0
  350,19970524,    0
  350,19970525,    0
  350,19970526,   -1
  350,19970527,   -1
  350,19970528,    0
  350,19970529,    0
  350,19970530,    0
  350,19970531,    0
  350,19970601,    0
  350,19970602,    0
  350,19970603,    0
  350,19970604,    0
  350,19970605,   -1
  350,19970606,   -1
  350,19970607,   39
  350,19970608,   50
  350,19970609,    0
  350,19970610,    0
  350,19970611,  120
  350,19970612,   27
  350,19970613,  243
  350,19970614,   23
  350,19970615,   -1
  350,19970616,    0
  350,19970617,    0
  350,19970618,    0
  350,19970619,   45
  350,19970620,   31
  350,19970621,   76
  350,19970622,  114
  350,19970623,   16
  350,19970624,    0
  350,19970625,   39
  350,19970626,   44
  350,19970627,  144
  350,19970628,    4
  350,19970629,  271
  350,19970630,   13
  350,19970701,   63
  350,19970702,   34
  350,19970703,   -1
  350,19970704,    4
  350,19970705,   78
  350,19970706,   11
  350,19970707,   -1
  350,19970708,    0
  350,19970709,   -1
  350,19970710,    0
  350,19970711,    0
  350,19970712,    0
  350,19970713,    1
  350,19970714,   -1
  350,19970715,    9
  350,19970716,   -1
  350,19970717,   32
  350,19970718,   41
  350,19970719,   -1
  350,19970720,   26
  350,19970721,  166
  350,19970722,    5
  350,19970723,    0
  350,19970724,   10
  350,19970725,   50
  350,19970726,    4
  350,19970727,    2
  350,19970728,    0
  350,19970729,    0
  350,19970730,   -1
  350,19970731,   37
  350,19970801,   79
  350,19970802,    5
  350,19970803,   -1
  350,19970804,    0
  350,19970805,    0
  350,19970806,    0
  350,19970807,    0
  350,19970808,    0
  350,19970809,    0
  350,19970810,    0
  350,19970811,    0
  350,19970812,    0
  350,19970813,    0
  350,19970814,    0
  350,19970815,    0
  350,19970816,    0
  350,19970817,    0
  350,19970818,    0
  350,19970819,    0
  350,19970820,    0
  350,19970821,    0
  350,19970822,   17
  350,19970823,    1
  350,19970824,  209
  350,19970825,  125
  350,19970826,    7
  350,19970827,  111
  350,19970828,   38
  350,19970829,    7
  350,19970830,   21
  350,19970831,    0
  350,19970901,  102
  350,19970902,   37
  350,19970903,   -1
  350,19970904,    8
  350,19970905,    0
  350,19970906,   -1
  350,19970907,   59
  350,19970908,    0
  350,19970909,   -1
  350,19970910,    0
  350,19970911,    0
  350,19970912,    7
  350,19970913,   17
  350,19970914,    0
  350,19970915,    0
  350,19970916,    0
  350,19970917,    0
  350,19970918,    0
  350,19970919,    0
  350,19970920,    0
  350,19970921,    0
  350,19970922,    0
  350,19970923,    0
  350,19970924,    0
  350,19970925,    0
  350,19970926,    0
  350,19970927,    0
  350,19970928,    0
  350,19970929,   -1
  350,19970930,   10
  350,19971001,   12
  350,19971002,   -1
  350,19971003,    0
  350,19971004,    0
  350,19971005,    0
  350,19971006,   15
  350,19971007,  115
  350,19971008,   56
  350,19971009,   91
  350,19971010,  179
  350,19971011,  120
  350,19971012,   13
  350,19971013,   71
  350,19971014,   56
  350,19971015,   43
  350,19971016,   -1
  350,19971017,   -1
  350,19971018,    0
  350,19971019,    0
  350,19971020,   -1
  350,19971021,    0
  350,19971022,    0
  350,19971023,   -1
  350,19971024,   -1
  350,19971025,    1
  350,19971026,    7
  350,19971027,   -1
  350,19971028,    0
  350,19971029,    0
  350,19971030,    0
  350,19971031,    0
  350,19971101,    0
  350,19971102,    0
  350,19971103,    0
  350,19971104,   34
  350,19971105,   -1
  350,19971106,   64
  350,19971107,   29
  350,19971108,    5
  350,19971109,    3
  350,19971110,   17
  350,19971111,    6
  350,19971112,    0
  350,19971113,    0
  350,19971114,   -1
  350,19971115,   15
  350,19971116,    0
  350,19971117,    0
  350,19971118,    0
  350,19971119,   31
  350,19971120,   46
  350,19971121,   28
  350,19971122,    0
  350,19971123,   -1
  350,19971124,    0
  350,19971125,    0
  350,19971126,    4
  350,19971127,   85
  350,19971128,   57
  350,19971129,   13
  350,19971130,    2
  350,19971201,   -1
  350,19971202,   19
  350,19971203,    0
  350,19971204,    0
  350,19971205,   -1
  350,19971206,   -1
  350,19971207,    0
  350,19971208,    1
  350,19971209,   64
  350,19971210,   92
  350,19971211,    8
  350,19971212,   40
  350,19971213,    4
  350,19971214,   34
  350,19971215,    0
  350,19971216,    0
  350,19971217,   -1
  350,19971218,    1
  350,19971219,   15
  350,19971220,    0
  350,19971221,   34
  350,19971222,   -1
  350,19971223,   22
  350,19971224,   49
  350,19971225,   21
  350,19971226,   35
  350,19971227,   19
  350,19971228,   89
  350,19971229,    2
  350,19971230,    0
  350,19971231,   25
  350,19980101,    8
  350,19980102,   88
  350,19980103,   96
  350,19980104,   31
  350,19980105,  165
  350,19980106,   19
  350,19980107,   97
  350,19980108,   52
  350,19980109,    0
  350,19980110,    0
  350,19980111,    0
  350,19980112,    0
  350,19980113,    0
  350,19980114,   15
  350,19980115,   21
  350,19980116,    6
  350,19980117,    1
  350,19980118,   62
  350,19980119,   76
  350,19980120,    7
  350,19980121,    0
  350,19980122,    0
  350,19980123,   -1
  350,19980124,    3
  350,19980125,    0
  350,19980126,    0
  350,19980127,    0
  350,19980128,   -1
  350,19980129,   -1
  350,19980130,   -1
  350,19980131,   -1
  350,19980201,    0
  350,19980202,   21
  350,19980203,   -1
  350,19980204,    0
  350,19980205,    0
  350,19980206,    0
  350,19980207,   44
  350,19980208,    0
  350,19980209,    0
  350,19980210,    0
  350,19980211,    0
  350,19980212,    0
  350,19980213,    0
  350,19980214,    0
  350,19980215,    0
  350,19980216,    2
  350,19980217,   -1
  350,19980218,    0
  350,19980219,    3
  350,19980220,    0
  350,19980221,   22
  350,19980222,   16
  350,19980223,   13
  350,19980224,   -1
  350,19980225,    0
  350,19980226,    2
  350,19980227,   -1
  350,19980228,   70
  350,19980301,   34
  350,19980302,   30
  350,19980303,  185
  350,19980304,   59
  350,19980305,   56
  350,19980306,  284
  350,19980307,  173
  350,19980308,   45
  350,19980309,   -1
  350,19980310,   -1
  350,19980311,   48
  350,19980312,    3
  350,19980313,    5
  350,19980314,    4
  350,19980315,    0
  350,19980316,    0
  350,19980317,   -1
  350,19980318,    0
  350,19980319,    0
  350,19980320,    5
  350,19980321,   -1
  350,19980322,    1
  350,19980323,    1
  350,19980324,    0
  350,19980325,    0
  350,19980326,   44
  350,19980327,    4
  350,19980328,   -1
  350,19980329,    0
  350,19980330,    0
  350,19980331,    0
  350,19980401,   79
  350,19980402,   20
  350,19980403,   40
  350,19980404,   10
  350,19980405,   54
  350,19980406,   15
  350,19980407,  105
  350,19980408,   19
  350,19980409,    1
  350,19980410,    8
  350,19980411,    2
  350,19980412,    1
  350,19980413,  110
  350,19980414,   -1
  350,19980415,   89
  350,19980416,   28
  350,19980417,   14
  350,19980418,   -1
  350,19980419,    0
  350,19980420,   20
  350,19980421,    0
  350,19980422,    0
  350,19980423,    8
  350,19980424,   16
  350,19980425,  148
  350,19980426,    2
  350,19980427,   61
  350,19980428,    7
  350,19980429,    0
  350,19980430,    0
  350,19980501,    0
  350,19980502,   35
  350,19980503,    0
  350,19980504,    0
  350,19980505,    8
  350,19980506,   21
  350,19980507,   -1
  350,19980508,    0
  350,19980509,    0
  350,19980510,    0
  350,19980511,    0
  350,19980512,    0
  350,19980513,    0
  350,19980514,    0
  350,19980515,    0
  350,19980516,    0
  350,19980517,    0
  350,19980518,    0
  350,19980519,    0
  350,19980520,    0
  350,19980521,   -1
  350,19980522,    0
  350,19980523,    2
  350,19980524,   43
  350,19980525,   85
  350,19980526,   39
  350,19980527,   60
  350,19980528,   13
  350,19980529,   51
  350,19980530,   -1
  350,19980531,    1
  350,19980601,    0
  350,19980602,   62
  350,19980603,   68
  350,19980604,    0
  350,19980605,   31
  350,19980606,  183
  350,19980607,   59
  350,19980608,   -1
  350,19980609,   45
  350,19980610,    8
  350,19980611,   42
  350,19980612,   87
  350,19980613,    1
  350,19980614,  163
  350,19980615,   24
  350,19980616,   84
  350,19980617,   50
  350,19980618,   31
  350,19980619,    0
  350,19980620,    0
  350,19980621,    5
  350,19980622,    0
  350,19980623,   -1
  350,19980624,    7
  350,19980625,   18
  350,19980626,   -1
  350,19980627,   46
  350,19980628,    9
  350,19980629,   12
  350,19980630,   49
  350,19980701,   -1
  350,19980702,    0
  350,19980703,    0
  350,19980704,    1
  350,19980705,    8
  350,19980706,    9
  350,19980707,    2
  350,19980708,   13
  350,19980709,   91
  350,19980710,    3
  350,19980711,   59
  350,19980712,   93
  350,19980713,    2
  350,19980714,   -1
  350,19980715,  106
  350,19980716,   19
  350,19980717,   -1
  350,19980718,   11
  350,19980719,    0
  350,19980720,   -1
  350,19980721,    8
  350,19980722,    0
  350,19980723,    1
  350,19980724,   -1
  350,19980725,    0
  350,19980726,    0
  350,19980727,    9
  350,19980728,    2
  350,19980729,   22
  350,19980730,   11
  350,19980731,   99
  350,19980801,    0
  350,19980802,    0
  350,19980803,    3
  350,19980804,    7
  350,19980805,    0
  350,19980806,    0
  350,19980807,    0
  350,19980808,    0
  350,19980809,    0
  350,19980810,    0
  350,19980811,    0
  350,19980812,    0
  350,19980813,    0
  350,19980814,   -1
  350,19980815,    0
  350,19980816,    0
  350,19980817,    0
  350,19980818,   -1
  350,19980819,    0
  350,19980820,   -1
  350,19980821,  152
  350,19980822,  155
  350,19980823,  171
  350,19980824,   82
  350,19980825,   -1
  350,19980826,   75
  350,19980827,   60
  350,19980828,    0
  350,19980829,   12
  350,19980830,   20
  350,19980831,    0
  350,19980901,   81
  350,19980902,  122
  350,19980903,   21
  350,19980904,    7
  350,19980905,  133
  350,19980906,   18
  350,19980907,   19
  350,19980908,   12
  350,19980909,  143
  350,19980910,    1
  350,19980911,   18
  350,19980912,   18
  350,19980913,  138
  350,19980914,  297
  350,19980915,   93
  350,19980916,   19
  350,19980917,   33
  350,19980918,    0
  350,19980919,    7
  350,19980920,    0
  350,19980921,    0
  350,19980922,    0
  350,19980923,    0
  350,19980924,    0
  350,19980925,   -1
  350,19980926,    1
  350,19980927,   -1
  350,19980928,    0
  350,19980929,    0
  350,19980930,   24
  350,19981001,    0
  350,19981002,    5
  350,19981003,   -1
  350,19981004,    2
  350,19981005,   25
  350,19981006,   12
  350,19981007,   19
  350,19981008,  196
  350,19981009,    7
  350,19981010,   77
  350,19981011,   34
  350,19981012,   40
  350,19981013,    8
  350,19981014,  129
  350,19981015,    0
  350,19981016,   -1
  350,19981017,   16
  350,19981018,    3
  350,19981019,    6
  350,19981020,   20
  350,19981021,   40
  350,19981022,    7
  350,19981023,  138
  350,19981024,  182
  350,19981025,   53
  350,19981026,   34
  350,19981027,  156
  350,19981028,  174
  350,19981029,   29
  350,19981030,   78
  350,19981031,  288
  350,19981101,  129
  350,19981102,   42
  350,19981103,   20
  350,19981104,   44
  350,19981105,   44
  350,19981106,   13
  350,19981107,    0
  350,19981108,   94
  350,19981109,   49
  350,19981110,   55
  350,19981111,   -1
  350,19981112,    4
  350,19981113,   41
  350,19981114,   86
  350,19981115,   81
  350,19981116,    2
  350,19981117,    0
  350,19981118,   55
  350,19981119,    0
  350,19981120,    0
  350,19981121,    0
  350,19981122,    0
  350,19981123,    0
  350,19981124,    1
  350,19981125,   -1
  350,19981126,   52
  350,19981127,   24
  350,19981128,    2
  350,19981129,   93
  350,19981130,   -1
  350,19981201,    0
  350,19981202,    0
  350,19981203,    0
  350,19981204,   24
  350,19981205,   34
  350,19981206,    9
  350,19981207,    1
  350,19981208,   20
  350,19981209,   38
  350,19981210,    0
  350,19981211,   18
  350,19981212,   83
  350,19981213,    1
  350,19981214,   11
  350,19981215,   93
  350,19981216,    0
  350,19981217,    0
  350,19981218,   17
  350,19981219,   62
  350,19981220,    5
  350,19981221,   -1
  350,19981222,    3
  350,19981223,    5
  350,19981224,   16
  350,19981225,   30
  350,19981226,   72
  350,19981227,   39
  350,19981228,   70
  350,19981229,    0
  350,19981230,    0
  350,19981231,   -1
  350,19990101,   -1
  350,19990102,   45
  350,19990103,   91
  350,19990104,   50
  350,19990105,   30
  350,19990106,    0
  350,19990107,   44
  350,19990108,   31
  350,19990109,    2
  350,19990110,    0
  350,19990111,    0
  350,19990112,   98
  350,19990113,   71
  350,19990114,   47
  350,19990115,   16
  350,19990116,  121
  350,19990117,    9
  350,19990118,    0
  350,19990119,    1
  350,19990120,   13
  350,19990121,   20
  350,19990122,   -1
  350,19990123,   -1
  350,19990124,    9
  350,19990125,   67
  350,19990126,   34
  350,19990127,   82
  350,19990128,   55
  350,19990129,    0
  350,19990130,    0
  350,19990131,   -1
  350,19990201,    1
  350,19990202,   -1
  350,19990203,    0
  350,19990204,    1
  350,19990205,   53
  350,19990206,   67
  350,19990207,   75
  350,19990208,   27
  350,19990209,    4
  350,19990210,  109
  350,19990211,    0
  350,19990212,    0
  350,19990213,    0
  350,19990214,   24
  350,19990215,    2
  350,19990216,   31
  350,19990217,   21
  350,19990218,   14
  350,19990219,   53
  350,19990220,    2
  350,19990221,  123
  350,19990222,  108
  350,19990223,   97
  350,19990224,   -1
  350,19990225,    0
  350,19990226,    1
  350,19990227,    7
  350,19990228,    1
  350,19990301,  219
  350,19990302,  144
  350,19990303,    1
  350,19990304,    7
  350,19990305,   31
  350,19990306,   39
  350,19990307,   26
  350,19990308,   31
  350,19990309,   28
  350,19990310,    0
  350,19990311,    0
  350,19990312,    0
  350,19990313,    0
  350,19990314,    0
  350,19990315,    0
  350,19990316,   -1
  350,19990317,    2
  350,19990318,   47
  350,19990319,   -1
  350,19990320,    5
  350,19990321,   74
  350,19990322,   33
  350,19990323,   51
  350,19990324,    0
  350,19990325,   -1
  350,19990326,   56
  350,19990327,   -1
  350,19990328,    0
  350,19990329,    0
  350,19990330,   -1
  350,19990331,    0
  350,19990401,    0
  350,19990402,   22
  350,19990403,   91
  350,19990404,    0
  350,19990405,   58
  350,19990406,   14
  350,19990407,   28
  350,19990408,    0
  350,19990409,    0
  350,19990410,   21
  350,19990411,   -1
  350,19990412,  113
  350,19990413,   55
  350,19990414,   13
  350,19990415,   24
  350,19990416,   -1
  350,19990417,   15
  350,19990418,    0
  350,19990419,    4
  350,19990420,   10
  350,19990421,   45
  350,19990422,   46
  350,19990423,    1
  350,19990424,   -1
  350,19990425,    0
  350,19990426,   -1
  350,19990427,   -1
  350,19990428,    0
  350,19990429,    0
  350,19990430,    0
  350,19990501,    0
  350,19990502,    0
  350,19990503,    0
  350,19990504,    0
  350,19990505,   44
  350,19990506,   39
  350,19990507,  111
  350,19990508,   -1
  350,19990509,    0
  350,19990510,   12
  350,19990511,   85
  350,19990512,    5
  350,19990513,   47
  350,19990514,  203
  350,19990515,    0
  350,19990516,    0
  350,19990517,    0
  350,19990518,   10
  350,19990519,   11
  350,19990520,   62
  350,19990521,   -1
  350,19990522,   31
  350,19990523,    0
  350,19990524,   -1
  350,19990525,    0
  350,19990526,    0
  350,19990527,    0
  350,19990528,    0
  350,19990529,  130
  350,19990530,   79
  350,19990531,    5
  350,19990601,    0
  350,19990602,   43
  350,19990603,   19
  350,19990604,    8
  350,19990605,  212
  350,19990606,   77
  350,19990607,  177
  350,19990608,   -1
  350,19990609,    0
  350,19990610,    0
  350,19990611,   17
  350,19990612,    0
  350,19990613,   31
  350,19990614,   -1
  350,19990615,    0
  350,19990616,    0
  350,19990617,    0
  350,19990618,    0
  350,19990619,    0
  350,19990620,   79
  350,19990621,  164
  350,19990622,   21
  350,19990623,   -1
  350,19990624,    0
  350,19990625,    0
  350,19990626,    0
  350,19990627,    7
  350,19990628,   10
  350,19990629,   58
  350,19990630,    6
  350,19990701,    4
  350,19990702,    0
  350,19990703,    0
  350,19990704,  149
  350,19990705,   57
  350,19990706,    0
  350,19990707,    2
  350,19990708,    0
  350,19990709,    0
  350,19990710,    0
  350,19990711,    0
  350,19990712,    0
  350,19990713,    0
  350,19990714,   97
  350,19990715,   -1
  350,19990716,   -1
  350,19990717,    0
  350,19990718,    0
  350,19990719,    6
  350,19990720,    1
  350,19990721,   -1
  350,19990722,   78
  350,19990723,   -1
  350,19990724,    0
  350,19990725,    0
  350,19990726,    0
  350,19990727,    0
  350,19990728,    0
  350,19990729,    0
  350,19990730,    0
  350,19990731,    0
  350,19990801,   -1
  350,19990802,    0
  350,19990803,   -1
  350,19990804,    0
  350,19990805,   30
  350,19990806,    0
  350,19990807,  101
  350,19990808,    9
  350,19990809,   18
  350,19990810,   69
  350,19990811,   -1
  350,19990812,    0
  350,19990813,   -1
  350,19990814,  176
  350,19990815,    4
  350,19990816,   31
  350,19990817,    0
  350,19990818,   27
  350,19990819,   25
  350,19990820,   13
  350,19990821,    6
  350,19990822,    0
  350,19990823,    0
  350,19990824,   -1
  350,19990825,   -1
  350,19990826,   64
  350,19990827,   -1
  350,19990828,    0
  350,19990829,    0
  350,19990830,    0
  350,19990831,    0
  350,19990901,   -1
  350,19990902,    0
  350,19990903,    0
  350,19990904,    0
  350,19990905,    0
  350,19990906,   93
  350,19990907,    0
  350,19990908,    0
  350,19990909,    0
  350,19990910,    0
  350,19990911,    0
  350,19990912,    0
  350,19990913,    0
  350,19990914,    2
  350,19990915,   92
  350,19990916,    3
  350,19990917,   -1
  350,19990918,    0
  350,19990919,   -1
  350,19990920,    3
  350,19990921,   27
  350,19990922,    4
  350,19990923,   17
  350,19990924,   56
  350,19990925,   -1
  350,19990926,    7
  350,19990927,   36
  350,19990928,   -1
  350,19990929,   35
  350,19990930,   88
  350,19991001,   38
  350,19991002,   17
  350,19991003,    6
  350,19991004,  140
  350,19991005,    8
  350,19991006,   -1
  350,19991007,    4
  350,19991008,   50
  350,19991009,    7
  350,19991010,    3
  350,19991011,   26
  350,19991012,    0
  350,19991013,    0
  350,19991014,    0
  350,19991015,    0
  350,19991016,    0
  350,19991017,    0
  350,19991018,    0
  350,19991019,    0
  350,19991020,    0
  350,19991021,   -1
  350,19991022,   24
  350,19991023,   -1
  350,19991024,    7
  350,19991025,   35
  350,19991026,    2
  350,19991027,    0
  350,19991028,   -1
  350,19991029,    0
  350,19991030,   76
  350,19991031,    1
  350,19991101,   30
  350,19991102,   12
  350,19991103,    0
  350,19991104,    0
  350,19991105,    6
  350,19991106,   64
  350,19991107,   59
  350,19991108,   19
  350,19991109,   22
  350,19991110,   -1
  350,19991111,    0
  350,19991112,    0
  350,19991113,    3
  350,19991114,    7
  350,19991115,    0
  350,19991116,   18
  350,19991117,   91
  350,19991118,   96
  350,19991119,    1
  350,19991120,    2
  350,19991121,   -1
  350,19991122,   21
  350,19991123,    0
  350,19991124,    0
  350,19991125,   46
  350,19991126,   -1
  350,19991127,   20
  350,19991128,    0
  350,19991129,    0
  350,19991130,    4
  350,19991201,   16
  350,19991202,   -1
  350,19991203,   43
  350,19991204,   30
  350,19991205,    9
  350,19991206,   23
  350,19991207,  110
  350,19991208,    4
  350,19991209,   49
  350,19991210,   52
  350,19991211,  109
  350,19991212,  166
  350,19991213,  126
  350,19991214,   18
  350,19991215,   19
  350,19991216,   13
  350,19991217,  107
  350,19991218,    2
  350,19991219,    7
  350,19991220,   -1
  350,19991221,    0
  350,19991222,   21
  350,19991223,   34
  350,19991224,  115
  350,19991225,   58
  350,19991226,  215
  350,19991227,   27
  350,19991228,    1
  350,19991229,   14
  350,19991230,   64
  350,19991231,    2
  350,20000101,   13
  350,20000102,    1
  350,20000103,   20
  350,20000104,  149
  350,20000105,    0
  350,20000106,   27
  350,20000107,    0
  350,20000108,   13
  350,20000109,    0
  350,20000110,    0
  350,20000111,    0
  350,20000112,    0
  350,20000113,    5
  350,20000114,    1
  350,20000115,   -1
  350,20000116,    7
  350,20000117,    5
  350,20000118,    6
  350,20000119,    1
  350,20000120,    6
  350,20000121,    8
  350,20000122,   64
  350,20000123,    3
  350,20000124,    0
  350,20000125,    0
  350,20000126,   -1
  350,20000127,    0
  350,20000128,    1
  350,20000129,  126
  350,20000130,   14
  350,20000131,    0
  350,20000201,    7
  350,20000202,   63
  350,20000203,    0
  350,20000204,   13
  350,20000205,    0
  350,20000206,    6
  350,20000207,   58
  350,20000208,   98
  350,20000209,   -1
  350,20000210,   89
  350,20000211,    0
  350,20000212,   45
  350,20000213,    0
  350,20000214,   41
  350,20000215,   48
  350,20000216,   67
  350,20000217,    3
  350,20000218,   59
  350,20000219,   15
  350,20000220,   -1
  350,20000221,    3
  350,20000222,    0
  350,20000223,   -1
  350,20000224,   84
  350,20000225,  124
  350,20000226,    0
  350,20000227,    0
  350,20000228,   98
  350,20000229,  142
  350,20000301,   14
  350,20000302,   77
  350,20000303,  202
  350,20000304,   42
  350,20000305,    6
  350,20000306,    0
  350,20000307,   48
  350,20000308,  101
  350,20000309,   17
  350,20000310,    4
  350,20000311,    9
  350,20000312,    0
  350,20000313,   -1
  350,20000314,   27
  350,20000315,    2
  350,20000316,   -1
  350,20000317,   -1
  350,20000318,   31
  350,20000319,    8
  350,20000320,    0
  350,20000321,    0
  350,20000322,    0
  350,20000323,    0
  350,20000324,   55
  350,20000325,    9
  350,20000326,   29
  350,20000327,   28
  350,20000328,    4
  350,20000329,   10
  350,20000330,   -1
  350,20000331,   -1
  350,20000401,   -1
  350,20000402,    7
  350,20000403,   11
  350,20000404,   -1
  350,20000405,    2
  350,20000406,    0
  350,20000407,    0
  350,20000408,    0
  350,20000409,    0
  350,20000410,    0
  350,20000411,   -1
  350,20000412,   73
  350,20000413,   58
  350,20000414,   -1
  350,20000415,   28
  350,20000416,    3
  350,20000417,   31
  350,20000418,    0
  350,20000419,    0
  350,20000420,   -1
  350,20000421,    7
  350,20000422,   65
  350,20000423,  121
  350,20000424,    0
  350,20000425,    0
  350,20000426,    2
  350,20000427,    2
  350,20000428,   -1
  350,20000429,    7
  350,20000430,    0
  350,20000501,    0
  350,20000502,   -1
  350,20000503,    2
  350,20000504,    1
  350,20000505,    0
  350,20000506,    0
  350,20000507,  101
  350,20000508,    1
  350,20000509,    0
  350,20000510,   43
  350,20000511,    0
  350,20000512,    0
  350,20000513,    0
  350,20000514,    0
  350,20000515,    0
  350,20000516,  193
  350,20000517,   55
  350,20000518,   20
  350,20000519,  148
  350,20000520,    0
  350,20000521,  181
  350,20000522,    1
  350,20000523,   28
  350,20000524,  121
  350,20000525,   66
  350,20000526,   11
  350,20000527,   14
  350,20000528,  222
  350,20000529,   81
  350,20000530,    2
  350,20000531,    0
  350,20000601,   -1
  350,20000602,    0
  350,20000603,  287
  350,20000604,   -1
  350,20000605,  120
  350,20000606,   56
  350,20000607,    1
  350,20000608,    0
  350,20000609,    0
  350,20000610,    0
  350,20000611,    0
  350,20000612,    0
  350,20000613,    0
  350,20000614,   14
  350,20000615,    3
  350,20000616,    0
  350,20000617,    0
  350,20000618,    0
  350,20000619,    0
  350,20000620,    0
  350,20000621,   28
  350,20000622,   10
  350,20000623,   18
  350,20000624,  142
  350,20000625,   18
  350,20000626,   -1
  350,20000627,    0
  350,20000628,    0
  350,20000629,   -1
  350,20000630,    0
  350,20000701,   18
  350,20000702,   42
  350,20000703,  105
  350,20000704,  245
  350,20000705,   76
  350,20000706,    0
  350,20000707,    9
  350,20000708,   14
  350,20000709,   41
  350,20000710,   89
  350,20000711,   40
  350,20000712,   16
  350,20000713,   16
  350,20000714,   65
  350,20000715,   50
  350,20000716,    7
  350,20000717,    7
  350,20000718,    0
  350,20000719,    2
  350,20000720,    0
  350,20000721,    0
  350,20000722,   -1
  350,20000723,    0
  350,20000724,  156
  350,20000725,   45
  350,20000726,   -1
  350,20000727,   83
  350,20000728,    0
  350,20000729,  379
  350,20000730,    5
  350,20000731,    0
  350,20000801,   31
  350,20000802,   -1
  350,20000803,   19
  350,20000804,    0
  350,20000805,    0
  350,20000806,   -1
  350,20000807,   -1
  350,20000808,    3
  350,20000809,    0
  350,20000810,   -1
  350,20000811,    0
  350,20000812,    0
  350,20000813,   -1
  350,20000814,    2
  350,20000815,   -1
  350,20000816,   14
  350,20000817,   13
  350,20000818,    5
  350,20000819,  180
  350,20000820,   82
  350,20000821,   35
  350,20000822,    0
  350,20000823,    0
  350,20000824,    0
  350,20000825,    0
  350,20000826,    0
  350,20000827,   35
  350,20000828,   -1
  350,20000829,    0
  350,20000830,    0
  350,20000831,    0
  350,20000901,   33
  350,20000902,  186
  350,20000903,   -1
  350,20000904,   -1
  350,20000905,    2
  350,20000906,   49
  350,20000907,   -1
  350,20000908,    7
  350,20000909,    0
  350,20000910,    0
  350,20000911,    0
  350,20000912,   -1
  350,20000913,   -1
  350,20000914,    0
  350,20000915,   99
  350,20000916,   39
  350,20000917,    5
  350,20000918,    0
  350,20000919,   -1
  350,20000920,    2
  350,20000921,    0
  350,20000922,    0
  350,20000923,    0
  350,20000924,   13
  350,20000925,   -1
  350,20000926,   27
  350,20000927,    3
  350,20000928,   31
  350,20000929,    4
  350,20000930,   23
  350,20001001,   63
  350,20001002,    5
  350,20001003,   -1
  350,20001004,   -1
  350,20001005,   37
  350,20001006,  164
  350,20001007,    0
  350,20001008,   34
  350,20001009,   16
  350,20001010,   96
  350,20001011,   73
  350,20001012,    6
  350,20001013,    0
  350,20001014,    0
  350,20001015,    2
  350,20001016,   44
  350,20001017,   28
  350,20001018,    9
  350,20001019,   76
  350,20001020,    0
  350,20001021,    0
  350,20001022,    0
  350,20001023,   47
  350,20001024,   -1
  350,20001025,    8
  350,20001026,   41
  350,20001027,   53
  350,20001028,   89
  350,20001029,   10
  350,20001030,  114
  350,20001031,    7
  350,20001101,   48
  350,20001102,   55
  350,20001103,    1
  350,20001104,    0
  350,20001105,    0
  350,20001106,   70
  350,20001107,   21
  350,20001108,   50
  350,20001109,    4
  350,20001110,    0
  350,20001111,   -1
  350,20001112,   78
  350,20001113,    5
  350,20001114,   -1
  350,20001115,    7
  350,20001116,   79
  350,20001117,   57
  350,20001118,   30
  350,20001119,   33
  350,20001120,   34
  350,20001121,   30
  350,20001122,    1
  350,20001123,   41
  350,20001124,    0
  350,20001125,   98
  350,20001126,    4
  350,20001127,    9
  350,20001128,   67
  350,20001129,    0
  350,20001130,    0
  350,20001201,    9
  350,20001202,   18
  350,20001203,   39
  350,20001204,    6
  350,20001205,   -1
  350,20001206,   35
  350,20001207,   26
  350,20001208,    3
  350,20001209,    0
  350,20001210,   62
  350,20001211,   36
  350,20001212,   64
  350,20001213,   76
  350,20001214,   17
  350,20001215,   62
  350,20001216,    0
  350,20001217,    5
  350,20001218,    4
  350,20001219,    2
  350,20001220,    0
  350,20001221,    0
  350,20001222,    0
  350,20001223,    0
  350,20001224,    6
  350,20001225,   11
  350,20001226,   -1
  350,20001227,    7
  350,20001228,    3
  350,20001229,   14
  350,20001230,   25
  350,20001231,   -1
  350,20010101,  107
  350,20010102,    2
  350,20010103,   36
  350,20010104,   47
  350,20010105,  158
  350,20010106,   10
  350,20010107,    0
  350,20010108,    4
  350,20010109,   -1
  350,20010110,    6
  350,20010111,    6
  350,20010112,    0
  350,20010113,    0
  350,20010114,    0
  350,20010115,    0
  350,20010116,    0
  350,20010117,    0
  350,20010118,    2
  350,20010119,   -1
  350,20010120,   16
  350,20010121,   82
  350,20010122,   19
  350,20010123,   16
  350,20010124,   64
  350,20010125,   14
  350,20010126,    4
  350,20010127,  168
  350,20010128,    2
  350,20010129,    1
  350,20010130,    0
  350,20010131,    0
  350,20010201,    8
  350,20010202,   36
  350,20010203,   70
  350,20010204,  158
  350,20010205,   35
  350,20010206,   65
  350,20010207,   56
  350,20010208,   56
  350,20010209,    1
  350,20010210,    8
  350,20010211,    1
  350,20010212,   74
  350,20010213,    0
  350,20010214,    0
  350,20010215,    0
  350,20010216,   49
  350,20010217,    0
  350,20010218,    0
  350,20010219,    2
  350,20010220,    0
  350,20010221,   41
  350,20010222,   78
  350,20010223,   54
  350,20010224,   33
  350,20010225,   16
  350,20010226,   42
  350,20010227,   -1
  350,20010228,    2
  350,20010301,    5
  350,20010302,    1
  350,20010303,    0
  350,20010304,   -1
  350,20010305,    0
  350,20010306,    0
  350,20010307,   42
  350,20010308,   26
  350,20010309,    8
  350,20010310,   60
  350,20010311,   49
  350,20010312,   24
  350,20010313,   45
  350,20010314,    0
  350,20010315,   -1
  350,20010316,    0
  350,20010317,   -1
  350,20010318,  179
  350,20010319,   20
  350,20010320,    0
  350,20010321,   50
  350,20010322,    0
  350,20010323,  122
  350,20010324,   20
  350,20010325,   -1
  350,20010326,    0
  350,20010327,    0
  350,20010328,   45
  350,20010329,  140
  350,20010330,   -1
  350,20010331,   -1
  350,20010401,   -1
  350,20010402,   -1
  350,20010403,   -1
  350,20010404,   71
  350,20010405,   60
  350,20010406,   24
  350,20010407,    1
  350,20010408,   -1
  350,20010409,   -1
  350,20010410,   37
  350,20010411,   -1
  350,20010412,   -1
  350,20010413,   -1
  350,20010414,   70
  350,20010415,   47
  350,20010416,   73
  350,20010417,   -1
  350,20010418,   33
  350,20010419,   38
  350,20010420,   80
  350,20010421,    0
  350,20010422,    0
  350,20010423,    0
  350,20010424,   11
  350,20010425,   67
  350,20010426,   21
  350,20010427,   73
  350,20010428,   35
  350,20010429,   -1
  350,20010430,   40
  350,20010501,   -1
  350,20010502,    0
  350,20010503,   22
  350,20010504,   17
  350,20010505,    0
  350,20010506,    0
  350,20010507,    0
  350,20010508,    0
  350,20010509,   -1
  350,20010510,    0
  350,20010511,    0
  350,20010512,    0
  350,20010513,    1
  350,20010514,    6
  350,20010515,   15
  350,20010516,   70
  350,20010517,   16
  350,20010518,   15
  350,20010519,    0
  350,20010520,    0
  350,20010521,    0
  350,20010522,    0
  350,20010523,    0
  350,20010524,    0
  350,20010525,    0
  350,20010526,    0
  350,20010527,   -1
  350,20010528,   -1
  350,20010529,    0
  350,20010530,    0
  350,20010531,    0
  350,20010601,   42
  350,20010602,  130
  350,20010603,   18
  350,20010604,    0
  350,20010605,    0
  350,20010606,    3
  350,20010607,   24
  350,20010608,    0
  350,20010609,    0
  350,20010610,    4
  350,20010611,    1
  350,20010612,    0
  350,20010613,    0
  350,20010614,    0
  350,20010615,   -1
  350,20010616,   52
  350,20010617,  108
  350,20010618,   -1
  350,20010619,    0
  350,20010620,    0
  350,20010621,    0
  350,20010622,   -1
  350,20010623,    0
  350,20010624,    0
  350,20010625,    0
  350,20010626,    0
  350,20010627,    3
  350,20010628,   -1
  350,20010629,    0
  350,20010630,   -1
  350,20010701,    0
  350,20010702,    0
  350,20010703,    0
  350,20010704,    0
  350,20010705,   16
  350,20010706,    8
  350,20010707,   21
  350,20010708,  125
  350,20010709,   -1
  350,20010710,   54
  350,20010711,    7
  350,20010712,   22
  350,20010713,    0
  350,20010714,   52
  350,20010715,    2
  350,20010716,    0
  350,20010717,   37
  350,20010718,   93
  350,20010719,  194
  350,20010720,   14
  350,20010721,    9
  350,20010722,   70
  350,20010723,  198
  350,20010724,    0
  350,20010725,    0
  350,20010726,    0
  356,19960726,    0
  356,19960727,   -1
  356,19960728,    0
  356,19960729,    1
  356,19960730,   -1
  356,19960731,    1
  356,19960801,    0
  356,19960802,    0
  356,19960803,    0
  356,19960804,    0
  356,19960805,    0
  356,19960806,  164
  356,19960807,   -1
  356,19960808,    0
  356,19960809,    0
  356,19960810,   -1
  356,19960811,   58
  356,19960812,  182
  356,19960813,   13
  356,19960814,   -1
  356,19960815,    1
  356,19960816,    0
  356,19960817,    0
  356,19960818,    0
  356,19960819,    0
  356,19960820,   72
  356,19960821,   20
  356,19960822,    0
  356,19960823,   64
  356,19960824,   18
  356,19960825,  176
  356,19960826,    0
  356,19960827,   12
  356,19960828,  336
  356,19960829,   32
  356,19960830,   59
  356,19960831,   11
  356,19960901,   35
  356,19960902,    0
  356,19960903,   -1
  356,19960904,   -1
  356,19960905,    0
  356,19960906,    0
  356,19960907,    0
  356,19960908,    0
  356,19960909,    0
  356,19960910,    7
  356,19960911,    6
  356,19960912,   58
  356,19960913,    4
  356,19960914,    2
  356,19960915,    0
  356,19960916,    0
  356,19960917,    0
  356,19960918,    0
  356,19960919,    0
  356,19960920,    0
  356,19960921,    0
  356,19960922,    9
  356,19960923,   56
  356,19960924,    0
  356,19960925,    0
  356,19960926,    1
  356,19960927,   67
  356,19960928,   -1
  356,19960929,   50
  356,19960930,   78
  356,19961001,   55
  356,19961002,   -1
  356,19961003,    0
  356,19961004,    8
  356,19961005,   86
  356,19961006,    0
  356,19961007,    0
  356,19961008,   -1
  356,19961009,   -1
  356,19961010,   16
  356,19961011,    0
  356,19961012,    0
  356,19961013,    0
  356,19961014,    0
  356,19961015,   -1
  356,19961016,    0
  356,19961017,   -1
  356,19961018,   23
  356,19961019,   12
  356,19961020,  119
  356,19961021,   32
  356,19961022,    0
  356,19961023,    0
  356,19961024,    0
  356,19961025,   -1
  356,19961026,    8
  356,19961027,   32
  356,19961028,    5
  356,19961029,   74
  356,19961030,   -1
  356,19961031,   89
  356,19961101,    9
  356,19961102,    9
  356,19961103,   87
  356,19961104,   47
  356,19961105,   38
  356,19961106,   23
  356,19961107,  240
  356,19961108,   -1
  356,19961109,    7
  356,19961110,   58
  356,19961111,   60
  356,19961112,   26
  356,19961113,   10
  356,19961114,    0
  356,19961115,    0
  356,19961116,    0
  356,19961117,    0
  356,19961118,   35
  356,19961119,   36
  356,19961120,   49
  356,19961121,   60
  356,19961122,    0
  356,19961123,   52
  356,19961124,    9
  356,19961125,  120
  356,19961126,   -1
  356,19961127,    0
  356,19961128,    0
  356,19961129,   86
  356,19961130,   38
  356,19961201,   17
  356,19961202,   27
  356,19961203,   73
  356,19961204,    2
  356,19961205,   -1
  356,19961206,   -1
  356,19961207,   -1
  356,19961208,    0
  356,19961209,    0
  356,19961210,    0
  356,19961211,   -1
  356,19961212,   -1
  356,19961213,   -1
  356,19961214,   -1
  356,19961215,   -1
  356,19961216,   -1
  356,19961217,    0
  356,19961218,    3
  356,19961219,  187
  356,19961220,   -1
  356,19961221,    0
  356,19961222,    0
  356,19961223,    0
  356,19961224,    0
  356,19961225,    0
  356,19961226,    0
  356,19961227,    0
  356,19961228,    0
  356,19961229,   11
  356,19961230,    0
  356,19961231,    0
  356,19970101,    0
  356,19970102,    0
  356,19970103,    0
  356,19970104,    0
  356,19970105,    0
  356,19970106,    0
  356,19970107,    0
  356,19970108,    0
  356,19970109,    0
  356,19970110,    0
  356,19970111,    0
  356,19970112,   -1
  356,19970113,   -1
  356,19970114,    0
  356,19970115,    0
  356,19970116,    0
  356,19970117,    0
  356,19970118,   -1
  356,19970119,   38
  356,19970120,    1
  356,19970121,    0
  356,19970122,    1
  356,19970123,    0
  356,19970124,   -1
  356,19970125,    0
  356,19970126,    0
  356,19970127,    0
  356,19970128,   -1
  356,19970129,    0
  356,19970130,   -1
  356,19970131,   -1
  356,19970201,    0
  356,19970202,   -1
  356,19970203,   -1
  356,19970204,   39
  356,19970205,  109
  356,19970206,    0
  356,19970207,   18
  356,19970208,    0
  356,19970209,    0
  356,19970210,   24
  356,19970211,   15
  356,19970212,  125
  356,19970213,   93
  356,19970214,    0
  356,19970215,    0
  356,19970216,    4
  356,19970217,   14
  356,19970218,   64
  356,19970219,   28
  356,19970220,   -1
  356,19970221,   -1
  356,19970222,    0
  356,19970223,    0
  356,19970224,   83
  356,19970225,   28
  356,19970226,   36
  356,19970227,   -1
  356,19970228,    1
  356,19970301,    0
  356,19970302,   17
  356,19970303,   -1
  356,19970304,   -1
  356,19970305,    0
  356,19970306,    7
  356,19970307,    0
  356,19970308,    0
  356,19970309,    0
  356,19970310,    0
  356,19970311,    0
  356,19970312,    0
  356,19970313,    0
  356,19970314,    7
  356,19970315,   17
  356,19970316,   -1
  356,19970317,   -1
  356,19970318,   61
  356,19970319,   82
  356,19970320,    5
  356,19970321,    1
  356,19970322,    0
  356,19970323,   32
  356,19970324,    4
  356,19970325,   14
  356,19970326,   15
  356,19970327,    0
  356,19970328,   12
  356,19970329,    1
  356,19970330,    0
  356,19970331,    0
  356,19970401,    0
  356,19970402,    0
  356,19970403,   -1
  356,19970404,    2
  356,19970405,   91
  356,19970406,    0
  356,19970407,    0
  356,19970408,    0
  356,19970409,    0
  356,19970410,    0
  356,19970411,   -1
  356,19970412,   -1
  356,19970413,   -1
  356,19970414,    2
  356,19970415,   -1
  356,19970416,    1
  356,19970417,    0
  356,19970418,   -1
  356,19970419,   -1
  356,19970420,    0
  356,19970421,   -1
  356,19970422,    1
  356,19970423,    0
  356,19970424,    0
  356,19970425,   20
  356,19970426,    6
  356,19970427,   17
  356,19970428,   96
  356,19970429,   42
  356,19970430,    0
  356,19970501,    0
  356,19970502,    0
  356,19970503,    0
  356,19970504,   17
  356,19970505,   69
  356,19970506,  100
  356,19970507,    6
  356,19970508,   32
  356,19970509,   30
  356,19970510,   19
  356,19970511,  172
  356,19970512,    0
  356,19970513,   -1
  356,19970514,  119
  356,19970515,    0
  356,19970516,  149
  356,19970517,   -1
  356,19970518,  101
  356,19970519,   44
  356,19970520,  162
  356,19970521,   71
  356,19970522,   20
  356,19970523,    0
  356,19970524,   -1
  356,19970525,    0
  356,19970526,    0
  356,19970527,   -1
  356,19970528,    0
  356,19970529,   -1
  356,19970530,    0
  356,19970531,    0
  356,19970601,    0
  356,19970602,    0
  356,19970603,    0
  356,19970604,    0
  356,19970605,   -1
  356,19970606,    0
  356,19970607,   56
  356,19970608,    8
  356,19970609,    0
  356,19970610,    0
  356,19970611,   51
  356,19970612,    2
  356,19970613,   78
  356,19970614,   15
  356,19970615,    0
  356,19970616,    0
  356,19970617,    0
  356,19970618,    0
  356,19970619,   47
  356,19970620,   20
  356,19970621,   49
  356,19970622,   95
  356,19970623,   36
  356,19970624,   -1
  356,19970625,   54
  356,19970626,  120
  356,19970627,   72
  356,19970628,    2
  356,19970629,  152
  356,19970630,    7
  356,19970701,   24
  356,19970702,   32
  356,19970703,   -1
  356,19970704,   22
  356,19970705,  161
  356,19970706,    7
  356,19970707,   -1
  356,19970708,    0
  356,19970709,    0
  356,19970710,    0
  356,19970711,    0
  356,19970712,    6
  356,19970713,    3
  356,19970714,   -1
  356,19970715,   -1
  356,19970716,    4
  356,19970717,   20
  356,19970718,  145
  356,19970719,    1
  356,19970720,   33
  356,19970721,   16
  356,19970722,    0
  356,19970723,    0
  356,19970724,   29
  356,19970725,   78
  356,19970726,    8
  356,19970727,   12
  356,19970728,    0
  356,19970729,    0
  356,19970730,   -1
  356,19970731,   21
  356,19970801,   61
  356,19970802,    5
  356,19970803,    0
  356,19970804,    0
  356,19970805,    0
  356,19970806,    0
  356,19970807,    0
  356,19970808,    0
  356,19970809,    0
  356,19970810,    0
  356,19970811,    0
  356,19970812,    0
  356,19970813,    0
  356,19970814,    0
  356,19970815,    0
  356,19970816,    0
  356,19970817,    0
  356,19970818,    0
  356,19970819,    0
  356,19970820,    0
  356,19970821,    0
  356,19970822,   50
  356,19970823,   14
  356,19970824,   79
  356,19970825,   45
  356,19970826,    9
  356,19970827,   75
  356,19970828,   39
  356,19970829,   26
  356,19970830,   29
  356,19970831,    0
  356,19970901,   97
  356,19970902,   38
  356,19970903,    3
  356,19970904,    2
  356,19970905,    0
  356,19970906,    2
  356,19970907,   52
  356,19970908,    0
  356,19970909,    0
  356,19970910,    0
  356,19970911,    0
  356,19970912,    9
  356,19970913,   11
  356,19970914,    0
  356,19970915,    0
  356,19970916,    0
  356,19970917,    0
  356,19970918,    0
  356,19970919,    0
  356,19970920,    0
  356,19970921,    0
  356,19970922,    0
  356,19970923,    0
  356,19970924,    0
  356,19970925,    0
  356,19970926,    0
  356,19970927,    0
  356,19970928,    0
  356,19970929,   -1
  356,19970930,   11
  356,19971001,   32
  356,19971002,   -1
  356,19971003,   -1
  356,19971004,    0
  356,19971005,    0
  356,19971006,   18
  356,19971007,  104
  356,19971008,   94
  356,19971009,   95
  356,19971010,  253
  356,19971011,   30
  356,19971012,    2
  356,19971013,   54
  356,19971014,   55
  356,19971015,   47
  356,19971016,   -1
  356,19971017,    5
  356,19971018,    0
  356,19971019,    0
  356,19971020,    0
  356,19971021,    0
  356,19971022,    0
  356,19971023,   -1
  356,19971024,   -1
  356,19971025,    6
  356,19971026,   10
  356,19971027,    0
  356,19971028,    0
  356,19971029,    0
  356,19971030,    0
  356,19971031,    0
  356,19971101,    0
  356,19971102,    0
  356,19971103,    0
  356,19971104,   25
  356,19971105,    4
  356,19971106,   31
  356,19971107,   43
  356,19971108,    1
  356,19971109,   44
  356,19971110,   20
  356,19971111,    8
  356,19971112,    0
  356,19971113,    0
  356,19971114,    0
  356,19971115,   11
  356,19971116,    0
  356,19971117,    0
  356,19971118,    0
  356,19971119,   -1
  356,19971120,   72
  356,19971121,    5
  356,19971122,    0
  356,19971123,    0
  356,19971124,    0
  356,19971125,    0
  356,19971126,   -1
  356,19971127,   76
  356,19971128,   61
  356,19971129,   19
  356,19971130,    3
  356,19971201,    0
  356,19971202,    9
  356,19971203,    0
  356,19971204,   -1
  356,19971205,    0
  356,19971206,    3
  356,19971207,    0
  356,19971208,    2
  356,19971209,   96
  356,19971210,  150
  356,19971211,   19
  356,19971212,   25
  356,19971213,   -1
  356,19971214,   19
  356,19971215,    0
  356,19971216,    0
  356,19971217,   -1
  356,19971218,   -1
  356,19971219,    9
  356,19971220,    0
  356,19971221,   32
  356,19971222,    0
  356,19971223,   18
  356,19971224,   75
  356,19971225,   54
  356,19971226,   20
  356,19971227,   12
  356,19971228,   47
  356,19971229,   14
  356,19971230,   -1
  356,19971231,   27
  356,19980101,   14
  356,19980102,   84
  356,19980103,   96
  356,19980104,   12
  356,19980105,  147
  356,19980106,    3
  356,19980107,   83
  356,19980108,   21
  356,19980109,    0
  356,19980110,    0
  356,19980111,    0
  356,19980112,    0
  356,19980113,   -1
  356,19980114,   30
  356,19980115,   13
  356,19980116,   10
  356,19980117,   -1
  356,19980118,   50
  356,19980119,   53
  356,19980120,   13
  356,19980121,    0
  356,19980122,    0
  356,19980123,    0
  356,19980124,    4
  356,19980125,    0
  356,19980126,    0
  356,19980127,    0
  356,19980128,   -1
  356,19980129,   22
  356,19980130,    7
  356,19980131,    1
  356,19980201,    0
  356,19980202,   30
  356,19980203,   -1
  356,19980204,    0
  356,19980205,    0
  356,19980206,    0
  356,19980207,   26
  356,19980208,    0
  356,19980209,    0
  356,19980210,    0
  356,19980211,    0
  356,19980212,    0
  356,19980213,    0
  356,19980214,    0
  356,19980215,    0
  356,19980216,    3
  356,19980217,   -1
  356,19980218,    0
  356,19980219,   -1
  356,19980220,    0
  356,19980221,   31
  356,19980222,    5
  356,19980223,    6
  356,19980224,   -1
  356,19980225,   -1
  356,19980226,    1
  356,19980227,   -1
  356,19980228,   48
  356,19980301,   21
  356,19980302,   19
  356,19980303,  167
  356,19980304,   58
  356,19980305,   60
  356,19980306,  285
  356,19980307,  106
  356,19980308,   10
  356,19980309,    2
  356,19980310,    0
  356,19980311,   82
  356,19980312,   -1
  356,19980313,    2
  356,19980314,    7
  356,19980315,   -1
  356,19980316,   -1
  356,19980317,    0
  356,19980318,    0
  356,19980319,    0
  356,19980320,    5
  356,19980321,   -1
  356,19980322,    5
  356,19980323,    4
  356,19980324,    0
  356,19980325,    0
  356,19980326,   41
  356,19980327,    4
  356,19980328,    0
  356,19980329,   -1
  356,19980330,    0
  356,19980331,    0
  356,19980401,   23
  356,19980402,   25
  356,19980403,  122
  356,19980404,   44
  356,19980405,   14
  356,19980406,   41
  356,19980407,   42
  356,19980408,   18
  356,19980409,   89
  356,19980410,    9
  356,19980411,    9
  356,19980412,   -1
  356,19980413,   63
  356,19980414,    3
  356,19980415,   84
  356,19980416,   17
  356,19980417,   12
  356,19980418,   -1
  356,19980419,    0
  356,19980420,   38
  356,19980421,    0
  356,19980422,    0
  356,19980423,    8
  356,19980424,   18
  356,19980425,   88
  356,19980426,    1
  356,19980427,   62
  356,19980428,    5
  356,19980429,   -1
  356,19980430,   -1
  356,19980501,    5
  356,19980502,    3
  356,19980503,    0
  356,19980504,    0
  356,19980505,   -1
  356,19980506,   68
  356,19980507,   -1
  356,19980508,    0
  356,19980509,    0
  356,19980510,    0
  356,19980511,    0
  356,19980512,    0
  356,19980513,    0
  356,19980514,    0
  356,19980515,    0
  356,19980516,    0
  356,19980517,    0
  356,19980518,    0
  356,19980519,    0
  356,19980520,    0
  356,19980521,   -1
  356,19980522,   -1
  356,19980523,    1
  356,19980524,   15
  356,19980525,   -1
  356,19980526,   21
  356,19980527,   78
  356,19980528,   -1
  356,19980529,   96
  356,19980530,   -1
  356,19980531,   -1
  356,19980601,    0
  356,19980602,   47
  356,19980603,   58
  356,19980604,    0
  356,19980605,   37
  356,19980606,  149
  356,19980607,   97
  356,19980608,   -1
  356,19980609,   99
  356,19980610,   42
  356,19980611,  118
  356,19980612,   92
  356,19980613,   -1
  356,19980614,  160
  356,19980615,    8
  356,19980616,   35
  356,19980617,    3
  356,19980618,   49
  356,19980619,    0
  356,19980620,    0
  356,19980621,    7
  356,19980622,    0
  356,19980623,    9
  356,19980624,    9
  356,19980625,   28
  356,19980626,   -1
  356,19980627,   49
  356,19980628,    5
  356,19980629,   -1
  356,19980630,   55
  356,19980701,    7
  356,19980702,    0
  356,19980703,    0
  356,19980704,    2
  356,19980705,    2
  356,19980706,    0
  356,19980707,   21
  356,19980708,   16
  356,19980709,    4
  356,19980710,   -1
  356,19980711,   22
  356,19980712,  120
  356,19980713,   16
  356,19980714,   -1
  356,19980715,   76
  356,19980716,    6
  356,19980717,   10
  356,19980718,    0
  356,19980719,    0
  356,19980720,    1
  356,19980721,   27
  356,19980722,    0
  356,19980723,    6
  356,19980724,   27
  356,19980725,    0
  356,19980726,    0
  356,19980727,   -1
  356,19980728,    0
  356,19980729,   31
  356,19980730,  114
  356,19980731,    5
  356,19980801,   -1
  356,19980802,    0
  356,19980803,   -1
  356,19980804,   25
  356,19980805,    0
  356,19980806,    0
  356,19980807,    0
  356,19980808,    0
  356,19980809,    0
  356,19980810,    0
  356,19980811,    0
  356,19980812,    0
  356,19980813,    0
  356,19980814,   -1
  356,19980815,   -1
  356,19980816,    0
  356,19980817,    0
  356,19980818,    1
  356,19980819,    0
  356,19980820,   -1
  356,19980821,   94
  356,19980822,    6
  356,19980823,  225
  356,19980824,   46
  356,19980825,    1
  356,19980826,   63
  356,19980827,   40
  356,19980828,    0
  356,19980829,   28
  356,19980830,    6
  356,19980831,    0
  356,19980901,   62
  356,19980902,   67
  356,19980903,   95
  356,19980904,    2
  356,19980905,   42
  356,19980906,   12
  356,19980907,   23
  356,19980908,   14
  356,19980909,  148
  356,19980910,   19
  356,19980911,    9
  356,19980912,   16
  356,19980913,  107
  356,19980914,  314
  356,19980915,   58
  356,19980916,   72
  356,19980917,   29
  356,19980918,    0
  356,19980919,   13
  356,19980920,    0
  356,19980921,    0
  356,19980922,    0
  356,19980923,    0
  356,19980924,    0
  356,19980925,    0
  356,19980926,    0
  356,19980927,    0
  356,19980928,    0
  356,19980929,    0
  356,19980930,   33
  356,19981001,   -1
  356,19981002,    0
  356,19981003,    0
  356,19981004,   -1
  356,19981005,    9
  356,19981006,   14
  356,19981007,   39
  356,19981008,  170
  356,19981009,    4
  356,19981010,   68
  356,19981011,   48
  356,19981012,   31
  356,19981013,   26
  356,19981014,  100
  356,19981015,   14
  356,19981016,   -1
  356,19981017,   20
  356,19981018,    5
  356,19981019,   11
  356,19981020,   19
  356,19981021,   36
  356,19981022,    2
  356,19981023,   95
  356,19981024,  177
  356,19981025,   42
  356,19981026,   45
  356,19981027,  156
  356,19981028,  200
  356,19981029,  128
  356,19981030,  211
  356,19981031,  170
  356,19981101,  187
  356,19981102,   72
  356,19981103,  107
  356,19981104,  103
  356,19981105,   45
  356,19981106,    8
  356,19981107,    0
  356,19981108,  100
  356,19981109,   71
  356,19981110,   27
  356,19981111,    2
  356,19981112,   -1
  356,19981113,   53
  356,19981114,  104
  356,19981115,   34
  356,19981116,    0
  356,19981117,    0
  356,19981118,   61
  356,19981119,    0
  356,19981120,    0
  356,19981121,    0
  356,19981122,    0
  356,19981123,    0
  356,19981124,    0
  356,19981125,    0
  356,19981126,   48
  356,19981127,    2
  356,19981128,    1
  356,19981129,   54
  356,19981130,    0
  356,19981201,    0
  356,19981202,    0
  356,19981203,    0
  356,19981204,   17
  356,19981205,   27
  356,19981206,   26
  356,19981207,    6
  356,19981208,   11
  356,19981209,   48
  356,19981210,    0
  356,19981211,   16
  356,19981212,   76
  356,19981213,    2
  356,19981214,   33
  356,19981215,  134
  356,19981216,   -1
  356,19981217,    0
  356,19981218,   16
  356,19981219,   55
  356,19981220,    4
  356,19981221,    2
  356,19981222,    1
  356,19981223,    3
  356,19981224,   26
  356,19981225,   81
  356,19981226,   34
  356,19981227,   44
  356,19981228,   33
  356,19981229,    0
  356,19981230,    0
  356,19981231,    0
  356,19990101,   -1
  356,19990102,   53
  356,19990103,   58
  356,19990104,   51
  356,19990105,   19
  356,19990106,    0
  356,19990107,   35
  356,19990108,   34
  356,19990109,   -1
  356,19990110,    0
  356,19990111,    0
  356,19990112,   67
  356,19990113,   64
  356,19990114,   41
  356,19990115,   23
  356,19990116,  119
  356,19990117,    1
  356,19990118,    0
  356,19990119,    4
  356,19990120,    5
  356,19990121,    9
  356,19990122,   -1
  356,19990123,   -1
  356,19990124,   16
  356,19990125,   35
  356,19990126,   43
  356,19990127,   56
  356,19990128,   70
  356,19990129,    0
  356,19990130,    0
  356,19990131,    0
  356,19990201,    2
  356,19990202,    1
  356,19990203,   -1
  356,19990204,    2
  356,19990205,   24
  356,19990206,   58
  356,19990207,   33
  356,19990208,   48
  356,19990209,   10
  356,19990210,   52
  356,19990211,   -1
  356,19990212,    0
  356,19990213,    0
  356,19990214,   28
  356,19990215,    2
  356,19990216,   29
  356,19990217,   37
  356,19990218,   18
  356,19990219,   52
  356,19990220,    0
  356,19990221,  117
  356,19990222,   58
  356,19990223,   57
  356,19990224,    0
  356,19990225,   -1
  356,19990226,   -1
  356,19990227,   14
  356,19990228,    1
  356,19990301,  199
  356,19990302,  173
  356,19990303,   32
  356,19990304,    1
  356,19990305,   47
  356,19990306,    9
  356,19990307,   14
  356,19990308,   42
  356,19990309,   30
  356,19990310,   50
  356,19990311,    0
  356,19990312,    0
  356,19990313,    0
  356,19990314,    0
  356,19990315,    0
  356,19990316,   -1
  356,19990317,    4
  356,19990318,   42
  356,19990319,    0
  356,19990320,    1
  356,19990321,   46
  356,19990322,   32
  356,19990323,   58
  356,19990324,    0
  356,19990325,   -1
  356,19990326,   31
  356,19990327,    0
  356,19990328,    0
  356,19990329,    0
  356,19990330,    3
  356,19990331,    0
  356,19990401,    0
  356,19990402,    0
  356,19990403,   76
  356,19990404,   -1
  356,19990405,   12
  356,19990406,    9
  356,19990407,   24
  356,19990408,    0
  356,19990409,    0
  356,19990410,   28
  356,19990411,    0
  356,19990412,   82
  356,19990413,   69
  356,19990414,   34
  356,19990415,    9
  356,19990416,   -1
  356,19990417,    0
  356,19990418,   -1
  356,19990419,   -1
  356,19990420,   19
  356,19990421,   27
  356,19990422,   28
  356,19990423,   -1
  356,19990424,    0
  356,19990425,    0
  356,19990426,    0
  356,19990427,   -1
  356,19990428,    0
  356,19990429,    0
  356,19990430,    0
  356,19990501,   -1
  356,19990502,    0
  356,19990503,    0
  356,19990504,    0
  356,19990505,  113
  356,19990506,   80
  356,19990507,   77
  356,19990508,   -1
  356,19990509,    0
  356,19990510,   60
  356,19990511,   65
  356,19990512,   -1
  356,19990513,   30
  356,19990514,   54
  356,19990515,    2
  356,19990516,   -1
  356,19990517,    0
  356,19990518,   -1
  356,19990519,   -1
  356,19990520,   47
  356,19990521,    4
  356,19990522,    6
  356,19990523,    0
  356,19990524,   -1
  356,19990525,    0
  356,19990526,    0
  356,19990527,    0
  356,19990528,    0
  356,19990529,   31
  356,19990530,   90
  356,19990531,    2
  356,19990601,    0
  356,19990602,   14
  356,19990603,    6
  356,19990604,   18
  356,19990605,  188
  356,19990606,   33
  356,19990607,   65
  356,19990608,   11
  356,19990609,    0
  356,19990610,    0
  356,19990611,   22
  356,19990612,    0
  356,19990613,   56
  356,19990614,   14
  356,19990615,    0
  356,19990616,    0
  356,19990617,   -1
  356,19990618,    0
  356,19990619,    0
  356,19990620,   68
  356,19990621,  136
  356,19990622,   -1
  356,19990623,   -1
  356,19990624,    3
  356,19990625,    0
  356,19990626,   -1
  356,19990627,   31
  356,19990628,   27
  356,19990629,   32
  356,19990630,    3
  356,19990701,   11
  356,19990702,   -1
  356,19990703,    0
  356,19990704,  132
  356,19990705,   37
  356,19990706,   -1
  356,19990707,   11
  356,19990708,    0
  356,19990709,    0
  356,19990710,    0
  356,19990711,    0
  356,19990712,    0
  356,19990713,   -1
  356,19990714,    2
  356,19990715,   -1
  356,19990716,    0
  356,19990717,    0
  356,19990718,    0
  356,19990719,    0
  356,19990720,    2
  356,19990721,   11
  356,19990722,   49
  356,19990723,   -1
  356,19990724,    0
  356,19990725,    0
  356,19990726,    0
  356,19990727,    0
  356,19990728,    0
  356,19990729,    0
  356,19990730,    0
  356,19990731,   -1
  356,19990801,    0
  356,19990802,    0
  356,19990803,   -1
  356,19990804,    0
  356,19990805,   38
  356,19990806,    0
  356,19990807,  115
  356,19990808,   18
  356,19990809,    1
  356,19990810,   15
  356,19990811,   -1
  356,19990812,    0
  356,19990813,    0
  356,19990814,   93
  356,19990815,    2
  356,19990816,   66
  356,19990817,   40
  356,19990818,   11
  356,19990819,  165
  356,19990820,   12
  356,19990821,    0
  356,19990822,    0
  356,19990823,    0
  356,19990824,   -1
  356,19990825,   -1
  356,19990826,   13
  356,19990827,   -1
  356,19990828,    0
  356,19990829,    0
  356,19990830,    0
  356,19990831,    0
  356,19990901,   -1
  356,19990902,    0
  356,19990903,    0
  356,19990904,    0
  356,19990905,    0
  356,19990906,   49
  356,19990907,    0
  356,19990908,    0
  356,19990909,    0
  356,19990910,    0
  356,19990911,    0
  356,19990912,    0
  356,19990913,    0
  356,19990914,   -1
  356,19990915,  222
  356,19990916,    0
  356,19990917,    3
  356,19990918,    0
  356,19990919,    1
  356,19990920,    6
  356,19990921,   54
  356,19990922,    5
  356,19990923,   36
  356,19990924,   38
  356,19990925,    8
  356,19990926,   19
  356,19990927,   34
  356,19990928,   -1
  356,19990929,   80
  356,19990930,   83
  356,19991001,   25
  356,19991002,    9
  356,19991003,   29
  356,19991004,   61
  356,19991005,   -1
  356,19991006,    1
  356,19991007,    2
  356,19991008,  197
  356,19991009,    5
  356,19991010,    9
  356,19991011,   15
  356,19991012,    0
  356,19991013,    0
  356,19991014,    0
  356,19991015,   -1
  356,19991016,    0
  356,19991017,    0
  356,19991018,    0
  356,19991019,    0
  356,19991020,    0
  356,19991021,    3
  356,19991022,   22
  356,19991023,    3
  356,19991024,    3
  356,19991025,   40
  356,19991026,    0
  356,19991027,    0
  356,19991028,   -1
  356,19991029,    0
  356,19991030,   67
  356,19991031,    0
  356,19991101,   22
  356,19991102,    3
  356,19991103,    0
  356,19991104,    0
  356,19991105,    8
  356,19991106,   92
  356,19991107,   53
  356,19991108,   41
  356,19991109,   23
  356,19991110,    2
  356,19991111,    0
  356,19991112,    0
  356,19991113,    4
  356,19991114,    8
  356,19991115,    0
  356,19991116,   16
  356,19991117,   97
  356,19991118,  121
  356,19991119,    5
  356,19991120,    3
  356,19991121,    1
  356,19991122,   27
  356,19991123,    0
  356,19991124,    0
  356,19991125,   68
  356,19991126,    0
  356,19991127,   34
  356,19991128,    0
  356,19991129,    0
  356,19991130,   -1
  356,19991201,    3
  356,19991202,    1
  356,19991203,   56
  356,19991204,   45
  356,19991205,   15
  356,19991206,    4
  356,19991207,   38
  356,19991208,   16
  356,19991209,   10
  356,19991210,   22
  356,19991211,  126
  356,19991212,  115
  356,19991213,  109
  356,19991214,   62
  356,19991215,   18
  356,19991216,   12
  356,19991217,   85
  356,19991218,   -1
  356,19991219,   17
  356,19991220,    3
  356,19991221,    0
  356,19991222,   30
  356,19991223,   37
  356,19991224,  125
  356,19991225,   41
  356,19991226,  141
  356,19991227,   49
  356,19991228,   -1
  356,19991229,   41
  356,19991230,   19
  356,19991231,   -1
  356,20000101,   10
  356,20000102,    6
  356,20000103,   25
  356,20000104,  112
  356,20000105,    0
  356,20000106,   22
  356,20000107,    0
  356,20000108,    7
  356,20000109,    0
  356,20000110,    0
  356,20000111,    0
  356,20000112,    0
  356,20000113,    1
  356,20000114,    1
  356,20000115,    0
  356,20000116,    7
  356,20000117,    1
  356,20000118,    4
  356,20000119,   -1
  356,20000120,   14
  356,20000121,   13
  356,20000122,   82
  356,20000123,   -1
  356,20000124,    0
  356,20000125,    0
  356,20000126,    0
  356,20000127,    0
  356,20000128,   -1
  356,20000129,   75
  356,20000130,    3
  356,20000131,    2
  356,20000201,   15
  356,20000202,   54
  356,20000203,    0
  356,20000204,   16
  356,20000205,    0
  356,20000206,   14
  356,20000207,   84
  356,20000208,   70
  356,20000209,    3
  356,20000210,   89
  356,20000211,    0
  356,20000212,   46
  356,20000213,    0
  356,20000214,   28
  356,20000215,   26
  356,20000216,   83
  356,20000217,   10
  356,20000218,   42
  356,20000219,   24
  356,20000220,    8
  356,20000221,    6
  356,20000222,    0
  356,20000223,    0
  356,20000224,  115
  356,20000225,  144
  356,20000226,    0
  356,20000227,    0
  356,20000228,   30
  356,20000229,   90
  356,20000301,   17
  356,20000302,  113
  356,20000303,  224
  356,20000304,   68
  356,20000305,   17
  356,20000306,   -1
  356,20000307,   49
  356,20000308,  141
  356,20000309,   25
  356,20000310,    9
  356,20000311,   10
  356,20000312,    0
  356,20000313,    0
  356,20000314,   36
  356,20000315,    3
  356,20000316,    3
  356,20000317,   -1
  356,20000318,   26
  356,20000319,    1
  356,20000320,    0
  356,20000321,    0
  356,20000322,    0
  356,20000323,    0
  356,20000324,   39
  356,20000325,    9
  356,20000326,  172
  356,20000327,   18
  356,20000328,    1
  356,20000329,    1
  356,20000330,   -1
  356,20000331,    5
  356,20000401,    1
  356,20000402,   18
  356,20000403,    6
  356,20000404,   -1
  356,20000405,    1
  356,20000406,    0
  356,20000407,    0
  356,20000408,    0
  356,20000409,    0
  356,20000410,    0
  356,20000411,   -1
  356,20000412,   90
  356,20000413,   38
  356,20000414,   -1
  356,20000415,   43
  356,20000416,    3
  356,20000417,   46
  356,20000418,    0
  356,20000419,    0
  356,20000420,   -1
  356,20000421,    5
  356,20000422,   45
  356,20000423,  134
  356,20000424,    0
  356,20000425,    0
  356,20000426,    2
  356,20000427,   11
  356,20000428,    0
  356,20000429,   -1
  356,20000430,   -1
  356,20000501,    0
  356,20000502,   -1
  356,20000503,    0
  356,20000504,   -1
  356,20000505,    0
  356,20000506,    0
  356,20000507,    1
  356,20000508,   20
  356,20000509,    0
  356,20000510,   23
  356,20000511,    0
  356,20000512,    0
  356,20000513,    0
  356,20000514,    0
  356,20000515,    0
  356,20000516,   58
  356,20000517,   44
  356,20000518,   27
  356,20000519,  132
  356,20000520,    6
  356,20000521,  194
  356,20000522,   -1
  356,20000523,   34
  356,20000524,  133
  356,20000525,   55
  356,20000526,   31
  356,20000527,    8
  356,20000528,  108
  356,20000529,  287
  356,20000530,    1
  356,20000531,    0
  356,20000601,   -1
  356,20000602,    0
  356,20000603,  180
  356,20000604,   -1
  356,20000605,   90
  356,20000606,    6
  356,20000607,   -1
  356,20000608,    0
  356,20000609,    0
  356,20000610,    0
  356,20000611,    0
  356,20000612,    0
  356,20000613,    0
  356,20000614,   25
  356,20000615,   -1
  356,20000616,    0
  356,20000617,    0
  356,20000618,    0
  356,20000619,    0
  356,20000620,    0
  356,20000621,   64
  356,20000622,   10
  356,20000623,   56
  356,20000624,   29
  356,20000625,    5
  356,20000626,   -1
  356,20000627,    0
  356,20000628,    0
  356,20000629,    0
  356,20000630,    0
  356,20000701,   59
  356,20000702,   29
  356,20000703,    1
  356,20000704,  209
  356,20000705,   77
  356,20000706,    0
  356,20000707,    0
  356,20000708,    4
  356,20000709,   61
  356,20000710,  118
  356,20000711,   19
  356,20000712,    3
  356,20000713,   90
  356,20000714,   54
  356,20000715,  167
  356,20000716,   -1
  356,20000717,    1
  356,20000718,    2
  356,20000719,    8
  356,20000720,    0
  356,20000721,    0
  356,20000722,    0
  356,20000723,    0
  356,20000724,  134
  356,20000725,   61
  356,20000726,   -1
  356,20000727,   62
  356,20000728,    1
  356,20000729,  117
  356,20000730,   52
  356,20000731,    0
  356,20000801,  117
  356,20000802,    1
  356,20000803,  122
  356,20000804,    0
  356,20000805,    0
  356,20000806,    0
  356,20000807,   -1
  356,20000808,    3
  356,20000809,    0
  356,20000810,    1
  356,20000811,    0
  356,20000812,    0
  356,20000813,    0
  356,20000814,    4
  356,20000815,   -1
  356,20000816,    5
  356,20000817,    2
  356,20000818,   10
  356,20000819,  189
  356,20000820,   32
  356,20000821,   62
  356,20000822,    0
  356,20000823,    0
  356,20000824,    0
  356,20000825,   -1
  356,20000826,    0
  356,20000827,  129
  356,20000828,   -1
  356,20000829,    0
  356,20000830,    0
  356,20000831,    0
  356,20000901,   52
  356,20000902,  184
  356,20000903,   16
  356,20000904,    0
  356,20000905,   -1
  356,20000906,   39
  356,20000907,   -1
  356,20000908,    8
  356,20000909,   -1
  356,20000910,    0
  356,20000911,    0
  356,20000912,    0
  356,20000913,    0
  356,20000914,    0
  356,20000915,  109
  356,20000916,   -1
  356,20000917,   31
  356,20000918,    0
  356,20000919,    2
  356,20000920,   18
  356,20000921,    0
  356,20000922,    1
  356,20000923,    0
  356,20000924,    3
  356,20000925,    5
  356,20000926,   44
  356,20000927,   20
  356,20000928,   28
  356,20000929,    2
  356,20000930,   27
  356,20001001,   73
  356,20001002,   -1
  356,20001003,    0
  356,20001004,    3
  356,20001005,   10
  356,20001006,   72
  356,20001007,    0
  356,20001008,   33
  356,20001009,   12
  356,20001010,   83
  356,20001011,   79
  356,20001012,   11
  356,20001013,    0
  356,20001014,   -1
  356,20001015,    2
  356,20001016,   26
  356,20001017,    5
  356,20001018,   10
  356,20001019,   53
  356,20001020,   -1
  356,20001021,    0
  356,20001022,    0
  356,20001023,   66
  356,20001024,    2
  356,20001025,    5
  356,20001026,   16
  356,20001027,   59
  356,20001028,   47
  356,20001029,   12
  356,20001030,   88
  356,20001031,    6
  356,20001101,   83
  356,20001102,   70
  356,20001103,   -1
  356,20001104,    1
  356,20001105,    1
  356,20001106,   42
  356,20001107,   12
  356,20001108,   32
  356,20001109,   28
  356,20001110,    7
  356,20001111,    1
  356,20001112,   74
  356,20001113,   -1
  356,20001114,   -1
  356,20001115,    1
  356,20001116,   29
  356,20001117,   40
  356,20001118,    6
  356,20001119,   32
  356,20001120,   40
  356,20001121,   26
  356,20001122,   -1
  356,20001123,   38
  356,20001124,    1
  356,20001125,  124
  356,20001126,    8
  356,20001127,   -1
  356,20001128,   68
  356,20001129,    0
  356,20001130,    0
  356,20001201,   10
  356,20001202,   23
  356,20001203,   58
  356,20001204,    3
  356,20001205,   -1
  356,20001206,   33
  356,20001207,   14
  356,20001208,    6
  356,20001209,    0
  356,20001210,   60
  356,20001211,   44
  356,20001212,   63
  356,20001213,   12
  356,20001214,   15
  356,20001215,   79
  356,20001216,    8
  356,20001217,   -1
  356,20001218,   -1
  356,20001219,   -1
  356,20001220,    0
  356,20001221,    0
  356,20001222,    0
  356,20001223,    2
  356,20001224,   46
  356,20001225,    1
  356,20001226,    0
  356,20001227,   34
  356,20001228,   12
  356,20001229,   62
  356,20001230,  110
  356,20001231,    0
  356,20010101,  116
  356,20010102,    4
  356,20010103,   29
  356,20010104,   48
  356,20010105,  144
  356,20010106,   13
  356,20010107,   -1
  356,20010108,    2
  356,20010109,   -1
  356,20010110,    3
  356,20010111,    0
  356,20010112,    0
  356,20010113,    0
  356,20010114,    0
  356,20010115,    0
  356,20010116,    0
  356,20010117,    0
  356,20010118,    1
  356,20010119,   -1
  356,20010120,   37
  356,20010121,   67
  356,20010122,   36
  356,20010123,   20
  356,20010124,   62
  356,20010125,   15
  356,20010126,   11
  356,20010127,  171
  356,20010128,   -1
  356,20010129,    0
  356,20010130,    0
  356,20010131,    0
  356,20010201,   12
  356,20010202,   33
  356,20010203,   93
  356,20010204,  214
  356,20010205,   40
  356,20010206,   46
  356,20010207,   57
  356,20010208,  132
  356,20010209,    0
  356,20010210,    4
  356,20010211,   -1
  356,20010212,   55
  356,20010213,    0
  356,20010214,    0
  356,20010215,    0
  356,20010216,   21
  356,20010217,    0
  356,20010218,    0
  356,20010219,    3
  356,20010220,    0
  356,20010221,   38
  356,20010222,   33
  356,20010223,   21
  356,20010224,   22
  356,20010225,   13
  356,20010226,   27
  356,20010227,    0
  356,20010228,    2
  356,20010301,  108
  356,20010302,    0
  356,20010303,    0
  356,20010304,    0
  356,20010305,    0
  356,20010306,    0
  356,20010307,   38
  356,20010308,   18
  356,20010309,    7
  356,20010310,   31
  356,20010311,   38
  356,20010312,   27
  356,20010313,   27
  356,20010314,    0
  356,20010315,    3
  356,20010316,    1
  356,20010317,    6
  356,20010318,  141
  356,20010319,   20
  356,20010320,    0
  356,20010321,   58
  356,20010322,    0
  356,20010323,  143
  356,20010324,    5
  356,20010325,    0
  356,20010326,    0
  356,20010327,    0
  356,20010328,    9
  356,20010329,  135
  356,20010330,    0
  356,20010331,   -1
  356,20010401,    0
  356,20010402,    0
  356,20010403,    0
  356,20010404,   32
  356,20010405,  102
  356,20010406,   59
  356,20010407,   31
  356,20010408,    0
  356,20010409,   -1
  356,20010410,   20
  356,20010411,    5
  356,20010412,    4
  356,20010413,    0
  356,20010414,   71
  356,20010415,   47
  356,20010416,   72
  356,20010417,    2
  356,20010418,   66
  356,20010419,   63
  356,20010420,   17
  356,20010421,    0
  356,20010422,    0
  356,20010423,    0
  356,20010424,    2
  356,20010425,   44
  356,20010426,   26
  356,20010427,   34
  356,20010428,   36
  356,20010429,    0
  356,20010430,   34
  356,20010501,    0
  356,20010502,    0
  356,20010503,   71
  356,20010504,   21
  356,20010505,    0
  356,20010506,    0
  356,20010507,    0
  356,20010508,    0
  356,20010509,    0
  356,20010510,    0
  356,20010511,    0
  356,20010512,    0
  356,20010513,    0
  356,20010514,   50
  356,20010515,   17
  356,20010516,   36
  356,20010517,   16
  356,20010518,   32
  356,20010519,    0
  356,20010520,    0
  356,20010521,    0
  356,20010522,    0
  356,20010523,    0
  356,20010524,    0
  356,20010525,    0
  356,20010526,    0
  356,20010527,    0
  356,20010528,    1
  356,20010529,    0
  356,20010530,    0
  356,20010531,    9
  356,20010601,   84
  356,20010602,  150
  356,20010603,    6
  356,20010604,    0
  356,20010605,    0
  356,20010606,   88
  356,20010607,   43
  356,20010608,    0
  356,20010609,    0
  356,20010610,   40
  356,20010611,    0
  356,20010612,    0
  356,20010613,    0
  356,20010614,    0
  356,20010615,    0
  356,20010616,    6
  356,20010617,   43
  356,20010618,    0
  356,20010619,    0
  356,20010620,    0
  356,20010621,    0
  356,20010622,    0
  356,20010623,    0
  356,20010624,    0
  356,20010625,    0
  356,20010626,    0
  356,20010627,   10
  356,20010628,    0
  356,20010629,    0
  356,20010630,   -1
  356,20010701,    0
  356,20010702,    0
  356,20010703,    0
  356,20010704,    0
  356,20010705,   11
  356,20010706,    0
  356,20010707,    2
  356,20010708,   86
  356,20010709,   -1
  356,20010710,  106
  356,20010711,   11
  356,20010712,   46
  356,20010713,    9
  356,20010714,   55
  356,20010715,   11
  356,20010716,    0
  356,20010717,   19
  356,20010718,  169
  356,20010719,   94
  356,20010720,    4
  356,20010721,   15
  356,20010722,    2
  356,20010723,  146
  356,20010724,    0
  356,20010725,    0
  356,20010726,    0
  370,19960726,    0
  370,19960727,   -1
  370,19960728,    0
  370,19960729,   -1
  370,19960730,    9
  370,19960731,   -1
  370,19960801,    0
  370,19960802,   -1
  370,19960803,    0
  370,19960804,    0
  370,19960805,    0
  370,19960806,   47
  370,19960807,    0
  370,19960808,    0
  370,19960809,    0
  370,19960810,   10
  370,19960811,   80
  370,19960812,  177
  370,19960813,  352
  370,19960814,   -1
  370,19960815,   -1
  370,19960816,    0
  370,19960817,    0
  370,19960818,    0
  370,19960819,    0
  370,19960820,    7
  370,19960821,   44
  370,19960822,    0
  370,19960823,   40
  370,19960824,   68
  370,19960825,    6
  370,19960826,   -1
  370,19960827,   -1
  370,19960828,  471
  370,19960829,  209
  370,19960830,   64
  370,19960831,    3
  370,19960901,    3
  370,19960902,    0
  370,19960903,    0
  370,19960904,    0
  370,19960905,    0
  370,19960906,    0
  370,19960907,    0
  370,19960908,    0
  370,19960909,    0
  370,19960910,    7
  370,19960911,    3
  370,19960912,   67
  370,19960913,    2
  370,19960914,    8
  370,19960915,   -1
  370,19960916,    0
  370,19960917,    0
  370,19960918,    0
  370,19960919,    0
  370,19960920,    0
  370,19960921,   -1
  370,19960922,   10
  370,19960923,    9
  370,19960924,    3
  370,19960925,    0
  370,19960926,    1
  370,19960927,   73
  370,19960928,    1
  370,19960929,    4
  370,19960930,   90
  370,19961001,  102
  370,19961002,   -1
  370,19961003,    0
  370,19961004,   11
  370,19961005,    4
  370,19961006,    0
  370,19961007,    0
  370,19961008,    0
  370,19961009,    0
  370,19961010,   17
  370,19961011,    0
  370,19961012,    0
  370,19961013,    0
  370,19961014,    0
  370,19961015,    2
  370,19961016,    0
  370,19961017,   -1
  370,19961018,    3
  370,19961019,   -1
  370,19961020,  115
  370,19961021,   57
  370,19961022,    0
  370,19961023,    0
  370,19961024,    0
  370,19961025,   -1
  370,19961026,    5
  370,19961027,   39
  370,19961028,    3
  370,19961029,  101
  370,19961030,    0
  370,19961031,  105
  370,19961101,   25
  370,19961102,    1
  370,19961103,   11
  370,19961104,   39
  370,19961105,   51
  370,19961106,   41
  370,19961107,  113
  370,19961108,   -1
  370,19961109,   24
  370,19961110,   80
  370,19961111,   77
  370,19961112,    9
  370,19961113,   18
  370,19961114,    0
  370,19961115,    0
  370,19961116,    0
  370,19961117,    0
  370,19961118,   55
  370,19961119,   40
  370,19961120,   25
  370,19961121,   27
  370,19961122,    0
  370,19961123,   42
  370,19961124,   23
  370,19961125,   73
  370,19961126,    5
  370,19961127,    0
  370,19961128,    0
  370,19961129,  126
  370,19961130,   40
  370,19961201,    7
  370,19961202,    9
  370,19961203,  170
  370,19961204,   -1
  370,19961205,   15
  370,19961206,    8
  370,19961207,    0
  370,19961208,    0
  370,19961209,    0
  370,19961210,    0
  370,19961211,   -1
  370,19961212,   -1
  370,19961213,    0
  370,19961214,   -1
  370,19961215,   -1
  370,19961216,   -1
  370,19961217,   -1
  370,19961218,    1
  370,19961219,  214
  370,19961220,   11
  370,19961221,    0
  370,19961222,    0
  370,19961223,    0
  370,19961224,    0
  370,19961225,    0
  370,19961226,    0
  370,19961227,    0
  370,19961228,    0
  370,19961229,   15
  370,19961230,   -1
  370,19961231,   -1
  370,19970101,    0
  370,19970102,    0
  370,19970103,    0
  370,19970104,   -1
  370,19970105,    1
  370,19970106,   -1
  370,19970107,   -1
  370,19970108,    0
  370,19970109,    0
  370,19970110,   -1
  370,19970111,    0
  370,19970112,   -1
  370,19970113,   -1
  370,19970114,    0
  370,19970115,    0
  370,19970116,    0
  370,19970117,    0
  370,19970118,   -1
  370,19970119,   16
  370,19970120,   -1
  370,19970121,    0
  370,19970122,    0
  370,19970123,    0
  370,19970124,   -1
  370,19970125,    0
  370,19970126,   -1
  370,19970127,   -1
  370,19970128,   -1
  370,19970129,   -1
  370,19970130,    0
  370,19970131,    1
  370,19970201,    0
  370,19970202,   -1
  370,19970203,   -1
  370,19970204,   63
  370,19970205,  143
  370,19970206,    0
  370,19970207,    4
  370,19970208,    0
  370,19970209,    0
  370,19970210,   32
  370,19970211,   18
  370,19970212,   94
  370,19970213,  143
  370,19970214,    0
  370,19970215,    0
  370,19970216,    0
  370,19970217,    9
  370,19970218,  101
  370,19970219,   16
  370,19970220,    6
  370,19970221,   13
  370,19970222,   -1
  370,19970223,    0
  370,19970224,  116
  370,19970225,   38
  370,19970226,  107
  370,19970227,    0
  370,19970228,   -1
  370,19970301,   -1
  370,19970302,   41
  370,19970303,   -1
  370,19970304,    1
  370,19970305,    0
  370,19970306,    5
  370,19970307,    0
  370,19970308,    0
  370,19970309,    0
  370,19970310,    0
  370,19970311,    0
  370,19970312,    0
  370,19970313,    0
  370,19970314,   -1
  370,19970315,    5
  370,19970316,    2
  370,19970317,    0
  370,19970318,   21
  370,19970319,  112
  370,19970320,    2
  370,19970321,   13
  370,19970322,    0
  370,19970323,   18
  370,19970324,   -1
  370,19970325,   16
  370,19970326,    9
  370,19970327,   -1
  370,19970328,   49
  370,19970329,   -1
  370,19970330,    0
  370,19970331,    0
  370,19970401,    0
  370,19970402,    0
  370,19970403,    1
  370,19970404,   -1
  370,19970405,  117
  370,19970406,    0
  370,19970407,    0
  370,19970408,    0
  370,19970409,    0
  370,19970410,    0
  370,19970411,   -1
  370,19970412,   -1
  370,19970413,   -1
  370,19970414,    3
  370,19970415,   -1
  370,19970416,    1
  370,19970417,    0
  370,19970418,   -1
  370,19970419,   -1
  370,19970420,    0
  370,19970421,    0
  370,19970422,   -1
  370,19970423,    0
  370,19970424,    0
  370,19970425,   53
  370,19970426,   19
  370,19970427,   55
  370,19970428,   61
  370,19970429,   73
  370,19970430,    0
  370,19970501,    0
  370,19970502,    0
  370,19970503,    0
  370,19970504,   22
  370,19970505,   78
  370,19970506,   75
  370,19970507,   -1
  370,19970508,   21
  370,19970509,   54
  370,19970510,   10
  370,19970511,    2
  370,19970512,   -1
  370,19970513,    0
  370,19970514,  104
  370,19970515,    0
  370,19970516,  207
  370,19970517,    2
  370,19970518,   78
  370,19970519,   73
  370,19970520,   66
  370,19970521,  221
  370,19970522,   50
  370,19970523,   -1
  370,19970524,    0
  370,19970525,    0
  370,19970526,    0
  370,19970527,   -1
  370,19970528,    0
  370,19970529,    0
  370,19970530,    0
  370,19970531,    0
  370,19970601,   -1
  370,19970602,    0
  370,19970603,    0
  370,19970604,    0
  370,19970605,    0
  370,19970606,    0
  370,19970607,   38
  370,19970608,  188
  370,19970609,    0
  370,19970610,    0
  370,19970611,   73
  370,19970612,    3
  370,19970613,   78
  370,19970614,   57
  370,19970615,    0
  370,19970616,    0
  370,19970617,    0
  370,19970618,    0
  370,19970619,   15
  370,19970620,   24
  370,19970621,   85
  370,19970622,   13
  370,19970623,   13
  370,19970624,   -1
  370,19970625,   32
  370,19970626,  107
  370,19970627,   84
  370,19970628,    3
  370,19970629,  162
  370,19970630,    6
  370,19970701,    2
  370,19970702,   14
  370,19970703,    1
  370,19970704,   68
  370,19970705,    0
  370,19970706,   15
  370,19970707,   -1
  370,19970708,    0
  370,19970709,   -1
  370,19970710,    0
  370,19970711,    0
  370,19970712,    0
  370,19970713,   32
  370,19970714,   53
  370,19970715,    1
  370,19970716,   -1
  370,19970717,   39
  370,19970718,   54
  370,19970719,   64
  370,19970720,   74
  370,19970721,   62
  370,19970722,   -1
  370,19970723,    0
  370,19970724,    2
  370,19970725,   55
  370,19970726,    1
  370,19970727,    2
  370,19970728,    0
  370,19970729,    0
  370,19970730,   -1
  370,19970731,   23
  370,19970801,   81
  370,19970802,   12
  370,19970803,   -1
  370,19970804,    0
  370,19970805,    0
  370,19970806,    0
  370,19970807,    0
  370,19970808,    0
  370,19970809,    0
  370,19970810,    0
  370,19970811,    0
  370,19970812,    0
  370,19970813,    0
  370,19970814,    0
  370,19970815,    0
  370,19970816,    0
  370,19970817,    0
  370,19970818,    0
  370,19970819,    0
  370,19970820,    0
  370,19970821,    0
  370,19970822,   19
  370,19970823,    0
  370,19970824,    4
  370,19970825,  313
  370,19970826,    2
  370,19970827,   36
  370,19970828,   50
  370,19970829,    2
  370,19970830,   34
  370,19970831,   -1
  370,19970901,   74
  370,19970902,   30
  370,19970903,   -1
  370,19970904,    4
  370,19970905,   -1
  370,19970906,   -1
  370,19970907,   53
  370,19970908,    0
  370,19970909,    0
  370,19970910,    0
  370,19970911,    0
  370,19970912,   -1
  370,19970913,    5
  370,19970914,    0
  370,19970915,    0
  370,19970916,    0
  370,19970917,    0
  370,19970918,    0
  370,19970919,    0
  370,19970920,    0
  370,19970921,    0
  370,19970922,    0
  370,19970923,    0
  370,19970924,    0
  370,19970925,    0
  370,19970926,    0
  370,19970927,    0
  370,19970928,    0
  370,19970929,    0
  370,19970930,    4
  370,19971001,    6
  370,19971002,   -1
  370,19971003,    0
  370,19971004,    0
  370,19971005,    0
  370,19971006,    4
  370,19971007,   21
  370,19971008,   69
  370,19971009,  106
  370,19971010,  134
  370,19971011,   51
  370,19971012,   13
  370,19971013,   18
  370,19971014,    1
  370,19971015,    7
  370,19971016,   -1
  370,19971017,   -1
  370,19971018,    0
  370,19971019,    0
  370,19971020,   -1
  370,19971021,    0
  370,19971022,    0
  370,19971023,    0
  370,19971024,   -1
  370,19971025,    1
  370,19971026,    2
  370,19971027,   -1
  370,19971028,    0
  370,19971029,    0
  370,19971030,    0
  370,19971031,    0
  370,19971101,    0
  370,19971102,    0
  370,19971103,    0
  370,19971104,    8
  370,19971105,   -1
  370,19971106,   57
  370,19971107,   15
  370,19971108,    3
  370,19971109,   10
  370,19971110,   14
  370,19971111,   22
  370,19971112,    0
  370,19971113,    0
  370,19971114,    0
  370,19971115,   12
  370,19971116,   -1
  370,19971117,    0
  370,19971118,    0
  370,19971119,    0
  370,19971120,   71
  370,19971121,   16
  370,19971122,    0
  370,19971123,   -1
  370,19971124,    0
  370,19971125,    0
  370,19971126,   -1
  370,19971127,   54
  370,19971128,   42
  370,19971129,    7
  370,19971130,   11
  370,19971201,    0
  370,19971202,    1
  370,19971203,    0
  370,19971204,   -1
  370,19971205,    0
  370,19971206,    6
  370,19971207,    0
  370,19971208,   -1
  370,19971209,   39
  370,19971210,  103
  370,19971211,   29
  370,19971212,   41
  370,19971213,   -1
  370,19971214,    9
  370,19971215,    0
  370,19971216,   -1
  370,19971217,   -1
  370,19971218,   -1
  370,19971219,    7
  370,19971220,    0
  370,19971221,   57
  370,19971222,    0
  370,19971223,   13
  370,19971224,   37
  370,19971225,   22
  370,19971226,   29
  370,19971227,   20
  370,19971228,   94
  370,19971229,    3
  370,19971230,    0
  370,19971231,   21
  370,19980101,    9
  370,19980102,   76
  370,19980103,   48
  370,19980104,    9
  370,19980105,  107
  370,19980106,    7
  370,19980107,   73
  370,19980108,   95
  370,19980109,    0
  370,19980110,    0
  370,19980111,    0
  370,19980112,    0
  370,19980113,    0
  370,19980114,    7
  370,19980115,   23
  370,19980116,    6
  370,19980117,   -1
  370,19980118,   60
  370,19980119,   45
  370,19980120,   14
  370,19980121,    0
  370,19980122,    0
  370,19980123,    0
  370,19980124,    1
  370,19980125,    0
  370,19980126,    0
  370,19980127,    0
  370,19980128,   -1
  370,19980129,    2
  370,19980130,   -1
  370,19980131,   -1
  370,19980201,    0
  370,19980202,    5
  370,19980203,    6
  370,19980204,    0
  370,19980205,    0
  370,19980206,    0
  370,19980207,   20
  370,19980208,    0
  370,19980209,    0
  370,19980210,    0
  370,19980211,    0
  370,19980212,    0
  370,19980213,    0
  370,19980214,    0
  370,19980215,    0
  370,19980216,    3
  370,19980217,   -1
  370,19980218,    0
  370,19980219,   -1
  370,19980220,    0
  370,19980221,    8
  370,19980222,    9
  370,19980223,    2
  370,19980224,   -1
  370,19980225,    0
  370,19980226,   -1
  370,19980227,   -1
  370,19980228,   55
  370,19980301,   63
  370,19980302,   24
  370,19980303,  125
  370,19980304,   40
  370,19980305,   64
  370,19980306,  221
  370,19980307,   81
  370,19980308,   57
  370,19980309,    1
  370,19980310,    0
  370,19980311,   48
  370,19980312,    3
  370,19980313,   16
  370,19980314,   10
  370,19980315,    7
  370,19980316,   -1
  370,19980317,   -1
  370,19980318,    0
  370,19980319,    0
  370,19980320,    2
  370,19980321,    0
  370,19980322,    6
  370,19980323,    1
  370,19980324,    0
  370,19980325,    0
  370,19980326,   24
  370,19980327,   10
  370,19980328,   -1
  370,19980329,    0
  370,19980330,    0
  370,19980331,    0
  370,19980401,   52
  370,19980402,   15
  370,19980403,   14
  370,19980404,   19
  370,19980405,   31
  370,19980406,   48
  370,19980407,  121
  370,19980408,   15
  370,19980409,    3
  370,19980410,   22
  370,19980411,    9
  370,19980412,    5
  370,19980413,   72
  370,19980414,   -1
  370,19980415,   88
  370,19980416,   26
  370,19980417,   12
  370,19980418,   -1
  370,19980419,   -1
  370,19980420,   18
  370,19980421,   -1
  370,19980422,    0
  370,19980423,   10
  370,19980424,   13
  370,19980425,   68
  370,19980426,   10
  370,19980427,   74
  370,19980428,    2
  370,19980429,    0
  370,19980430,   -1
  370,19980501,    9
  370,19980502,    5
  370,19980503,   -1
  370,19980504,    0
  370,19980505,   17
  370,19980506,   23
  370,19980507,   -1
  370,19980508,    0
  370,19980509,    0
  370,19980510,    0
  370,19980511,    0
  370,19980512,   -1
  370,19980513,    0
  370,19980514,    0
  370,19980515,    0
  370,19980516,    0
  370,19980517,    0
  370,19980518,    0
  370,19980519,    0
  370,19980520,    0
  370,19980521,   -1
  370,19980522,    0
  370,19980523,   -1
  370,19980524,   26
  370,19980525,   43
  370,19980526,   16
  370,19980527,   26
  370,19980528,   40
  370,19980529,   60
  370,19980530,   -1
  370,19980531,   -1
  370,19980601,    0
  370,19980602,   70
  370,19980603,   34
  370,19980604,   -1
  370,19980605,   88
  370,19980606,  238
  370,19980607,  119
  370,19980608,   -1
  370,19980609,   36
  370,19980610,   30
  370,19980611,    8
  370,19980612,  296
  370,19980613,    1
  370,19980614,  136
  370,19980615,  109
  370,19980616,   35
  370,19980617,   52
  370,19980618,   20
  370,19980619,    0
  370,19980620,    0
  370,19980621,   -1
  370,19980622,    0
  370,19980623,    3
  370,19980624,   -1
  370,19980625,   20
  370,19980626,    0
  370,19980627,   10
  370,19980628,   47
  370,19980629,   66
  370,19980630,   64
  370,19980701,   -1
  370,19980702,    0
  370,19980703,    0
  370,19980704,    3
  370,19980705,   32
  370,19980706,    6
  370,19980707,    3
  370,19980708,   24
  370,19980709,   64
  370,19980710,    9
  370,19980711,   33
  370,19980712,   83
  370,19980713,   13
  370,19980714,    6
  370,19980715,   28
  370,19980716,   33
  370,19980717,   -1
  370,19980718,   12
  370,19980719,    0
  370,19980720,    0
  370,19980721,   25
  370,19980722,    0
  370,19980723,   -1
  370,19980724,    0
  370,19980725,    0
  370,19980726,    0
  370,19980727,   18
  370,19980728,   35
  370,19980729,   53
  370,19980730,   15
  370,19980731,    8
  370,19980801,    0
  370,19980802,    0
  370,19980803,    1
  370,19980804,    7
  370,19980805,    0
  370,19980806,    0
  370,19980807,    0
  370,19980808,    0
  370,19980809,    0
  370,19980810,    0
  370,19980811,    0
  370,19980812,    0
  370,19980813,    0
  370,19980814,    0
  370,19980815,    0
  370,19980816,    0
  370,19980817,    0
  370,19980818,   -1
  370,19980819,    0
  370,19980820,   -1
  370,19980821,   91
  370,19980822,   32
  370,19980823,   90
  370,19980824,   81
  370,19980825,   -1
  370,19980826,   95
  370,19980827,   42
  370,19980828,   -1
  370,19980829,   33
  370,19980830,    6
  370,19980831,    0
  370,19980901,    1
  370,19980902,  308
  370,19980903,  357
  370,19980904,   10
  370,19980905,   56
  370,19980906,   78
  370,19980907,   17
  370,19980908,    6
  370,19980909,  133
  370,19980910,   49
  370,19980911,   55
  370,19980912,   76
  370,19980913,   50
  370,19980914,  256
  370,19980915,   72
  370,19980916,   75
  370,19980917,   26
  370,19980918,   -1
  370,19980919,   20
  370,19980920,    0
  370,19980921,    0
  370,19980922,    0
  370,19980923,    0
  370,19980924,    0
  370,19980925,   -1
  370,19980926,    1
  370,19980927,   -1
  370,19980928,   -1
  370,19980929,    0
  370,19980930,   31
  370,19981001,    0
  370,19981002,    1
  370,19981003,   -1
  370,19981004,   -1
  370,19981005,   44
  370,19981006,   20
  370,19981007,    8
  370,19981008,  162
  370,19981009,   -1
  370,19981010,   78
  370,19981011,   20
  370,19981012,   50
  370,19981013,   12
  370,19981014,  109
  370,19981015,   -1
  370,19981016,   -1
  370,19981017,   24
  370,19981018,    4
  370,19981019,    5
  370,19981020,    4
  370,19981021,    6
  370,19981022,    3
  370,19981023,  126
  370,19981024,  116
  370,19981025,   47
  370,19981026,   27
  370,19981027,  110
  370,19981028,  197
  370,19981029,   72
  370,19981030,   72
  370,19981031,  268
  370,19981101,  160
  370,19981102,   54
  370,19981103,   12
  370,19981104,   30
  370,19981105,    6
  370,19981106,   36
  370,19981107,    0
  370,19981108,   93
  370,19981109,   48
  370,19981110,   11
  370,19981111,    1
  370,19981112,   -1
  370,19981113,   29
  370,19981114,   89
  370,19981115,  104
  370,19981116,   -1
  370,19981117,    0
  370,19981118,    8
  370,19981119,    0
  370,19981120,    0
  370,19981121,    0
  370,19981122,    0
  370,19981123,    0
  370,19981124,   -1
  370,19981125,   -1
  370,19981126,   70
  370,19981127,   11
  370,19981128,    5
  370,19981129,   37
  370,19981130,   -1
  370,19981201,    0
  370,19981202,    0
  370,19981203,    0
  370,19981204,   16
  370,19981205,   25
  370,19981206,    3
  370,19981207,   -1
  370,19981208,    8
  370,19981209,   46
  370,19981210,    0
  370,19981211,   26
  370,19981212,   89
  370,19981213,    2
  370,19981214,    3
  370,19981215,   77
  370,19981216,    0
  370,19981217,    0
  370,19981218,   14
  370,19981219,   58
  370,19981220,    1
  370,19981221,    0
  370,19981222,    4
  370,19981223,    3
  370,19981224,   14
  370,19981225,   18
  370,19981226,   38
  370,19981227,   33
  370,19981228,   39
  370,19981229,    0
  370,19981230,    0
  370,19981231,    0
  370,19990101,    0
  370,19990102,   50
  370,19990103,  108
  370,19990104,   43
  370,19990105,   19
  370,19990106,    0
  370,19990107,   52
  370,19990108,   41
  370,19990109,   10
  370,19990110,    0
  370,19990111,    0
  370,19990112,  166
  370,19990113,   54
  370,19990114,   18
  370,19990115,    7
  370,19990116,  109
  370,19990117,   12
  370,19990118,    0
  370,19990119,   -1
  370,19990120,   -1
  370,19990121,   28
  370,19990122,    1
  370,19990123,   -1
  370,19990124,    5
  370,19990125,  114
  370,19990126,   27
  370,19990127,   64
  370,19990128,   98
  370,19990129,    0
  370,19990130,    0
  370,19990131,    0
  370,19990201,    5
  370,19990202,   -1
  370,19990203,    0
  370,19990204,    3
  370,19990205,   48
  370,19990206,   92
  370,19990207,   25
  370,19990208,   29
  370,19990209,   -1
  370,19990210,   55
  370,19990211,    0
  370,19990212,    0
  370,19990213,    0
  370,19990214,    8
  370,19990215,    2
  370,19990216,   32
  370,19990217,   30
  370,19990218,   21
  370,19990219,   63
  370,19990220,    4
  370,19990221,  107
  370,19990222,   94
  370,19990223,   85
  370,19990224,    0
  370,19990225,   -1
  370,19990226,   -1
  370,19990227,    7
  370,19990228,   -1
  370,19990301,  231
  370,19990302,   98
  370,19990303,   10
  370,19990304,    6
  370,19990305,   45
  370,19990306,    5
  370,19990307,    9
  370,19990308,   34
  370,19990309,   31
  370,19990310,    0
  370,19990311,    0
  370,19990312,    0
  370,19990313,    0
  370,19990314,    0
  370,19990315,    0
  370,19990316,    0
  370,19990317,   -1
  370,19990318,   36
  370,19990319,   -1
  370,19990320,    3
  370,19990321,   34
  370,19990322,   75
  370,19990323,   57
  370,19990324,    0
  370,19990325,   -1
  370,19990326,    8
  370,19990327,   -1
  370,19990328,    0
  370,19990329,    0
  370,19990330,   -1
  370,19990331,   -1
  370,19990401,    0
  370,19990402,   14
  370,19990403,   35
  370,19990404,    4
  370,19990405,   80
  370,19990406,    9
  370,19990407,   30
  370,19990408,    0
  370,19990409,    0
  370,19990410,   10
  370,19990411,    0
  370,19990412,   69
  370,19990413,   47
  370,19990414,    6
  370,19990415,   -1
  370,19990416,   -1
  370,19990417,    0
  370,19990418,   -1
  370,19990419,    1
  370,19990420,   14
  370,19990421,   49
  370,19990422,   44
  370,19990423,    1
  370,19990424,    0
  370,19990425,    0
  370,19990426,    1
  370,19990427,    1
  370,19990428,    0
  370,19990429,    0
  370,19990430,    0
  370,19990501,    0
  370,19990502,    0
  370,19990503,    0
  370,19990504,    0
  370,19990505,   64
  370,19990506,  193
  370,19990507,   95
  370,19990508,    7
  370,19990509,    0
  370,19990510,    9
  370,19990511,   26
  370,19990512,   17
  370,19990513,   35
  370,19990514,    4
  370,19990515,    0
  370,19990516,    0
  370,19990517,    0
  370,19990518,   11
  370,19990519,   15
  370,19990520,   32
  370,19990521,    0
  370,19990522,   14
  370,19990523,    0
  370,19990524,    0
  370,19990525,    0
  370,19990526,    0
  370,19990527,    0
  370,19990528,   -1
  370,19990529,   68
  370,19990530,  122
  370,19990531,    4
  370,19990601,    0
  370,19990602,   11
  370,19990603,   25
  370,19990604,    2
  370,19990605,  174
  370,19990606,   24
  370,19990607,   93
  370,19990608,   36
  370,19990609,    2
  370,19990610,    0
  370,19990611,   14
  370,19990612,    0
  370,19990613,   14
  370,19990614,    0
  370,19990615,    0
  370,19990616,    0
  370,19990617,   -1
  370,19990618,    0
  370,19990619,    0
  370,19990620,   29
  370,19990621,   54
  370,19990622,   -1
  370,19990623,    0
  370,19990624,   -1
  370,19990625,    0
  370,19990626,    0
  370,19990627,    5
  370,19990628,   17
  370,19990629,   31
  370,19990630,    7
  370,19990701,   -1
  370,19990702,    0
  370,19990703,    0
  370,19990704,  205
  370,19990705,   68
  370,19990706,    0
  370,19990707,    0
  370,19990708,    0
  370,19990709,    0
  370,19990710,    0
  370,19990711,    0
  370,19990712,    0
  370,19990713,    0
  370,19990714,  100
  370,19990715,   -1
  370,19990716,    0
  370,19990717,    0
  370,19990718,    0
  370,19990719,  262
  370,19990720,    3
  370,19990721,   -1
  370,19990722,   50
  370,19990723,   -1
  370,19990724,    0
  370,19990725,    0
  370,19990726,    0
  370,19990727,    0
  370,19990728,    0
  370,19990729,    0
  370,19990730,    0
  370,19990731,    0
  370,19990801,   -1
  370,19990802,    0
  370,19990803,    0
  370,19990804,    0
  370,19990805,   84
  370,19990806,    0
  370,19990807,  123
  370,19990808,   59
  370,19990809,    8
  370,19990810,  226
  370,19990811,    1
  370,19990812,    0
  370,19990813,   -1
  370,19990814,  187
  370,19990815,    8
  370,19990816,   53
  370,19990817,   -1
  370,19990818,  117
  370,19990819,   19
  370,19990820,   32
  370,19990821,    1
  370,19990822,    0
  370,19990823,    0
  370,19990824,   -1
  370,19990825,    3
  370,19990826,    0
  370,19990827,    0
  370,19990828,    0
  370,19990829,    0
  370,19990830,    0
  370,19990831,    0
  370,19990901,    0
  370,19990902,    0
  370,19990903,    0
  370,19990904,    0
  370,19990905,    0
  370,19990906,   -1
  370,19990907,    0
  370,19990908,    0
  370,19990909,    0
  370,19990910,    0
  370,19990911,    0
  370,19990912,    0
  370,19990913,   -1
  370,19990914,    0
  370,19990915,  119
  370,19990916,   12
  370,19990917,    7
  370,19990918,    0
  370,19990919,    1
  370,19990920,    2
  370,19990921,    6
  370,19990922,    2
  370,19990923,    8
  370,19990924,   -1
  370,19990925,   -1
  370,19990926,    7
  370,19990927,   23
  370,19990928,   -1
  370,19990929,   24
  370,19990930,  169
  370,19991001,   26
  370,19991002,   44
  370,19991003,   -1
  370,19991004,   26
  370,19991005,    2
  370,19991006,   -1
  370,19991007,    1
  370,19991008,   43
  370,19991009,    2
  370,19991010,    4
  370,19991011,   11
  370,19991012,    0
  370,19991013,    0
  370,19991014,    0
  370,19991015,    0
  370,19991016,    0
  370,19991017,    0
  370,19991018,    0
  370,19991019,    0
  370,19991020,    0
  370,19991021,   -1
  370,19991022,   42
  370,19991023,   -1
  370,19991024,   35
  370,19991025,   22
  370,19991026,    4
  370,19991027,    0
  370,19991028,   -1
  370,19991029,    0
  370,19991030,   13
  370,19991031,   -1
  370,19991101,   34
  370,19991102,   16
  370,19991103,    0
  370,19991104,    0
  370,19991105,    4
  370,19991106,   33
  370,19991107,   64
  370,19991108,   72
  370,19991109,   21
  370,19991110,   -1
  370,19991111,    0
  370,19991112,    0
  370,19991113,    1
  370,19991114,    9
  370,19991115,    0
  370,19991116,   11
  370,19991117,   31
  370,19991118,   87
  370,19991119,   -1
  370,19991120,   -1
  370,19991121,   -1
  370,19991122,   14
  370,19991123,   -1
  370,19991124,    0
  370,19991125,   24
  370,19991126,    0
  370,19991127,   11
  370,19991128,    0
  370,19991129,    0
  370,19991130,   -1
  370,19991201,   18
  370,19991202,   -1
  370,19991203,   48
  370,19991204,   47
  370,19991205,   14
  370,19991206,   20
  370,19991207,   57
  370,19991208,    3
  370,19991209,   20
  370,19991210,    9
  370,19991211,   95
  370,19991212,  234
  370,19991213,  123
  370,19991214,   17
  370,19991215,   18
  370,19991216,    1
  370,19991217,   70
  370,19991218,   -1
  370,19991219,    7
  370,19991220,   -1
  370,19991221,    0
  370,19991222,   11
  370,19991223,   18
  370,19991224,  106
  370,19991225,  103
  370,19991226,  208
  370,19991227,   15
  370,19991228,   -1
  370,19991229,   10
  370,19991230,   24
  370,19991231,   -1
  370,20000101,   12
  370,20000102,   -1
  370,20000103,   10
  370,20000104,   99
  370,20000105,    0
  370,20000106,   20
  370,20000107,    0
  370,20000108,    3
  370,20000109,    0
  370,20000110,    0
  370,20000111,    0
  370,20000112,    0
  370,20000113,   -1
  370,20000114,   -1
  370,20000115,   -1
  370,20000116,    6
  370,20000117,    5
  370,20000118,    8
  370,20000119,    1
  370,20000120,   11
  370,20000121,   11
  370,20000122,  107
  370,20000123,    2
  370,20000124,    0
  370,20000125,    0
  370,20000126,    0
  370,20000127,    0
  370,20000128,   -1
  370,20000129,  134
  370,20000130,   12
  370,20000131,   -1
  370,20000201,   -1
  370,20000202,   50
  370,20000203,    0
  370,20000204,    7
  370,20000205,    0
  370,20000206,    7
  370,20000207,   70
  370,20000208,   80
  370,20000209,    3
  370,20000210,   76
  370,20000211,    0
  370,20000212,   34
  370,20000213,    0
  370,20000214,   23
  370,20000215,   63
  370,20000216,   32
  370,20000217,    2
  370,20000218,   60
  370,20000219,   28
  370,20000220,    7
  370,20000221,    2
  370,20000222,    0
  370,20000223,    0
  370,20000224,   73
  370,20000225,  104
  370,20000226,    0
  370,20000227,    0
  370,20000228,  134
  370,20000229,   95
  370,20000301,   14
  370,20000302,   32
  370,20000303,  176
  370,20000304,   40
  370,20000305,   24
  370,20000306,    0
  370,20000307,   23
  370,20000308,  128
  370,20000309,   15
  370,20000310,    4
  370,20000311,   14
  370,20000312,    0
  370,20000313,    1
  370,20000314,   28
  370,20000315,   -1
  370,20000316,    3
  370,20000317,    1
  370,20000318,   28
  370,20000319,    2
  370,20000320,    0
  370,20000321,    0
  370,20000322,    0
  370,20000323,    0
  370,20000324,   38
  370,20000325,   25
  370,20000326,   10
  370,20000327,    2
  370,20000328,    8
  370,20000329,   11
  370,20000330,   -1
  370,20000331,   -1
  370,20000401,    1
  370,20000402,   -1
  370,20000403,    3
  370,20000404,   -1
  370,20000405,    5
  370,20000406,    0
  370,20000407,    0
  370,20000408,    0
  370,20000409,    0
  370,20000410,    0
  370,20000411,   -1
  370,20000412,   25
  370,20000413,   96
  370,20000414,    6
  370,20000415,    4
  370,20000416,   -1
  370,20000417,   77
  370,20000418,    0
  370,20000419,    0
  370,20000420,   -1
  370,20000421,    8
  370,20000422,  145
  370,20000423,  102
  370,20000424,    0
  370,20000425,    0
  370,20000426,    6
  370,20000427,    2
  370,20000428,    0
  370,20000429,    6
  370,20000430,   -1
  370,20000501,    0
  370,20000502,   -1
  370,20000503,   -1
  370,20000504,   -1
  370,20000505,    0
  370,20000506,    0
  370,20000507,   55
  370,20000508,   46
  370,20000509,    0
  370,20000510,   11
  370,20000511,    0
  370,20000512,    0
  370,20000513,    0
  370,20000514,    0
  370,20000515,    0
  370,20000516,   99
  370,20000517,   66
  370,20000518,   56
  370,20000519,   36
  370,20000520,    6
  370,20000521,   41
  370,20000522,    7
  370,20000523,    6
  370,20000524,   95
  370,20000525,   22
  370,20000526,    3
  370,20000527,   20
  370,20000528,  113
  370,20000529,   34
  370,20000530,   -1
  370,20000531,    0
  370,20000601,   -1
  370,20000602,    0
  370,20000603,  239
  370,20000604,    0
  370,20000605,  135
  370,20000606,   26
  370,20000607,    1
  370,20000608,    0
  370,20000609,    0
  370,20000610,    0
  370,20000611,    0
  370,20000612,    0
  370,20000613,    0
  370,20000614,    3
  370,20000615,   19
  370,20000616,    0
  370,20000617,    0
  370,20000618,    0
  370,20000619,    0
  370,20000620,    0
  370,20000621,   -1
  370,20000622,    3
  370,20000623,   72
  370,20000624,   53
  370,20000625,   22
  370,20000626,   -1
  370,20000627,    0
  370,20000628,    0
  370,20000629,    0
  370,20000630,    0
  370,20000701,   19
  370,20000702,  106
  370,20000703,    0
  370,20000704,  206
  370,20000705,   49
  370,20000706,    0
  370,20000707,    5
  370,20000708,    2
  370,20000709,   40
  370,20000710,   41
  370,20000711,   39
  370,20000712,   -1
  370,20000713,    6
  370,20000714,   87
  370,20000715,   68
  370,20000716,   -1
  370,20000717,    4
  370,20000718,    0
  370,20000719,    3
  370,20000720,    0
  370,20000721,    0
  370,20000722,    0
  370,20000723,    0
  370,20000724,  146
  370,20000725,   68
  370,20000726,   -1
  370,20000727,  267
  370,20000728,   -1
  370,20000729,   80
  370,20000730,   26
  370,20000731,    0
  370,20000801,   36
  370,20000802,    0
  370,20000803,    3
  370,20000804,    0
  370,20000805,    0
  370,20000806,   -1
  370,20000807,   -1
  370,20000808,    1
  370,20000809,    0
  370,20000810,   -1
  370,20000811,    0
  370,20000812,    0
  370,20000813,    0
  370,20000814,   -1
  370,20000815,    0
  370,20000816,    7
  370,20000817,   18
  370,20000818,    1
  370,20000819,  177
  370,20000820,   24
  370,20000821,   20
  370,20000822,    0
  370,20000823,    0
  370,20000824,    0
  370,20000825,    0
  370,20000826,    0
  370,20000827,   55
  370,20000828,   -1
  370,20000829,    0
  370,20000830,    0
  370,20000831,    0
  370,20000901,   44
  370,20000902,  251
  370,20000903,    4
  370,20000904,   -1
  370,20000905,   -1
  370,20000906,   57
  370,20000907,   -1
  370,20000908,   -1
  370,20000909,   -1
  370,20000910,    0
  370,20000911,    0
  370,20000912,    0
  370,20000913,   -1
  370,20000914,    0
  370,20000915,   36
  370,20000916,    9
  370,20000917,   63
  370,20000918,    0
  370,20000919,    4
  370,20000920,   27
  370,20000921,    0
  370,20000922,    0
  370,20000923,    0
  370,20000924,   -1
  370,20000925,    9
  370,20000926,   31
  370,20000927,    6
  370,20000928,   15
  370,20000929,   -1
  370,20000930,   40
  370,20001001,  111
  370,20001002,   -1
  370,20001003,   -1
  370,20001004,    1
  370,20001005,   13
  370,20001006,  147
  370,20001007,    0
  370,20001008,   28
  370,20001009,   14
  370,20001010,   90
  370,20001011,   91
  370,20001012,    4
  370,20001013,   12
  370,20001014,    0
  370,20001015,    6
  370,20001016,   17
  370,20001017,   61
  370,20001018,    8
  370,20001019,  107
  370,20001020,    0
  370,20001021,    0
  370,20001022,    0
  370,20001023,   19
  370,20001024,   -1
  370,20001025,    4
  370,20001026,   22
  370,20001027,   47
  370,20001028,  105
  370,20001029,   27
  370,20001030,   98
  370,20001031,   14
  370,20001101,  110
  370,20001102,   40
  370,20001103,    2
  370,20001104,    0
  370,20001105,    0
  370,20001106,   76
  370,20001107,   21
  370,20001108,    6
  370,20001109,    1
  370,20001110,    0
  370,20001111,   -1
  370,20001112,   71
  370,20001113,   -1
  370,20001114,    0
  370,20001115,   15
  370,20001116,   16
  370,20001117,   12
  370,20001118,   40
  370,20001119,   21
  370,20001120,   30
  370,20001121,   31
  370,20001122,   40
  370,20001123,   78
  370,20001124,    0
  370,20001125,  110
  370,20001126,   20
  370,20001127,    3
  370,20001128,   70
  370,20001129,    0
  370,20001130,    0
  370,20001201,   20
  370,20001202,   -1
  370,20001203,   16
  370,20001204,    6
  370,20001205,   -1
  370,20001206,   63
  370,20001207,   19
  370,20001208,   10
  370,20001209,   20
  370,20001210,   54
  370,20001211,   36
  370,20001212,   49
  370,20001213,  105
  370,20001214,    0
  370,20001215,   76
  370,20001216,    0
  370,20001217,    1
  370,20001218,   -1
  370,20001219,   -1
  370,20001220,    0
  370,20001221,    0
  370,20001222,    0
  370,20001223,    0
  370,20001224,    8
  370,20001225,    7
  370,20001226,   -1
  370,20001227,   28
  370,20001228,    2
  370,20001229,    2
  370,20001230,   19
  370,20001231,    0
  370,20010101,  100
  370,20010102,    9
  370,20010103,   37
  370,20010104,   29
  370,20010105,  132
  370,20010106,   13
  370,20010107,   -1
  370,20010108,    6
  370,20010109,    6
  370,20010110,   24
  370,20010111,    6
  370,20010112,    0
  370,20010113,    0
  370,20010114,    0
  370,20010115,    0
  370,20010116,    0
  370,20010117,    0
  370,20010118,    2
  370,20010119,    0
  370,20010120,   13
  370,20010121,   80
  370,20010122,   52
  370,20010123,   12
  370,20010124,   24
  370,20010125,   19
  370,20010126,    1
  370,20010127,  129
  370,20010128,    2
  370,20010129,    0
  370,20010130,    0
  370,20010131,    0
  370,20010201,    2
  370,20010202,   43
  370,20010203,   97
  370,20010204,  105
  370,20010205,   79
  370,20010206,   22
  370,20010207,   38
  370,20010208,   57
  370,20010209,    4
  370,20010210,   10
  370,20010211,    0
  370,20010212,   24
  370,20010213,    0
  370,20010214,    0
  370,20010215,    0
  370,20010216,   12
  370,20010217,   -1
  370,20010218,    0
  370,20010219,    3
  370,20010220,    0
  370,20010221,   32
  370,20010222,   59
  370,20010223,   38
  370,20010224,   14
  370,20010225,   17
  370,20010226,   16
  370,20010227,   -1
  370,20010228,   14
  370,20010301,    2
  370,20010302,   -1
  370,20010303,    0
  370,20010304,    1
  370,20010305,    0
  370,20010306,    0
  370,20010307,   39
  370,20010308,   15
  370,20010309,   12
  370,20010310,   44
  370,20010311,   21
  370,20010312,   37
  370,20010313,   73
  370,20010314,   -1
  370,20010315,    7
  370,20010316,   -1
  370,20010317,   -1
  370,20010318,  263
  370,20010319,   13
  370,20010320,    0
  370,20010321,   66
  370,20010322,    2
  370,20010323,  121
  370,20010324,   40
  370,20010325,   10
  370,20010326,    0
  370,20010327,    0
  370,20010328,    6
  370,20010329,  129
  370,20010330,   -1
  370,20010331,   -1
  370,20010401,    1
  370,20010402,   -1
  370,20010403,    0
  370,20010404,   33
  370,20010405,   51
  370,20010406,   20
  370,20010407,   41
  370,20010408,    6
  370,20010409,    3
  370,20010410,   96
  370,20010411,    1
  370,20010412,   -1
  370,20010413,   -1
  370,20010414,   61
  370,20010415,   55
  370,20010416,   13
  370,20010417,    1
  370,20010418,   25
  370,20010419,   44
  370,20010420,   47
  370,20010421,    0
  370,20010422,    0
  370,20010423,    0
  370,20010424,   60
  370,20010425,    6
  370,20010426,   12
  370,20010427,   82
  370,20010428,   31
  370,20010429,    2
  370,20010430,   -1
  370,20010501,    0
  370,20010502,    0
  370,20010503,   77
  370,20010504,    4
  370,20010505,    0
  370,20010506,   -1
  370,20010507,    1
  370,20010508,    0
  370,20010509,    2
  370,20010510,    0
  370,20010511,    0
  370,20010512,    0
  370,20010513,    0
  370,20010514,   16
  370,20010515,   17
  370,20010516,   -1
  370,20010517,   19
  370,20010518,    3
  370,20010519,    0
  370,20010520,    0
  370,20010521,    0
  370,20010522,    0
  370,20010523,    0
  370,20010524,    0
  370,20010525,    0
  370,20010526,    0
  370,20010527,   -1
  370,20010528,    0
  370,20010529,    0
  370,20010530,    0
  370,20010531,    0
  370,20010601,   32
  370,20010602,  150
  370,20010603,   12
  370,20010604,    0
  370,20010605,    0
  370,20010606,   14
  370,20010607,   15
  370,20010608,    2
  370,20010609,    0
  370,20010610,   -1
  370,20010611,    4
  370,20010612,    0
  370,20010613,    0
  370,20010614,    0
  370,20010615,   -1
  370,20010616,   39
  370,20010617,  115
  370,20010618,   -1
  370,20010619,    0
  370,20010620,    0
  370,20010621,    0
  370,20010622,   -1
  370,20010623,    0
  370,20010624,    0
  370,20010625,    0
  370,20010626,    0
  370,20010627,   11
  370,20010628,    0
  370,20010629,    0
  370,20010630,   47
  370,20010701,    0
  370,20010702,    0
  370,20010703,    0
  370,20010704,    0
  370,20010705,    0
  370,20010706,    3
  370,20010707,   74
  370,20010708,  113
  370,20010709,    2
  370,20010710,  133
  370,20010711,   11
  370,20010712,    2
  370,20010713,    0
  370,20010714,   99
  370,20010715,    0
  370,20010716,    0
  370,20010717,   30
  370,20010718,  212
  370,20010719,  109
  370,20010720,   41
  370,20010721,   14
  370,20010722,    0
  370,20010723,  302
  370,20010724,    0
  370,20010725,    0
  370,20010726,    0
  375,19960726,    0
  375,19960727,   -1
  375,19960728,    0
  375,19960729,   -1
  375,19960730,   -1
  375,19960731,   -1
  375,19960801,    0
  375,19960802,   -1
  375,19960803,    0
  375,19960804,    0
  375,19960805,    0
  375,19960806,  119
  375,19960807,    0
  375,19960808,    0
  375,19960809,    0
  375,19960810,   -1
  375,19960811,   70
  375,19960812,  124
  375,19960813,  216
  375,19960814,   -1
  375,19960815,   -1
  375,19960816,    0
  375,19960817,    0
  375,19960818,    0
  375,19960819,    0
  375,19960820,    0
  375,19960821,   54
  375,19960822,    0
  375,19960823,   36
  375,19960824,   29
  375,19960825,    1
  375,19960826,   -1
  375,19960827,   68
  375,19960828,  280
  375,19960829,  200
  375,19960830,   67
  375,19960831,    4
  375,19960901,    1
  375,19960902,    0
  375,19960903,    0
  375,19960904,   -1
  375,19960905,    0
  375,19960906,    0
  375,19960907,    0
  375,19960908,    0
  375,19960909,    0
  375,19960910,   12
  375,19960911,    3
  375,19960912,   50
  375,19960913,   19
  375,19960914,   20
  375,19960915,    0
  375,19960916,    0
  375,19960917,    0
  375,19960918,    0
  375,19960919,    0
  375,19960920,    0
  375,19960921,    0
  375,19960922,   14
  375,19960923,   11
  375,19960924,    0
  375,19960925,    0
  375,19960926,   -1
  375,19960927,   83
  375,19960928,    0
  375,19960929,   17
  375,19960930,  140
  375,19961001,   91
  375,19961002,   -1
  375,19961003,    0
  375,19961004,    3
  375,19961005,    2
  375,19961006,    0
  375,19961007,    0
  375,19961008,    0
  375,19961009,   -1
  375,19961010,   32
  375,19961011,    0
  375,19961012,    0
  375,19961013,    0
  375,19961014,    0
  375,19961015,    2
  375,19961016,    0
  375,19961017,    0
  375,19961018,    6
  375,19961019,   28
  375,19961020,  144
  375,19961021,   68
  375,19961022,    0
  375,19961023,    0
  375,19961024,    0
  375,19961025,   -1
  375,19961026,    1
  375,19961027,   35
  375,19961028,    9
  375,19961029,   66
  375,19961030,    2
  375,19961031,   79
  375,19961101,   14
  375,19961102,    4
  375,19961103,   47
  375,19961104,   39
  375,19961105,   17
  375,19961106,   43
  375,19961107,  101
  375,19961108,    0
  375,19961109,   -1
  375,19961110,   88
  375,19961111,   71
  375,19961112,    3
  375,19961113,   11
  375,19961114,    0
  375,19961115,    0
  375,19961116,    0
  375,19961117,    0
  375,19961118,   65
  375,19961119,   68
  375,19961120,   23
  375,19961121,   27
  375,19961122,    0
  375,19961123,   37
  375,19961124,    1
  375,19961125,  133
  375,19961126,    3
  375,19961127,    0
  375,19961128,    0
  375,19961129,  105
  375,19961130,   35
  375,19961201,   23
  375,19961202,   23
  375,19961203,  147
  375,19961204,    7
  375,19961205,   18
  375,19961206,    7
  375,19961207,    0
  375,19961208,    0
  375,19961209,    0
  375,19961210,    0
  375,19961211,   -1
  375,19961212,   -1
  375,19961213,    0
  375,19961214,    0
  375,19961215,   -1
  375,19961216,   -1
  375,19961217,    0
  375,19961218,   -1
  375,19961219,  174
  375,19961220,    2
  375,19961221,    0
  375,19961222,    0
  375,19961223,    0
  375,19961224,    0
  375,19961225,    0
  375,19961226,    0
  375,19961227,    0
  375,19961228,    0
  375,19961229,    9
  375,19961230,   -1
  375,19961231,    0
  375,19970101,    0
  375,19970102,    0
  375,19970103,    0
  375,19970104,   -1
  375,19970105,   -1
  375,19970106,   -1
  375,19970107,   -1
  375,19970108,    0
  375,19970109,    0
  375,19970110,   -1
  375,19970111,    0
  375,19970112,   -1
  375,19970113,   -1
  375,19970114,    0
  375,19970115,    0
  375,19970116,    0
  375,19970117,    0
  375,19970118,    0
  375,19970119,   39
  375,19970120,   -1
  375,19970121,    0
  375,19970122,    0
  375,19970123,    0
  375,19970124,   -1
  375,19970125,    0
  375,19970126,    0
  375,19970127,    0
  375,19970128,   -1
  375,19970129,    0
  375,19970130,    0
  375,19970131,    2
  375,19970201,    0
  375,19970202,   -1
  375,19970203,    1
  375,19970204,   43
  375,19970205,  186
  375,19970206,    0
  375,19970207,   10
  375,19970208,   -1
  375,19970209,   -1
  375,19970210,   26
  375,19970211,   15
  375,19970212,  142
  375,19970213,  129
  375,19970214,    0
  375,19970215,    0
  375,19970216,    0
  375,19970217,    5
  375,19970218,   78
  375,19970219,   25
  375,19970220,   -1
  375,19970221,   45
  375,19970222,   -1
  375,19970223,    0
  375,19970224,   95
  375,19970225,   35
  375,19970226,   46
  375,19970227,    0
  375,19970228,    3
  375,19970301,    3
  375,19970302,   26
  375,19970303,    0
  375,19970304,   -1
  375,19970305,    0
  375,19970306,    9
  375,19970307,    0
  375,19970308,    0
  375,19970309,    0
  375,19970310,    0
  375,19970311,    0
  375,19970312,    0
  375,19970313,    0
  375,19970314,   -1
  375,19970315,   20
  375,19970316,    1
  375,19970317,    4
  375,19970318,   51
  375,19970319,  113
  375,19970320,    9
  375,19970321,    1
  375,19970322,    0
  375,19970323,   35
  375,19970324,    1
  375,19970325,   15
  375,19970326,   11
  375,19970327,   -1
  375,19970328,   21
  375,19970329,   -1
  375,19970330,    0
  375,19970331,    0
  375,19970401,    0
  375,19970402,    0
  375,19970403,   -1
  375,19970404,    2
  375,19970405,  107
  375,19970406,    0
  375,19970407,    0
  375,19970408,    0
  375,19970409,    0
  375,19970410,    0
  375,19970411,    3
  375,19970412,    2
  375,19970413,    0
  375,19970414,    2
  375,19970415,   -1
  375,19970416,   -1
  375,19970417,    0
  375,19970418,    0
  375,19970419,    0
  375,19970420,    0
  375,19970421,   -1
  375,19970422,   -1
  375,19970423,    0
  375,19970424,    0
  375,19970425,   40
  375,19970426,   13
  375,19970427,    1
  375,19970428,   90
  375,19970429,   86
  375,19970430,   -1
  375,19970501,    0
  375,19970502,    0
  375,19970503,    0
  375,19970504,   14
  375,19970505,   90
  375,19970506,   74
  375,19970507,   32
  375,19970508,    2
  375,19970509,   41
  375,19970510,   10
  375,19970511,    8
  375,19970512,   -1
  375,19970513,    0
  375,19970514,   55
  375,19970515,    0
  375,19970516,   13
  375,19970517,   -1
  375,19970518,   13
  375,19970519,   64
  375,19970520,   35
  375,19970521,   59
  375,19970522,   45
  375,19970523,   -1
  375,19970524,    0
  375,19970525,    0
  375,19970526,    0
  375,19970527,    0
  375,19970528,    0
  375,19970529,    0
  375,19970530,    0
  375,19970531,    0
  375,19970601,   -1
  375,19970602,    0
  375,19970603,    0
  375,19970604,    0
  375,19970605,    0
  375,19970606,    0
  375,19970607,   51
  375,19970608,   67
  375,19970609,    0
  375,19970610,    0
  375,19970611,   46
  375,19970612,   -1
  375,19970613,   76
  375,19970614,  103
  375,19970615,   -1
  375,19970616,    0
  375,19970617,    0
  375,19970618,    0
  375,19970619,    5
  375,19970620,   20
  375,19970621,   59
  375,19970622,   23
  375,19970623,   59
  375,19970624,    1
  375,19970625,   37
  375,19970626,  117
  375,19970627,   28
  375,19970628,   16
  375,19970629,   83
  375,19970630,   23
  375,19970701,   -1
  375,19970702,    6
  375,19970703,   -1
  375,19970704,   -1
  375,19970705,   -1
  375,19970706,   -1
  375,19970707,    0
  375,19970708,    0
  375,19970709,   -1
  375,19970710,    0
  375,19970711,    0
  375,19970712,    0
  375,19970713,    5
  375,19970714,    4
  375,19970715,    3
  375,19970716,    6
  375,19970717,    5
  375,19970718,  122
  375,19970719,   -1
  375,19970720,   26
  375,19970721,    3
  375,19970722,   -1
  375,19970723,    0
  375,19970724,   17
  375,19970725,   42
  375,19970726,    2
  375,19970727,    5
  375,19970728,    0
  375,19970729,    0
  375,19970730,   -1
  375,19970731,   22
  375,19970801,   57
  375,19970802,   21
  375,19970803,    0
  375,19970804,    0
  375,19970805,    0
  375,19970806,    0
  375,19970807,    0
  375,19970808,    0
  375,19970809,    0
  375,19970810,    0
  375,19970811,    0
  375,19970812,    0
  375,19970813,    0
  375,19970814,    0
  375,19970815,    0
  375,19970816,    0
  375,19970817,    0
  375,19970818,    0
  375,19970819,    0
  375,19970820,    0
  375,19970821,    0
  375,19970822,   35
  375,19970823,    1
  375,19970824,   35
  375,19970825,  207
  375,19970826,   12
  375,19970827,   95
  375,19970828,  121
  375,19970829,    3
  375,19970830,    5
  375,19970831,   -1
  375,19970901,  131
  375,19970902,   42
  375,19970903,   -1
  375,19970904,    4
  375,19970905,    2
  375,19970906,   -1
  375,19970907,   48
  375,19970908,    0
  375,19970909,    0
  375,19970910,    0
  375,19970911,    0
  375,19970912,   -1
  375,19970913,    6
  375,19970914,    0
  375,19970915,    0
  375,19970916,    0
  375,19970917,    0
  375,19970918,    0
  375,19970919,   -1
  375,19970920,    0
  375,19970921,    0
  375,19970922,    0
  375,19970923,    0
  375,19970924,    0
  375,19970925,    0
  375,19970926,    0
  375,19970927,    0
  375,19970928,    0
  375,19970929,    0
  375,19970930,    8
  375,19971001,   33
  375,19971002,   -1
  375,19971003,    0
  375,19971004,    0
  375,19971005,    0
  375,19971006,    0
  375,19971007,   45
  375,19971008,   46
  375,19971009,   50
  375,19971010,  222
  375,19971011,   50
  375,19971012,    3
  375,19971013,   46
  375,19971014,   26
  375,19971015,   36
  375,19971016,    2
  375,19971017,    0
  375,19971018,    0
  375,19971019,    0
  375,19971020,   -1
  375,19971021,    0
  375,19971022,    0
  375,19971023,    0
  375,19971024,    0
  375,19971025,    3
  375,19971026,   21
  375,19971027,   -1
  375,19971028,    0
  375,19971029,    0
  375,19971030,    0
  375,19971031,    0
  375,19971101,    0
  375,19971102,    0
  375,19971103,    0
  375,19971104,    6
  375,19971105,    1
  375,19971106,   49
  375,19971107,    7
  375,19971108,    5
  375,19971109,   16
  375,19971110,    3
  375,19971111,   29
  375,19971112,    0
  375,19971113,    0
  375,19971114,    0
  375,19971115,   19
  375,19971116,   -1
  375,19971117,    0
  375,19971118,    0
  375,19971119,    0
  375,19971120,   19
  375,19971121,    1
  375,19971122,    0
  375,19971123,   -1
  375,19971124,   -1
  375,19971125,    0
  375,19971126,   -1
  375,19971127,   28
  375,19971128,   48
  375,19971129,    8
  375,19971130,    2
  375,19971201,    0
  375,19971202,    0
  375,19971203,   -1
  375,19971204,    0
  375,19971205,   -1
  375,19971206,   21
  375,19971207,    0
  375,19971208,   -1
  375,19971209,   46
  375,19971210,  139
  375,19971211,   11
  375,19971212,   25
  375,19971213,   -1
  375,19971214,    6
  375,19971215,    0
  375,19971216,    0
  375,19971217,   -1
  375,19971218,    2
  375,19971219,   -1
  375,19971220,    0
  375,19971221,   64
  375,19971222,    0
  375,19971223,    7
  375,19971224,   35
  375,19971225,   17
  375,19971226,   25
  375,19971227,    1
  375,19971228,   43
  375,19971229,    7
  375,19971230,   -1
  375,19971231,   16
  375,19980101,    2
  375,19980102,   92
  375,19980103,   69
  375,19980104,   11
  375,19980105,   99
  375,19980106,    2
  375,19980107,  101
  375,19980108,   41
  375,19980109,    0
  375,19980110,    0
  375,19980111,    0
  375,19980112,    0
  375,19980113,   -1
  375,19980114,   13
  375,19980115,   10
  375,19980116,    8
  375,19980117,   -1
  375,19980118,   57
  375,19980119,   29
  375,19980120,   18
  375,19980121,    0
  375,19980122,    0
  375,19980123,    0
  375,19980124,    2
  375,19980125,   -1
  375,19980126,    0
  375,19980127,    0
  375,19980128,   -1
  375,19980129,   -1
  375,19980130,    3
  375,19980131,   15
  375,19980201,    0
  375,19980202,   25
  375,19980203,    2
  375,19980204,    0
  375,19980205,    0
  375,19980206,    0
  375,19980207,   17
  375,19980208,    0
  375,19980209,    0
  375,19980210,    0
  375,19980211,    0
  375,19980212,    0
  375,19980213,    0
  375,19980214,    0
  375,19980215,    0
  375,19980216,    1
  375,19980217,   -1
  375,19980218,    0
  375,19980219,   -1
  375,19980220,    0
  375,19980221,    9
  375,19980222,   14
  375,19980223,    5
  375,19980224,   -1
  375,19980225,    0
  375,19980226,    3
  375,19980227,   -1
  375,19980228,   25
  375,19980301,   10
  375,19980302,   17
  375,19980303,  157
  375,19980304,   58
  375,19980305,   63
  375,19980306,  253
  375,19980307,  100
  375,19980308,   32
  375,19980309,    3
  375,19980310,    0
  375,19980311,   48
  375,19980312,    8
  375,19980313,    7
  375,19980314,   15
  375,19980315,    8
  375,19980316,   -1
  375,19980317,   -1
  375,19980318,    0
  375,19980319,    0
  375,19980320,    7
  375,19980321,    0
  375,19980322,   26
  375,19980323,    3
  375,19980324,    0
  375,19980325,    0
  375,19980326,   13
  375,19980327,    7
  375,19980328,   -1
  375,19980329,    0
  375,19980330,    0
  375,19980331,    0
  375,19980401,   13
  375,19980402,   12
  375,19980403,   13
  375,19980404,    2
  375,19980405,   28
  375,19980406,   27
  375,19980407,  107
  375,19980408,   50
  375,19980409,   48
  375,19980410,    1
  375,19980411,   11
  375,19980412,   -1
  375,19980413,   16
  375,19980414,   -1
  375,19980415,   74
  375,19980416,   23
  375,19980417,   14
  375,19980418,    1
  375,19980419,   -1
  375,19980420,   47
  375,19980421,    0
  375,19980422,    0
  375,19980423,   -1
  375,19980424,    1
  375,19980425,   39
  375,19980426,   16
  375,19980427,   78
  375,19980428,    3
  375,19980429,    0
  375,19980430,    0
  375,19980501,    1
  375,19980502,   -1
  375,19980503,    0
  375,19980504,    0
  375,19980505,   14
  375,19980506,   15
  375,19980507,   -1
  375,19980508,    0
  375,19980509,    0
  375,19980510,    0
  375,19980511,    0
  375,19980512,    0
  375,19980513,    0
  375,19980514,    0
  375,19980515,    0
  375,19980516,    0
  375,19980517,    0
  375,19980518,    0
  375,19980519,    0
  375,19980520,    0
  375,19980521,    1
  375,19980522,   -1
  375,19980523,    1
  375,19980524,   34
  375,19980525,   54
  375,19980526,   12
  375,19980527,   10
  375,19980528,   24
  375,19980529,   95
  375,19980530,   -1
  375,19980531,    0
  375,19980601,    0
  375,19980602,  244
  375,19980603,   10
  375,19980604,   -1
  375,19980605,   87
  375,19980606,  270
  375,19980607,   74
  375,19980608,   -1
  375,19980609,   59
  375,19980610,   22
  375,19980611,   28
  375,19980612,  281
  375,19980613,   -1
  375,19980614,  161
  375,19980615,   34
  375,19980616,   59
  375,19980617,    1
  375,19980618,   30
  375,19980619,    0
  375,19980620,    0
  375,19980621,   -1
  375,19980622,    0
  375,19980623,    7
  375,19980624,    8
  375,19980625,   16
  375,19980626,    0
  375,19980627,    9
  375,19980628,   74
  375,19980629,  143
  375,19980630,   44
  375,19980701,    1
  375,19980702,    0
  375,19980703,    0
  375,19980704,    0
  375,19980705,    2
  375,19980706,    2
  375,19980707,    4
  375,19980708,   27
  375,19980709,   12
  375,19980710,    1
  375,19980711,   32
  375,19980712,  102
  375,19980713,    4
  375,19980714,    1
  375,19980715,   22
  375,19980716,   24
  375,19980717,   13
  375,19980718,   29
  375,19980719,    0
  375,19980720,   -1
  375,19980721,   54
  375,19980722,    0
  375,19980723,    1
  375,19980724,    0
  375,19980725,    0
  375,19980726,    0
  375,19980727,    4
  375,19980728,   -1
  375,19980729,   23
  375,19980730,    5
  375,19980731,   82
  375,19980801,    0
  375,19980802,    0
  375,19980803,    0
  375,19980804,    5
  375,19980805,    0
  375,19980806,    0
  375,19980807,    0
  375,19980808,    0
  375,19980809,    0
  375,19980810,    0
  375,19980811,    0
  375,19980812,    0
  375,19980813,    0
  375,19980814,   -1
  375,19980815,    0
  375,19980816,    0
  375,19980817,    0
  375,19980818,    4
  375,19980819,    0
  375,19980820,   -1
  375,19980821,   94
  375,19980822,   63
  375,19980823,  112
  375,19980824,   99
  375,19980825,    2
  375,19980826,  115
  375,19980827,   19
  375,19980828,    0
  375,19980829,   -1
  375,19980830,    5
  375,19980831,    0
  375,19980901,   14
  375,19980902,  142
  375,19980903,  370
  375,19980904,   88
  375,19980905,   42
  375,19980906,    8
  375,19980907,   16
  375,19980908,    4
  375,19980909,  244
  375,19980910,    8
  375,19980911,   14
  375,19980912,   98
  375,19980913,   43
  375,19980914,  442
  375,19980915,   55
  375,19980916,   39
  375,19980917,   63
  375,19980918,    0
  375,19980919,    5
  375,19980920,    0
  375,19980921,    0
  375,19980922,    0
  375,19980923,    0
  375,19980924,    0
  375,19980925,   -1
  375,19980926,    3
  375,19980927,    0
  375,19980928,    0
  375,19980929,    0
  375,19980930,   17
  375,19981001,    0
  375,19981002,    9
  375,19981003,    1
  375,19981004,    0
  375,19981005,   17
  375,19981006,   26
  375,19981007,   14
  375,19981008,  192
  375,19981009,    0
  375,19981010,   68
  375,19981011,   17
  375,19981012,   73
  375,19981013,   14
  375,19981014,  106
  375,19981015,    0
  375,19981016,   -1
  375,19981017,   21
  375,19981018,    1
  375,19981019,    7
  375,19981020,   25
  375,19981021,   45
  375,19981022,   -1
  375,19981023,  106
  375,19981024,  128
  375,19981025,   94
  375,19981026,   23
  375,19981027,  117
  375,19981028,  170
  375,19981029,   80
  375,19981030,  103
  375,19981031,  217
  375,19981101,  225
  375,19981102,   50
  375,19981103,   10
  375,19981104,   23
  375,19981105,   31
  375,19981106,    4
  375,19981107,    0
  375,19981108,  107
  375,19981109,   84
  375,19981110,   50
  375,19981111,    2
  375,19981112,    0
  375,19981113,   36
  375,19981114,   70
  375,19981115,   22
  375,19981116,   -1
  375,19981117,    0
  375,19981118,   50
  375,19981119,    0
  375,19981120,    0
  375,19981121,    0
  375,19981122,    0
  375,19981123,    0
  375,19981124,    0
  375,19981125,    6
  375,19981126,   52
  375,19981127,    3
  375,19981128,    6
  375,19981129,   57
  375,19981130,   -1
  375,19981201,    0
  375,19981202,    0
  375,19981203,    0
  375,19981204,   23
  375,19981205,    9
  375,19981206,    5
  375,19981207,   -1
  375,19981208,    2
  375,19981209,   46
  375,19981210,    0
  375,19981211,   19
  375,19981212,   51
  375,19981213,    9
  375,19981214,   14
  375,19981215,   73
  375,19981216,    0
  375,19981217,    0
  375,19981218,    8
  375,19981219,   58
  375,19981220,    1
  375,19981221,    0
  375,19981222,    3
  375,19981223,    2
  375,19981224,   15
  375,19981225,    8
  375,19981226,   54
  375,19981227,   31
  375,19981228,   40
  375,19981229,    0
  375,19981230,    0
  375,19981231,    0
  375,19990101,   -1
  375,19990102,   37
  375,19990103,  114
  375,19990104,   34
  375,19990105,   20
  375,19990106,    0
  375,19990107,   34
  375,19990108,   61
  375,19990109,    3
  375,19990110,    0
  375,19990111,    0
  375,19990112,   53
  375,19990113,   27
  375,19990114,   45
  375,19990115,   16
  375,19990116,  138
  375,19990117,    8
  375,19990118,    0
  375,19990119,   -1
  375,19990120,   -1
  375,19990121,   17
  375,19990122,   -1
  375,19990123,    0
  375,19990124,    5
  375,19990125,   50
  375,19990126,   24
  375,19990127,   33
  375,19990128,   98
  375,19990129,    0
  375,19990130,    0
  375,19990131,    0
  375,19990201,   -1
  375,19990202,    0
  375,19990203,   -1
  375,19990204,    2
  375,19990205,   31
  375,19990206,   63
  375,19990207,   37
  375,19990208,   68
  375,19990209,    0
  375,19990210,    8
  375,19990211,   -1
  375,19990212,    0
  375,19990213,    0
  375,19990214,    7
  375,19990215,   15
  375,19990216,   28
  375,19990217,   23
  375,19990218,    4
  375,19990219,   81
  375,19990220,    0
  375,19990221,  136
  375,19990222,  116
  375,19990223,   42
  375,19990224,   -1
  375,19990225,   -1
  375,19990226,   -1
  375,19990227,    6
  375,19990228,    1
  375,19990301,  200
  375,19990302,  138
  375,19990303,   17
  375,19990304,   14
  375,19990305,    7
  375,19990306,    2
  375,19990307,   17
  375,19990308,   41
  375,19990309,   11
  375,19990310,    6
  375,19990311,    0
  375,19990312,    0
  375,19990313,    0
  375,19990314,    0
  375,19990315,    0
  375,19990316,    0
  375,19990317,    2
  375,19990318,   30
  375,19990319,   -1
  375,19990320,    2
  375,19990321,   35
  375,19990322,   37
  375,19990323,   89
  375,19990324,    0
  375,19990325,   -1
  375,19990326,    6
  375,19990327,    0
  375,19990328,    0
  375,19990329,    0
  375,19990330,    0
  375,19990331,   -1
  375,19990401,    0
  375,19990402,    0
  375,19990403,   49
  375,19990404,    0
  375,19990405,   71
  375,19990406,   19
  375,19990407,   35
  375,19990408,   -1
  375,19990409,    0
  375,19990410,   10
  375,19990411,    0
  375,19990412,   90
  375,19990413,   40
  375,19990414,    8
  375,19990415,   12
  375,19990416,   -1
  375,19990417,   -1
  375,19990418,    0
  375,19990419,    0
  375,19990420,    9
  375,19990421,   33
  375,19990422,   21
  375,19990423,   -1
  375,19990424,   -1
  375,19990425,    0
  375,19990426,    0
  375,19990427,    6
  375,19990428,    0
  375,19990429,    0
  375,19990430,    0
  375,19990501,    0
  375,19990502,    0
  375,19990503,    0
  375,19990504,    0
  375,19990505,  136
  375,19990506,   49
  375,19990507,   33
  375,19990508,   32
  375,19990509,    0
  375,19990510,   51
  375,19990511,   37
  375,19990512,    2
  375,19990513,    6
  375,19990514,   55
  375,19990515,    0
  375,19990516,    0
  375,19990517,    0
  375,19990518,   -1
  375,19990519,    4
  375,19990520,   28
  375,19990521,    0
  375,19990522,    5
  375,19990523,    0
  375,19990524,    0
  375,19990525,    0
  375,19990526,    0
  375,19990527,    0
  375,19990528,    1
  375,19990529,  122
  375,19990530,  244
  375,19990531,   27
  375,19990601,    0
  375,19990602,   20
  375,19990603,   33
  375,19990604,    2
  375,19990605,  174
  375,19990606,   27
  375,19990607,    3
  375,19990608,    1
  375,19990609,   -1
  375,19990610,    0
  375,19990611,    4
  375,19990612,    0
  375,19990613,    0
  375,19990614,    0
  375,19990615,    0
  375,19990616,    0
  375,19990617,   -1
  375,19990618,    0
  375,19990619,    0
  375,19990620,   65
  375,19990621,   35
  375,19990622,   -1
  375,19990623,    0
  375,19990624,   -1
  375,19990625,    0
  375,19990626,    0
  375,19990627,    5
  375,19990628,   11
  375,19990629,   21
  375,19990630,    8
  375,19990701,    5
  375,19990702,    0
  375,19990703,    0
  375,19990704,  221
  375,19990705,   90
  375,19990706,    0
  375,19990707,    0
  375,19990708,    0
  375,19990709,    0
  375,19990710,    0
  375,19990711,    0
  375,19990712,    0
  375,19990713,    0
  375,19990714,   18
  375,19990715,    0
  375,19990716,   -1
  375,19990717,    0
  375,19990718,    0
  375,19990719,  163
  375,19990720,    8
  375,19990721,   -1
  375,19990722,   53
  375,19990723,    0
  375,19990724,    0
  375,19990725,    0
  375,19990726,    0
  375,19990727,    0
  375,19990728,    0
  375,19990729,    0
  375,19990730,    0
  375,19990731,    0
  375,19990801,    0
  375,19990802,    0
  375,19990803,    0
  375,19990804,    0
  375,19990805,  152
  375,19990806,    0
  375,19990807,   95
  375,19990808,   12
  375,19990809,   -1
  375,19990810,   70
  375,19990811,   -1
  375,19990812,    0
  375,19990813,    0
  375,19990814,  189
  375,19990815,   22
  375,19990816,  101
  375,19990817,   -1
  375,19990818,  110
  375,19990819,   60
  375,19990820,   47
  375,19990821,    0
  375,19990822,    0
  375,19990823,    0
  375,19990824,   -1
  375,19990825,   -1
  375,19990826,   -1
  375,19990827,    0
  375,19990828,    0
  375,19990829,    0
  375,19990830,   -1
  375,19990831,    0
  375,19990901,   -1
  375,19990902,    0
  375,19990903,    0
  375,19990904,    0
  375,19990905,    0
  375,19990906,   -1
  375,19990907,    0
  375,19990908,    0
  375,19990909,    0
  375,19990910,    0
  375,19990911,    0
  375,19990912,    0
  375,19990913,    0
  375,19990914,    0
  375,19990915,   49
  375,19990916,   14
  375,19990917,   14
  375,19990918,    0
  375,19990919,   -1
  375,19990920,   19
  375,19990921,    5
  375,19990922,   -1
  375,19990923,    3
  375,19990924,    1
  375,19990925,    0
  375,19990926,    5
  375,19990927,   19
  375,19990928,   -1
  375,19990929,   25
  375,19990930,  140
  375,19991001,   11
  375,19991002,   49
  375,19991003,   -1
  375,19991004,   28
  375,19991005,   -1
  375,19991006,   -1
  375,19991007,    1
  375,19991008,   70
  375,19991009,    3
  375,19991010,    5
  375,19991011,   11
  375,19991012,    0
  375,19991013,    0
  375,19991014,    0
  375,19991015,    0
  375,19991016,    0
  375,19991017,    0
  375,19991018,    0
  375,19991019,    0
  375,19991020,    0
  375,19991021,    3
  375,19991022,   41
  375,19991023,    3
  375,19991024,   21
  375,19991025,   40
  375,19991026,   -1
  375,19991027,    0
  375,19991028,   -1
  375,19991029,    0
  375,19991030,   50
  375,19991031,    0
  375,19991101,   39
  375,19991102,   15
  375,19991103,    0
  375,19991104,    0
  375,19991105,    4
  375,19991106,   40
  375,19991107,   85
  375,19991108,    2
  375,19991109,   41
  375,19991110,   -1
  375,19991111,    0
  375,19991112,    0
  375,19991113,    2
  375,19991114,    6
  375,19991115,    0
  375,19991116,    8
  375,19991117,   17
  375,19991118,  136
  375,19991119,    1
  375,19991120,   -1
  375,19991121,    5
  375,19991122,   18
  375,19991123,    0
  375,19991124,    0
  375,19991125,   37
  375,19991126,    0
  375,19991127,   10
  375,19991128,    0
  375,19991129,    0
  375,19991130,   -1
  375,19991201,    5
  375,19991202,    0
  375,19991203,   68
  375,19991204,   39
  375,19991205,    5
  375,19991206,   14
  375,19991207,   81
  375,19991208,    6
  375,19991209,   17
  375,19991210,   22
  375,19991211,   95
  375,19991212,  169
  375,19991213,  115
  375,19991214,    8
  375,19991215,   14
  375,19991216,    5
  375,19991217,   71
  375,19991218,    1
  375,19991219,    6
  375,19991220,   -1
  375,19991221,   -1
  375,19991222,   12
  375,19991223,   16
  375,19991224,   78
  375,19991225,   60
  375,19991226,  197
  375,19991227,   54
  375,19991228,    1
  375,19991229,    1
  375,19991230,   17
  375,19991231,    2
  375,20000101,   10
  375,20000102,    2
  375,20000103,    9
  375,20000104,  132
  375,20000105,    0
  375,20000106,   15
  375,20000107,    0
  375,20000108,    7
  375,20000109,    0
  375,20000110,    0
  375,20000111,    0
  375,20000112,    0
  375,20000113,   -1
  375,20000114,   -1
  375,20000115,   -1
  375,20000116,    9
  375,20000117,    5
  375,20000118,   11
  375,20000119,    1
  375,20000120,    9
  375,20000121,   10
  375,20000122,   66
  375,20000123,    3
  375,20000124,    0
  375,20000125,    0
  375,20000126,    0
  375,20000127,    0
  375,20000128,   -1
  375,20000129,  135
  375,20000130,   19
  375,20000131,    2
  375,20000201,   -1
  375,20000202,   51
  375,20000203,    0
  375,20000204,   27
  375,20000205,    0
  375,20000206,    4
  375,20000207,   59
  375,20000208,   73
  375,20000209,    2
  375,20000210,   77
  375,20000211,    0
  375,20000212,   41
  375,20000213,   -1
  375,20000214,   20
  375,20000215,    9
  375,20000216,  101
  375,20000217,   21
  375,20000218,   87
  375,20000219,   28
  375,20000220,   -1
  375,20000221,    2
  375,20000222,    0
  375,20000223,   -1
  375,20000224,  102
  375,20000225,  198
  375,20000226,    0
  375,20000227,    0
  375,20000228,  105
  375,20000229,   92
  375,20000301,   31
  375,20000302,   53
  375,20000303,  185
  375,20000304,   50
  375,20000305,    9
  375,20000306,    0
  375,20000307,   40
  375,20000308,  161
  375,20000309,   30
  375,20000310,    9
  375,20000311,   12
  375,20000312,    0
  375,20000313,   -1
  375,20000314,   32
  375,20000315,    5
  375,20000316,    2
  375,20000317,    1
  375,20000318,   20
  375,20000319,    1
  375,20000320,    0
  375,20000321,    0
  375,20000322,    0
  375,20000323,    0
  375,20000324,   51
  375,20000325,   36
  375,20000326,   24
  375,20000327,   51
  375,20000328,    8
  375,20000329,    4
  375,20000330,   -1
  375,20000331,   -1
  375,20000401,   -1
  375,20000402,    5
  375,20000403,    1
  375,20000404,    2
  375,20000405,    1
  375,20000406,    0
  375,20000407,    0
  375,20000408,    0
  375,20000409,    0
  375,20000410,    0
  375,20000411,    2
  375,20000412,   21
  375,20000413,   89
  375,20000414,    1
  375,20000415,   21
  375,20000416,   -1
  375,20000417,   51
  375,20000418,    0
  375,20000419,    0
  375,20000420,   -1
  375,20000421,    4
  375,20000422,  196
  375,20000423,  122
  375,20000424,    0
  375,20000425,    0
  375,20000426,   -1
  375,20000427,    8
  375,20000428,    0
  375,20000429,   71
  375,20000430,    0
  375,20000501,    0
  375,20000502,   -1
  375,20000503,    2
  375,20000504,   -1
  375,20000505,    0
  375,20000506,    0
  375,20000507,   -1
  375,20000508,  101
  375,20000509,    0
  375,20000510,   -1
  375,20000511,    0
  375,20000512,    0
  375,20000513,    0
  375,20000514,    0
  375,20000515,    0
  375,20000516,  108
  375,20000517,  113
  375,20000518,   33
  375,20000519,  147
  375,20000520,    2
  375,20000521,   83
  375,20000522,   48
  375,20000523,   11
  375,20000524,  102
  375,20000525,   51
  375,20000526,   15
  375,20000527,    7
  375,20000528,   84
  375,20000529,   50
  375,20000530,   -1
  375,20000531,    0
  375,20000601,   -1
  375,20000602,    0
  375,20000603,  242
  375,20000604,    0
  375,20000605,  148
  375,20000606,  206
  375,20000607,    3
  375,20000608,    0
  375,20000609,    0
  375,20000610,   -1
  375,20000611,    0
  375,20000612,    0
  375,20000613,    0
  375,20000614,   14
  375,20000615,    1
  375,20000616,    0
  375,20000617,    0
  375,20000618,    0
  375,20000619,    0
  375,20000620,    0
  375,20000621,    7
  375,20000622,    1
  375,20000623,   49
  375,20000624,   86
  375,20000625,    2
  375,20000626,    0
  375,20000627,    0
  375,20000628,    0
  375,20000629,    0
  375,20000630,    0
  375,20000701,   28
  375,20000702,   45
  375,20000703,    7
  375,20000704,    4
  375,20000705,   18
  375,20000706,   -1
  375,20000707,    1
  375,20000708,   13
  375,20000709,   38
  375,20000710,   98
  375,20000711,   38
  375,20000712,   24
  375,20000713,   35
  375,20000714,  112
  375,20000715,  134
  375,20000716,    5
  375,20000717,    4
  375,20000718,    0
  375,20000719,    2
  375,20000720,    0
  375,20000721,   -1
  375,20000722,   -1
  375,20000723,   -1
  375,20000724,  213
  375,20000725,    1
  375,20000726,    0
  375,20000727,   98
  375,20000728,    2
  375,20000729,   26
  375,20000730,   -1
  375,20000731,    0
  375,20000801,   55
  375,20000802,   57
  375,20000803,   -1
  375,20000804,    0
  375,20000805,    0
  375,20000806,    0
  375,20000807,   -1
  375,20000808,    7
  375,20000809,   -1
  375,20000810,    1
  375,20000811,    0
  375,20000812,    0
  375,20000813,    0
  375,20000814,    3
  375,20000815,    0
  375,20000816,    9
  375,20000817,   13
  375,20000818,    1
  375,20000819,  102
  375,20000820,   12
  375,20000821,    2
  375,20000822,    0
  375,20000823,    0
  375,20000824,    0
  375,20000825,    0
  375,20000826,    0
  375,20000827,   61
  375,20000828,   -1
  375,20000829,   -1
  375,20000830,    0
  375,20000831,    0
  375,20000901,   32
  375,20000902,  258
  375,20000903,   25
  375,20000904,    2
  375,20000905,   -1
  375,20000906,   62
  375,20000907,    0
  375,20000908,    2
  375,20000909,   -1
  375,20000910,    0
  375,20000911,    0
  375,20000912,    0
  375,20000913,   -1
  375,20000914,    0
  375,20000915,   20
  375,20000916,    2
  375,20000917,    7
  375,20000918,    0
  375,20000919,    3
  375,20000920,   62
  375,20000921,    5
  375,20000922,    0
  375,20000923,    0
  375,20000924,    3
  375,20000925,    9
  375,20000926,    3
  375,20000927,   33
  375,20000928,   17
  375,20000929,   -1
  375,20000930,   19
  375,20001001,  129
  375,20001002,    8
  375,20001003,    0
  375,20001004,    2
  375,20001005,   17
  375,20001006,   52
  375,20001007,    0
  375,20001008,   51
  375,20001009,   13
  375,20001010,   81
  375,20001011,  125
  375,20001012,   -1
  375,20001013,    3
  375,20001014,    0
  375,20001015,   -1
  375,20001016,   10
  375,20001017,    1
  375,20001018,    2
  375,20001019,   67
  375,20001020,    0
  375,20001021,    0
  375,20001022,    0
  375,20001023,   48
  375,20001024,   -1
  375,20001025,    4
  375,20001026,    4
  375,20001027,   54
  375,20001028,  105
  375,20001029,   22
  375,20001030,   66
  375,20001031,    3
  375,20001101,  104
  375,20001102,   56
  375,20001103,    4
  375,20001104,    0
  375,20001105,    0
  375,20001106,   39
  375,20001107,   34
  375,20001108,    1
  375,20001109,   -1
  375,20001110,    0
  375,20001111,   -1
  375,20001112,   86
  375,20001113,    0
  375,20001114,    0
  375,20001115,   21
  375,20001116,   24
  375,20001117,   22
  375,20001118,    8
  375,20001119,   19
  375,20001120,   33
  375,20001121,   25
  375,20001122,   21
  375,20001123,   74
  375,20001124,   -1
  375,20001125,   89
  375,20001126,   31
  375,20001127,   -1
  375,20001128,   67
  375,20001129,    0
  375,20001130,    0
  375,20001201,   21
  375,20001202,    1
  375,20001203,   13
  375,20001204,   13
  375,20001205,   -1
  375,20001206,   67
  375,20001207,    8
  375,20001208,   11
  375,20001209,    8
  375,20001210,   47
  375,20001211,   34
  375,20001212,   45
  375,20001213,   76
  375,20001214,   22
  375,20001215,   54
  375,20001216,   -1
  375,20001217,    0
  375,20001218,    1
  375,20001219,    0
  375,20001220,    0
  375,20001221,    0
  375,20001222,    0
  375,20001223,    0
  375,20001224,   23
  375,20001225,   24
  375,20001226,   -1
  375,20001227,   15
  375,20001228,   11
  375,20001229,    4
  375,20001230,   30
  375,20001231,    0
  375,20010101,  128
  375,20010102,   11
  375,20010103,   29
  375,20010104,   32
  375,20010105,  153
  375,20010106,    9
  375,20010107,   -1
  375,20010108,    2
  375,20010109,   -1
  375,20010110,    7
  375,20010111,    0
  375,20010112,    0
  375,20010113,    0
  375,20010114,    0
  375,20010115,    0
  375,20010116,    0
  375,20010117,    0
  375,20010118,   -1
  375,20010119,    0
  375,20010120,   12
  375,20010121,   40
  375,20010122,   57
  375,20010123,   15
  375,20010124,   64
  375,20010125,   36
  375,20010126,    1
  375,20010127,  119
  375,20010128,   -1
  375,20010129,    3
  375,20010130,    0
  375,20010131,    0
  375,20010201,    0
  375,20010202,   27
  375,20010203,   86
  375,20010204,  136
  375,20010205,   37
  375,20010206,   22
  375,20010207,   44
  375,20010208,   67
  375,20010209,    8
  375,20010210,    9
  375,20010211,    1
  375,20010212,   42
  375,20010213,    0
  375,20010214,    0
  375,20010215,    0
  375,20010216,   35
  375,20010217,    0
  375,20010218,    0
  375,20010219,    9
  375,20010220,    0
  375,20010221,   24
  375,20010222,    4
  375,20010223,   44
  375,20010224,   12
  375,20010225,   -1
  375,20010226,    6
  375,20010227,    0
  375,20010228,    1
  375,20010301,   38
  375,20010302,   21
  375,20010303,    0
  375,20010304,   -1
  375,20010305,    0
  375,20010306,    0
  375,20010307,   31
  375,20010308,    9
  375,20010309,   16
  375,20010310,   59
  375,20010311,   14
  375,20010312,   44
  375,20010313,   50
  375,20010314,   -1
  375,20010315,    1
  375,20010316,    0
  375,20010317,    0
  375,20010318,  222
  375,20010319,   13
  375,20010320,    0
  375,20010321,   60
  375,20010322,    0
  375,20010323,  106
  375,20010324,    1
  375,20010325,    5
  375,20010326,    0
  375,20010327,    0
  375,20010328,   12
  375,20010329,  142
  375,20010330,    8
  375,20010331,    0
  375,20010401,   -1
  375,20010402,   -1
  375,20010403,   -1
  375,20010404,   46
  375,20010405,   60
  375,20010406,   24
  375,20010407,   11
  375,20010408,    2
  375,20010409,    4
  375,20010410,   61
  375,20010411,    7
  375,20010412,    2
  375,20010413,   -1
  375,20010414,   56
  375,20010415,   56
  375,20010416,   15
  375,20010417,   -1
  375,20010418,   24
  375,20010419,   65
  375,20010420,    5
  375,20010421,   -1
  375,20010422,   -1
  375,20010423,    0
  375,20010424,   51
  375,20010425,   15
  375,20010426,   10
  375,20010427,  105
  375,20010428,   22
  375,20010429,   11
  375,20010430,    4
  375,20010501,    0
  375,20010502,    0
  375,20010503,    7
  375,20010504,    8
  375,20010505,    0
  375,20010506,   -1
  375,20010507,    0
  375,20010508,    0
  375,20010509,    0
  375,20010510,    0
  375,20010511,    0
  375,20010512,    0
  375,20010513,    0
  375,20010514,   90
  375,20010515,    1
  375,20010516,    1
  375,20010517,   17
  375,20010518,   17
  375,20010519,    0
  375,20010520,    0
  375,20010521,    0
  375,20010522,    0
  375,20010523,    0
  375,20010524,    0
  375,20010525,    0
  375,20010526,    0
  375,20010527,   -1
  375,20010528,   -1
  375,20010529,    0
  375,20010530,    0
  375,20010531,    4
  375,20010601,   17
  375,20010602,  150
  375,20010603,   26
  375,20010604,   -1
  375,20010605,    0
  375,20010606,   33
  375,20010607,   17
  375,20010608,   -1
  375,20010609,    0
  375,20010610,   29
  375,20010611,   -1
  375,20010612,    0
  375,20010613,    0
  375,20010614,    0
  375,20010615,   -1
  375,20010616,   59
  375,20010617,   74
  375,20010618,   -1
  375,20010619,    0
  375,20010620,    0
  375,20010621,    0
  375,20010622,   -1
  375,20010623,    0
  375,20010624,    0
  375,20010625,    0
  375,20010626,    0
  375,20010627,   13
  375,20010628,    0
  375,20010629,    0
  375,20010630,   12
  375,20010701,    0
  375,20010702,    0
  375,20010703,    0
  375,20010704,    0
  375,20010705,    0
  375,20010706,   -1
  375,20010707,    1
  375,20010708,   25
  375,20010709,    5
  375,20010710,   62
  375,20010711,   25
  375,20010712,    1
  375,20010713,    0
  375,20010714,  102
  375,20010715,    0
  375,20010716,    0
  375,20010717,   26
  375,20010718,   98
  375,20010719,  140
  375,20010720,   20
  375,20010721,   15
  375,20010722,    1
  375,20010723,  148
  375,20010724,    0
  375,20010725,    0
  375,20010726,    0
  377,19990710,     
  377,19990711,     
  377,19990712,     
  377,19990713,     
  377,19990714,     
  377,19990715,    0
  377,19990716,    0
  377,19990717,    0
  377,19990718,    0
  377,19990719,   -1
  377,19990720,   -1
  377,19990721,   -1
  377,19990722,   28
  377,19990723,    0
  377,19990724,    0
  377,19990725,    0
  377,19990726,    0
  377,19990727,    0
  377,19990728,    0
  377,19990729,    0
  377,19990730,    0
  377,19990731,    0
  377,19990801,    0
  377,19990802,    0
  377,19990803,    0
  377,19990804,   -1
  377,19990805,   15
  377,19990806,    0
  377,19990807,  123
  377,19990808,   39
  377,19990809,    8
  377,19990810,  289
  377,19990811,    1
  377,19990812,   -1
  377,19990813,   -1
  377,19990814,  137
  377,19990815,    1
  377,19990816,   33
  377,19990817,    5
  377,19990818,   72
  377,19990819,   16
  377,19990820,   51
  377,19990821,    0
  377,19990822,    0
  377,19990823,    0
  377,19990824,   -1
  377,19990825,   14
  377,19990826,   -1
  377,19990827,    0
  377,19990828,    0
  377,19990829,    0
  377,19990830,    0
  377,19990831,    0
  377,19990901,   -1
  377,19990902,    0
  377,19990903,    0
  377,19990904,    0
  377,19990905,    0
  377,19990906,   -1
  377,19990907,   -1
  377,19990908,    0
  377,19990909,    0
  377,19990910,    0
  377,19990911,    0
  377,19990912,    0
  377,19990913,    0
  377,19990914,    0
  377,19990915,   53
  377,19990916,   -1
  377,19990917,   36
  377,19990918,    0
  377,19990919,    1
  377,19990920,   17
  377,19990921,   -1
  377,19990922,   -1
  377,19990923,   38
  377,19990924,   -1
  377,19990925,    0
  377,19990926,   45
  377,19990927,    1
  377,19990928,   -1
  377,19990929,   74
  377,19990930,  137
  377,19991001,   46
  377,19991002,  113
  377,19991003,    6
  377,19991004,   20
  377,19991005,   20
  377,19991006,    0
  377,19991007,   -1
  377,19991008,   38
  377,19991009,    5
  377,19991010,    3
  377,19991011,   13
  377,19991012,    0
  377,19991013,    0
  377,19991014,    0
  377,19991015,    0
  377,19991016,    0
  377,19991017,    0
  377,19991018,    0
  377,19991019,    0
  377,19991020,    0
  377,19991021,   -1
  377,19991022,   68
  377,19991023,    2
  377,19991024,   21
  377,19991025,    1
  377,19991026,   -1
  377,19991027,    2
  377,19991028,    3
  377,19991029,    0
  377,19991030,   19
  377,19991031,    0
  377,19991101,   33
  377,19991102,   35
  377,19991103,    0
  377,19991104,    0
  377,19991105,    4
  377,19991106,    2
  377,19991107,   34
  377,19991108,   36
  377,19991109,   42
  377,19991110,   -1
  377,19991111,    0
  377,19991112,    0
  377,19991113,    4
  377,19991114,    6
  377,19991115,    0
  377,19991116,    6
  377,19991117,   14
  377,19991118,   30
  377,19991119,   10
  377,19991120,    7
  377,19991121,    0
  377,19991122,   18
  377,19991123,    0
  377,19991124,    0
  377,19991125,   19
  377,19991126,    0
  377,19991127,    6
  377,19991128,    0
  377,19991129,    0
  377,19991130,   -1
  377,19991201,   22
  377,19991202,   -1
  377,19991203,   47
  377,19991204,   42
  377,19991205,    6
  377,19991206,   11
  377,19991207,   30
  377,19991208,   -1
  377,19991209,   34
  377,19991210,   10
  377,19991211,  122
  377,19991212,  207
  377,19991213,   92
  377,19991214,    2
  377,19991215,   33
  377,19991216,    4
  377,19991217,   54
  377,19991218,   -1
  377,19991219,   -1
  377,19991220,    1
  377,19991221,    0
  377,19991222,    3
  377,19991223,   17
  377,19991224,  126
  377,19991225,  117
  377,19991226,  237
  377,19991227,   79
  377,19991228,   12
  377,19991229,    0
  377,19991230,   23
  377,19991231,    0
  377,20000101,   11
  377,20000102,   -1
  377,20000103,   -1
  377,20000104,  102
  377,20000105,    0
  377,20000106,   22
  377,20000107,    0
  377,20000108,    1
  377,20000109,    0
  377,20000110,    0
  377,20000111,    0
  377,20000112,    0
  377,20000113,   -1
  377,20000114,   -1
  377,20000115,    0
  377,20000116,    9
  377,20000117,    6
  377,20000118,   12
  377,20000119,    0
  377,20000120,    6
  377,20000121,   16
  377,20000122,   61
  377,20000123,    6
  377,20000124,    0
  377,20000125,    0
  377,20000126,    0
  377,20000127,    0
  377,20000128,    1
  377,20000129,  116
  377,20000130,   14
  377,20000131,    0
  377,20000201,   -1
  377,20000202,   12
  377,20000203,    0
  377,20000204,    5
  377,20000205,    0
  377,20000206,    4
  377,20000207,   43
  377,20000208,   79
  377,20000209,    2
  377,20000210,   64
  377,20000211,    0
  377,20000212,   58
  377,20000213,   -1
  377,20000214,   18
  377,20000215,   32
  377,20000216,   60
  377,20000217,    2
  377,20000218,   88
  377,20000219,   54
  377,20000220,    5
  377,20000221,   -1
  377,20000222,    0
  377,20000223,   -1
  377,20000224,   71
  377,20000225,  101
  377,20000226,    0
  377,20000227,    0
  377,20000228,   80
  377,20000229,   36
  377,20000301,   42
  377,20000302,   14
  377,20000303,  145
  377,20000304,   53
  377,20000305,    6
  377,20000306,    0
  377,20000307,   31
  377,20000308,   54
  377,20000309,   12
  377,20000310,    1
  377,20000311,    8
  377,20000312,    0
  377,20000313,   -1
  377,20000314,   18
  377,20000315,    5
  377,20000316,    1
  377,20000317,   -1
  377,20000318,    5
  377,20000319,    1
  377,20000320,    0
  377,20000321,    0
  377,20000322,    0
  377,20000323,    0
  377,20000324,   29
  377,20000325,   19
  377,20000326,   22
  377,20000327,    1
  377,20000328,   17
  377,20000329,    7
  377,20000330,    2
  377,20000331,   -1
  377,20000401,   20
  377,20000402,   -1
  377,20000403,   -1
  377,20000404,   52
  377,20000405,    1
  377,20000406,    0
  377,20000407,    0
  377,20000408,    0
  377,20000409,    0
  377,20000410,    0
  377,20000411,   20
  377,20000412,   13
  377,20000413,   23
  377,20000414,   11
  377,20000415,   26
  377,20000416,   -1
  377,20000417,   53
  377,20000418,    0
  377,20000419,    0
  377,20000420,    0
  377,20000421,    3
  377,20000422,  132
  377,20000423,   65
  377,20000424,   -1
  377,20000425,    0
  377,20000426,   -1
  377,20000427,    0
  377,20000428,   -1
  377,20000429,   33
  377,20000430,   -1
  377,20000501,    0
  377,20000502,    1
  377,20000503,   18
  377,20000504,   15
  377,20000505,    0
  377,20000506,    0
  377,20000507,   -1
  377,20000508,   38
  377,20000509,    0
  377,20000510,   11
  377,20000511,    0
  377,20000512,    0
  377,20000513,    0
  377,20000514,    0
  377,20000515,    0
  377,20000516,   18
  377,20000517,   41
  377,20000518,   37
  377,20000519,   56
  377,20000520,   -1
  377,20000521,   86
  377,20000522,    4
  377,20000523,   -1
  377,20000524,  122
  377,20000525,   33
  377,20000526,    1
  377,20000527,    3
  377,20000528,   72
  377,20000529,   22
  377,20000530,    9
  377,20000531,    0
  377,20000601,   -1
  377,20000602,    0
  377,20000603,   84
  377,20000604,    0
  377,20000605,  180
  377,20000606,   14
  377,20000607,   -1
  377,20000608,    0
  377,20000609,    0
  377,20000610,    0
  377,20000611,    0
  377,20000612,    0
  377,20000613,    0
  377,20000614,   -1
  377,20000615,   40
  377,20000616,    0
  377,20000617,    0
  377,20000618,    0
  377,20000619,    0
  377,20000620,    0
  377,20000621,   32
  377,20000622,    8
  377,20000623,   -1
  377,20000624,   58
  377,20000625,   33
  377,20000626,    0
  377,20000627,    0
  377,20000628,   -1
  377,20000629,   -1
  377,20000630,   -1
  377,20000701,    1
  377,20000702,  394
  377,20000703,   20
  377,20000704,   77
  377,20000705,   36
  377,20000706,    0
  377,20000707,   23
  377,20000708,    7
  377,20000709,   53
  377,20000710,   12
  377,20000711,   78
  377,20000712,   -1
  377,20000713,   26
  377,20000714,   61
  377,20000715,  123
  377,20000716,   12
  377,20000717,    0
  377,20000718,   -1
  377,20000719,    5
  377,20000720,    0
  377,20000721,    0
  377,20000722,    0
  377,20000723,    0
  377,20000724,  101
  377,20000725,    9
  377,20000726,   -1
  377,20000727,  309
  377,20000728,    2
  377,20000729,  122
  377,20000730,    1
  377,20000731,    0
  377,20000801,    2
  377,20000802,   -1
  377,20000803,   56
  377,20000804,   -1
  377,20000805,    0
  377,20000806,   -1
  377,20000807,   -1
  377,20000808,    3
  377,20000809,    0
  377,20000810,   -1
  377,20000811,    0
  377,20000812,    0
  377,20000813,    0
  377,20000814,    0
  377,20000815,   -1
  377,20000816,   73
  377,20000817,   16
  377,20000818,   11
  377,20000819,   15
  377,20000820,   73
  377,20000821,   56
  377,20000822,    0
  377,20000823,    0
  377,20000824,    0
  377,20000825,    0
  377,20000826,    0
  377,20000827,   22
  377,20000828,    0
  377,20000829,    0
  377,20000830,    0
  377,20000831,    0
  377,20000901,   38
  377,20000902,  156
  377,20000903,   -1
  377,20000904,    6
  377,20000905,   -1
  377,20000906,   77
  377,20000907,   -1
  377,20000908,    0
  377,20000909,    6
  377,20000910,    0
  377,20000911,    0
  377,20000912,   -1
  377,20000913,    0
  377,20000914,    0
  377,20000915,   38
  377,20000916,  111
  377,20000917,   74
  377,20000918,    0
  377,20000919,    9
  377,20000920,   53
  377,20000921,   -1
  377,20000922,    0
  377,20000923,    0
  377,20000924,    0
  377,20000925,   -1
  377,20000926,    3
  377,20000927,    0
  377,20000928,   36
  377,20000929,    0
  377,20000930,   51
  377,20001001,  227
  377,20001002,   -1
  377,20001003,    0
  377,20001004,   -1
  377,20001005,   10
  377,20001006,    4
  377,20001007,    0
  377,20001008,   35
  377,20001009,   16
  377,20001010,   64
  377,20001011,  101
  377,20001012,    0
  377,20001013,   -1
  377,20001014,    0
  377,20001015,    3
  377,20001016,   51
  377,20001017,    2
  377,20001018,    7
  377,20001019,  100
  377,20001020,    0
  377,20001021,    0
  377,20001022,    0
  377,20001023,    4
  377,20001024,    1
  377,20001025,   12
  377,20001026,   26
  377,20001027,   43
  377,20001028,   38
  377,20001029,   18
  377,20001030,   45
  377,20001031,    1
  377,20001101,  104
  377,20001102,   52
  377,20001103,   -1
  377,20001104,    0
  377,20001105,    0
  377,20001106,   58
  377,20001107,   30
  377,20001108,   52
  377,20001109,   -1
  377,20001110,    0
  377,20001111,   -1
  377,20001112,   87
  377,20001113,    0
  377,20001114,    2
  377,20001115,    8
  377,20001116,   17
  377,20001117,    7
  377,20001118,   34
  377,20001119,   17
  377,20001120,   29
  377,20001121,   31
  377,20001122,    4
  377,20001123,   81
  377,20001124,   -1
  377,20001125,   55
  377,20001126,    6
  377,20001127,   -1
  377,20001128,   79
  377,20001129,    0
  377,20001130,    0
  377,20001201,   16
  377,20001202,    1
  377,20001203,   -1
  377,20001204,    9
  377,20001205,    1
  377,20001206,   41
  377,20001207,   28
  377,20001208,   10
  377,20001209,   37
  377,20001210,   58
  377,20001211,   41
  377,20001212,   66
  377,20001213,    6
  377,20001214,   -1
  377,20001215,   21
  377,20001216,    0
  377,20001217,   -1
  377,20001218,    5
  377,20001219,    1
  377,20001220,    0
  377,20001221,    0
  377,20001222,    0
  377,20001223,    0
  377,20001224,   -1
  377,20001225,    7
  377,20001226,    4
  377,20001227,   23
  377,20001228,    6
  377,20001229,   31
  377,20001230,    7
  377,20001231,    0
  377,20010101,   62
  377,20010102,    2
  377,20010103,   26
  377,20010104,   23
  377,20010105,  151
  377,20010106,   22
  377,20010107,    5
  377,20010108,   18
  377,20010109,   13
  377,20010110,   16
  377,20010111,   25
  377,20010112,    0
  377,20010113,    0
  377,20010114,    0
  377,20010115,    0
  377,20010116,    0
  377,20010117,    0
  377,20010118,    1
  377,20010119,    0
  377,20010120,    2
  377,20010121,   79
  377,20010122,   89
  377,20010123,   15
  377,20010124,   39
  377,20010125,   33
  377,20010126,    9
  377,20010127,  122
  377,20010128,   -1
  377,20010129,    2
  377,20010130,    0
  377,20010131,    0
  377,20010201,    9
  377,20010202,   60
  377,20010203,  121
  377,20010204,   81
  377,20010205,   35
  377,20010206,   47
  377,20010207,   19
  377,20010208,   16
  377,20010209,   -1
  377,20010210,    6
  377,20010211,    0
  377,20010212,   50
  377,20010213,    0
  377,20010214,    0
  377,20010215,    0
  377,20010216,   34
  377,20010217,   -1
  377,20010218,    0
  377,20010219,    6
  377,20010220,    0
  377,20010221,   46
  377,20010222,   54
  377,20010223,   58
  377,20010224,    4
  377,20010225,    7
  377,20010226,    6
  377,20010227,    0
  377,20010228,    0
  377,20010301,    3
  377,20010302,   24
  377,20010303,    0
  377,20010304,   10
  377,20010305,    0
  377,20010306,    0
  377,20010307,   53
  377,20010308,   11
  377,20010309,    9
  377,20010310,   77
  377,20010311,   11
  377,20010312,   41
  377,20010313,   53
  377,20010314,   -1
  377,20010315,   13
  377,20010316,    0
  377,20010317,   -1
  377,20010318,  185
  377,20010319,    4
  377,20010320,    0
  377,20010321,   63
  377,20010322,   15
  377,20010323,  103
  377,20010324,   33
  377,20010325,   40
  377,20010326,    0
  377,20010327,    0
  377,20010328,   11
  377,20010329,  114
  377,20010330,   21
  377,20010331,    0
  377,20010401,    3
  377,20010402,   -1
  377,20010403,    5
  377,20010404,   39
  377,20010405,   23
  377,20010406,   24
  377,20010407,   16
  377,20010408,    1
  377,20010409,    3
  377,20010410,  103
  377,20010411,    2
  377,20010412,    3
  377,20010413,   -1
  377,20010414,   70
  377,20010415,   72
  377,20010416,   17
  377,20010417,   -1
  377,20010418,   37
  377,20010419,   42
  377,20010420,   -1
  377,20010421,    0
  377,20010422,    0
  377,20010423,    0
  377,20010424,   56
  377,20010425,    3
  377,20010426,   59
  377,20010427,   88
  377,20010428,   25
  377,20010429,   24
  377,20010430,   -1
  377,20010501,    0
  377,20010502,   -1
  377,20010503,   74
  377,20010504,    4
  377,20010505,    0
  377,20010506,   -1
  377,20010507,   -1
  377,20010508,    0
  377,20010509,    0
  377,20010510,    0
  377,20010511,    0
  377,20010512,    0
  377,20010513,    0
  377,20010514,  105
  377,20010515,   19
  377,20010516,   42
  377,20010517,   29
  377,20010518,   -1
  377,20010519,    0
  377,20010520,    0
  377,20010521,    0
  377,20010522,    0
  377,20010523,    0
  377,20010524,    0
  377,20010525,    0
  377,20010526,    0
  377,20010527,   -1
  377,20010528,    0
  377,20010529,    0
  377,20010530,   -1
  377,20010531,    0
  377,20010601,   28
  377,20010602,  132
  377,20010603,    6
  377,20010604,    0
  377,20010605,    0
  377,20010606,   -1
  377,20010607,   27
  377,20010608,    1
  377,20010609,    0
  377,20010610,    7
  377,20010611,    9
  377,20010612,    0
  377,20010613,    0
  377,20010614,    0
  377,20010615,    7
  377,20010616,   94
  377,20010617,   77
  377,20010618,    0
  377,20010619,    0
  377,20010620,    0
  377,20010621,    0
  377,20010622,    0
  377,20010623,    0
  377,20010624,    0
  377,20010625,    0
  377,20010626,    0
  377,20010627,    9
  377,20010628,   -1
  377,20010629,   -1
  377,20010630,    2
  377,20010701,    0
  377,20010702,    0
  377,20010703,    0
  377,20010704,    0
  377,20010705,    0
  377,20010706,    4
  377,20010707,   19
  377,20010708,   10
  377,20010709,    0
  377,20010710,   27
  377,20010711,   14
  377,20010712,   -1
  377,20010713,    0
  377,20010714,   80
  377,20010715,    0
  377,20010716,    0
  377,20010717,   39
  377,20010718,   51
  377,20010719,   25
  377,20010720,   47
  377,20010721,    6
  377,20010722,    0
  377,20010723,   21
  377,20010724,    0
  377,20010725,    0
  377,20010726,    0
  380,19960726,    0
  380,19960727,    0
  380,19960728,    0
  380,19960729,   38
  380,19960730,   13
  380,19960731,    0
  380,19960801,    0
  380,19960802,    0
  380,19960803,    0
  380,19960804,    0
  380,19960805,    0
  380,19960806,    5
  380,19960807,    0
  380,19960808,    0
  380,19960809,    0
  380,19960810,   51
  380,19960811,   35
  380,19960812,  107
  380,19960813,  225
  380,19960814,    2
  380,19960815,   -1
  380,19960816,    0
  380,19960817,    0
  380,19960818,    0
  380,19960819,    0
  380,19960820,  191
  380,19960821,  118
  380,19960822,    0
  380,19960823,   40
  380,19960824,   17
  380,19960825,   31
  380,19960826,   -1
  380,19960827,    6
  380,19960828,  459
  380,19960829,  392
  380,19960830,  192
  380,19960831,    1
  380,19960901,    3
  380,19960902,    0
  380,19960903,    0
  380,19960904,    0
  380,19960905,    0
  380,19960906,    0
  380,19960907,    0
  380,19960908,    0
  380,19960909,   -1
  380,19960910,    2
  380,19960911,    4
  380,19960912,  143
  380,19960913,    4
  380,19960914,    7
  380,19960915,   -1
  380,19960916,    0
  380,19960917,    0
  380,19960918,    0
  380,19960919,    0
  380,19960920,    0
  380,19960921,   13
  380,19960922,    3
  380,19960923,   16
  380,19960924,  127
  380,19960925,    0
  380,19960926,    0
  380,19960927,   34
  380,19960928,    1
  380,19960929,    5
  380,19960930,   14
  380,19961001,  237
  380,19961002,    0
  380,19961003,    0
  380,19961004,   15
  380,19961005,   10
  380,19961006,    0
  380,19961007,    0
  380,19961008,    0
  380,19961009,    0
  380,19961010,    0
  380,19961011,    0
  380,19961012,    0
  380,19961013,    0
  380,19961014,    0
  380,19961015,   -1
  380,19961016,    0
  380,19961017,    0
  380,19961018,   11
  380,19961019,    2
  380,19961020,   92
  380,19961021,   56
  380,19961022,    0
  380,19961023,    0
  380,19961024,    0
  380,19961025,   -1
  380,19961026,   -1
  380,19961027,   69
  380,19961028,    7
  380,19961029,   57
  380,19961030,   -1
  380,19961031,   83
  380,19961101,   31
  380,19961102,   -1
  380,19961103,    1
  380,19961104,   39
  380,19961105,   12
  380,19961106,   21
  380,19961107,   44
  380,19961108,    9
  380,19961109,   -1
  380,19961110,   46
  380,19961111,  102
  380,19961112,    5
  380,19961113,   21
  380,19961114,    0
  380,19961115,    0
  380,19961116,    0
  380,19961117,    0
  380,19961118,   80
  380,19961119,   12
  380,19961120,   60
  380,19961121,    2
  380,19961122,    0
  380,19961123,   28
  380,19961124,   15
  380,19961125,   69
  380,19961126,    7
  380,19961127,   -1
  380,19961128,    3
  380,19961129,  121
  380,19961130,   19
  380,19961201,    4
  380,19961202,   27
  380,19961203,  105
  380,19961204,   17
  380,19961205,   66
  380,19961206,   10
  380,19961207,    0
  380,19961208,    0
  380,19961209,    0
  380,19961210,    0
  380,19961211,   -1
  380,19961212,    0
  380,19961213,   23
  380,19961214,    0
  380,19961215,   -1
  380,19961216,    0
  380,19961217,   25
  380,19961218,   -1
  380,19961219,   48
  380,19961220,   38
  380,19961221,    0
  380,19961222,    0
  380,19961223,    0
  380,19961224,    0
  380,19961225,    0
  380,19961226,    0
  380,19961227,    0
  380,19961228,    0
  380,19961229,   28
  380,19961230,   31
  380,19961231,   -1
  380,19970101,    0
  380,19970102,   -1
  380,19970103,    2
  380,19970104,   -1
  380,19970105,   -1
  380,19970106,    0
  380,19970107,    0
  380,19970108,    0
  380,19970109,    0
  380,19970110,   -1
  380,19970111,   -1
  380,19970112,    0
  380,19970113,    0
  380,19970114,    0
  380,19970115,    0
  380,19970116,    0
  380,19970117,    0
  380,19970118,   -1
  380,19970119,   33
  380,19970120,    2
  380,19970121,    0
  380,19970122,   -1
  380,19970123,    0
  380,19970124,   -1
  380,19970125,    0
  380,19970126,   -1
  380,19970127,    3
  380,19970128,   -1
  380,19970129,   -1
  380,19970130,    0
  380,19970131,    2
  380,19970201,    0
  380,19970202,   -1
  380,19970203,    5
  380,19970204,   43
  380,19970205,  109
  380,19970206,    0
  380,19970207,    4
  380,19970208,    6
  380,19970209,   -1
  380,19970210,   17
  380,19970211,   23
  380,19970212,  145
  380,19970213,  191
  380,19970214,    0
  380,19970215,    0
  380,19970216,    0
  380,19970217,    2
  380,19970218,   97
  380,19970219,    7
  380,19970220,    6
  380,19970221,   17
  380,19970222,    0
  380,19970223,    0
  380,19970224,  142
  380,19970225,   52
  380,19970226,   63
  380,19970227,   37
  380,19970228,    0
  380,19970301,    3
  380,19970302,   45
  380,19970303,   29
  380,19970304,   11
  380,19970305,   -1
  380,19970306,    9
  380,19970307,    0
  380,19970308,    0
  380,19970309,    0
  380,19970310,    0
  380,19970311,    0
  380,19970312,    0
  380,19970313,    0
  380,19970314,   12
  380,19970315,    5
  380,19970316,   -1
  380,19970317,   -1
  380,19970318,   30
  380,19970319,   67
  380,19970320,    1
  380,19970321,    5
  380,19970322,    0
  380,19970323,   17
  380,19970324,   -1
  380,19970325,   20
  380,19970326,    2
  380,19970327,    3
  380,19970328,   50
  380,19970329,   -1
  380,19970330,    0
  380,19970331,    0
  380,19970401,    0
  380,19970402,    0
  380,19970403,    4
  380,19970404,    0
  380,19970405,  134
  380,19970406,    0
  380,19970407,    0
  380,19970408,    0
  380,19970409,    0
  380,19970410,    0
  380,19970411,   -1
  380,19970412,    0
  380,19970413,    0
  380,19970414,    1
  380,19970415,    0
  380,19970416,   -1
  380,19970417,    0
  380,19970418,    0
  380,19970419,    0
  380,19970420,    0
  380,19970421,    0
  380,19970422,    7
  380,19970423,    0
  380,19970424,    0
  380,19970425,   58
  380,19970426,   58
  380,19970427,  186
  380,19970428,   10
  380,19970429,   78
  380,19970430,   -1
  380,19970501,    0
  380,19970502,    0
  380,19970503,    0
  380,19970504,   79
  380,19970505,  158
  380,19970506,  244
  380,19970507,   -1
  380,19970508,    5
  380,19970509,   73
  380,19970510,    3
  380,19970511,   24
  380,19970512,    2
  380,19970513,   -1
  380,19970514,   81
  380,19970515,   -1
  380,19970516,   -1
  380,19970517,    2
  380,19970518,  123
  380,19970519,   -1
  380,19970520,  132
  380,19970521,   53
  380,19970522,    1
  380,19970523,   -1
  380,19970524,    0
  380,19970525,    0
  380,19970526,    0
  380,19970527,    0
  380,19970528,    0
  380,19970529,    0
  380,19970530,    0
  380,19970531,    0
  380,19970601,   -1
  380,19970602,    0
  380,19970603,    0
  380,19970604,    0
  380,19970605,    0
  380,19970606,    0
  380,19970607,   11
  380,19970608,   66
  380,19970609,    0
  380,19970610,    0
  380,19970611,  171
  380,19970612,    4
  380,19970613,  181
  380,19970614,   30
  380,19970615,    3
  380,19970616,   -1
  380,19970617,   -1
  380,19970618,    0
  380,19970619,    3
  380,19970620,   58
  380,19970621,   27
  380,19970622,   18
  380,19970623,   38
  380,19970624,   10
  380,19970625,   19
  380,19970626,   56
  380,19970627,   26
  380,19970628,    7
  380,19970629,  125
  380,19970630,   10
  380,19970701,   13
  380,19970702,   32
  380,19970703,   -1
  380,19970704,   62
  380,19970705,   49
  380,19970706,    3
  380,19970707,   -1
  380,19970708,    0
  380,19970709,   -1
  380,19970710,    0
  380,19970711,    0
  380,19970712,   -1
  380,19970713,    0
  380,19970714,   89
  380,19970715,    0
  380,19970716,   19
  380,19970717,   65
  380,19970718,  121
  380,19970719,   17
  380,19970720,   20
  380,19970721,   49
  380,19970722,   -1
  380,19970723,    0
  380,19970724,   13
  380,19970725,   61
  380,19970726,    5
  380,19970727,    4
  380,19970728,    0
  380,19970729,    0
  380,19970730,   -1
  380,19970731,   14
  380,19970801,   73
  380,19970802,   42
  380,19970803,    7
  380,19970804,    0
  380,19970805,    0
  380,19970806,    0
  380,19970807,    0
  380,19970808,    0
  380,19970809,    0
  380,19970810,    0
  380,19970811,    0
  380,19970812,    0
  380,19970813,    0
  380,19970814,    0
  380,19970815,    0
  380,19970816,    0
  380,19970817,    0
  380,19970818,    0
  380,19970819,    0
  380,19970820,    0
  380,19970821,    0
  380,19970822,   10
  380,19970823,    0
  380,19970824,    7
  380,19970825,   -1
  380,19970826,   40
  380,19970827,  116
  380,19970828,   37
  380,19970829,    5
  380,19970830,   -1
  380,19970831,    0
  380,19970901,  225
  380,19970902,   44
  380,19970903,    0
  380,19970904,   -1
  380,19970905,   -1
  380,19970906,    0
  380,19970907,   20
  380,19970908,    0
  380,19970909,    0
  380,19970910,    0
  380,19970911,    0
  380,19970912,   19
  380,19970913,   -1
  380,19970914,    0
  380,19970915,    0
  380,19970916,    0
  380,19970917,    0
  380,19970918,    0
  380,19970919,   -1
  380,19970920,    0
  380,19970921,    0
  380,19970922,    0
  380,19970923,    0
  380,19970924,    0
  380,19970925,    0
  380,19970926,    0
  380,19970927,   -1
  380,19970928,    0
  380,19970929,    0
  380,19970930,    0
  380,19971001,   -1
  380,19971002,   -1
  380,19971003,    0
  380,19971004,    0
  380,19971005,    0
  380,19971006,    0
  380,19971007,   13
  380,19971008,   44
  380,19971009,  293
  380,19971010,  218
  380,19971011,   58
  380,19971012,   32
  380,19971013,   25
  380,19971014,   36
  380,19971015,   61
  380,19971016,    0
  380,19971017,    0
  380,19971018,    0
  380,19971019,    0
  380,19971020,    2
  380,19971021,    0
  380,19971022,    0
  380,19971023,    0
  380,19971024,   -1
  380,19971025,   -1
  380,19971026,    2
  380,19971027,    2
  380,19971028,    0
  380,19971029,    0
  380,19971030,    0
  380,19971031,    0
  380,19971101,    0
  380,19971102,    0
  380,19971103,    0
  380,19971104,   24
  380,19971105,    1
  380,19971106,  145
  380,19971107,   -1
  380,19971108,    7
  380,19971109,    7
  380,19971110,   -1
  380,19971111,   19
  380,19971112,    1
  380,19971113,    0
  380,19971114,    0
  380,19971115,   30
  380,19971116,    0
  380,19971117,    0
  380,19971118,    0
  380,19971119,   -1
  380,19971120,   68
  380,19971121,    4
  380,19971122,    0
  380,19971123,    0
  380,19971124,    0
  380,19971125,   -1
  380,19971126,   -1
  380,19971127,   36
  380,19971128,   49
  380,19971129,    2
  380,19971130,   24
  380,19971201,    0
  380,19971202,    0
  380,19971203,   -1
  380,19971204,   -1
  380,19971205,    0
  380,19971206,    4
  380,19971207,    0
  380,19971208,    7
  380,19971209,   43
  380,19971210,   76
  380,19971211,   60
  380,19971212,  103
  380,19971213,    1
  380,19971214,   38
  380,19971215,    0
  380,19971216,   -1
  380,19971217,   -1
  380,19971218,    4
  380,19971219,    8
  380,19971220,    4
  380,19971221,  107
  380,19971222,    1
  380,19971223,   12
  380,19971224,   62
  380,19971225,   48
  380,19971226,   23
  380,19971227,   19
  380,19971228,   47
  380,19971229,   41
  380,19971230,    0
  380,19971231,   29
  380,19980101,    1
  380,19980102,   89
  380,19980103,   37
  380,19980104,   15
  380,19980105,   49
  380,19980106,    3
  380,19980107,   52
  380,19980108,    1
  380,19980109,    0
  380,19980110,    0
  380,19980111,    0
  380,19980112,    0
  380,19980113,   -1
  380,19980114,    1
  380,19980115,   17
  380,19980116,    6
  380,19980117,    1
  380,19980118,   30
  380,19980119,   38
  380,19980120,   66
  380,19980121,   -1
  380,19980122,    0
  380,19980123,   -1
  380,19980124,    1
  380,19980125,   -1
  380,19980126,    0
  380,19980127,    0
  380,19980128,    1
  380,19980129,   -1
  380,19980130,    1
  380,19980131,    4
  380,19980201,    0
  380,19980202,    3
  380,19980203,    3
  380,19980204,    0
  380,19980205,    0
  380,19980206,    0
  380,19980207,   14
  380,19980208,    0
  380,19980209,    0
  380,19980210,    0
  380,19980211,    0
  380,19980212,    0
  380,19980213,    0
  380,19980214,    0
  380,19980215,    0
  380,19980216,   14
  380,19980217,    5
  380,19980218,    0
  380,19980219,    2
  380,19980220,   -1
  380,19980221,    2
  380,19980222,   23
  380,19980223,    1
  380,19980224,    2
  380,19980225,   -1
  380,19980226,   -1
  380,19980227,    2
  380,19980228,   43
  380,19980301,   77
  380,19980302,   34
  380,19980303,   88
  380,19980304,  137
  380,19980305,   33
  380,19980306,  218
  380,19980307,   49
  380,19980308,   86
  380,19980309,    0
  380,19980310,    0
  380,19980311,   17
  380,19980312,   26
  380,19980313,    5
  380,19980314,   14
  380,19980315,    3
  380,19980316,    5
  380,19980317,    0
  380,19980318,    0
  380,19980319,    0
  380,19980320,   13
  380,19980321,    8
  380,19980322,    5
  380,19980323,   13
  380,19980324,    0
  380,19980325,    0
  380,19980326,   16
  380,19980327,   19
  380,19980328,    0
  380,19980329,    0
  380,19980330,    0
  380,19980331,    0
  380,19980401,   62
  380,19980402,   25
  380,19980403,  107
  380,19980404,    7
  380,19980405,   27
  380,19980406,   10
  380,19980407,  236
  380,19980408,   31
  380,19980409,    1
  380,19980410,   18
  380,19980411,   27
  380,19980412,   -1
  380,19980413,    2
  380,19980414,    3
  380,19980415,   27
  380,19980416,   29
  380,19980417,   30
  380,19980418,    0
  380,19980419,   -1
  380,19980420,   39
  380,19980421,   -1
  380,19980422,    0
  380,19980423,    4
  380,19980424,    6
  380,19980425,   16
  380,19980426,   66
  380,19980427,  103
  380,19980428,    4
  380,19980429,    0
  380,19980430,    0
  380,19980501,   10
  380,19980502,   -1
  380,19980503,    8
  380,19980504,    0
  380,19980505,    9
  380,19980506,   24
  380,19980507,    8
  380,19980508,    0
  380,19980509,    0
  380,19980510,    0
  380,19980511,    0
  380,19980512,    0
  380,19980513,    0
  380,19980514,    0
  380,19980515,    0
  380,19980516,    0
  380,19980517,    0
  380,19980518,    0
  380,19980519,    0
  380,19980520,    0
  380,19980521,    1
  380,19980522,    0
  380,19980523,    4
  380,19980524,   27
  380,19980525,   37
  380,19980526,   17
  380,19980527,   99
  380,19980528,  141
  380,19980529,   35
  380,19980530,    0
  380,19980531,   27
  380,19980601,   25
  380,19980602,  173
  380,19980603,  130
  380,19980604,    0
  380,19980605,    5
  380,19980606,  244
  380,19980607,   88
  380,19980608,   -1
  380,19980609,   54
  380,19980610,  100
  380,19980611,   76
  380,19980612,   58
  380,19980613,    4
  380,19980614,  118
  380,19980615,   50
  380,19980616,   78
  380,19980617,   20
  380,19980618,    3
  380,19980619,    0
  380,19980620,    0
  380,19980621,  118
  380,19980622,    0
  380,19980623,   -1
  380,19980624,    0
  380,19980625,   38
  380,19980626,   -1
  380,19980627,   48
  380,19980628,   -1
  380,19980629,   -1
  380,19980630,   89
  380,19980701,    0
  380,19980702,    0
  380,19980703,   -1
  380,19980704,    0
  380,19980705,    4
  380,19980706,   14
  380,19980707,    2
  380,19980708,   16
  380,19980709,    4
  380,19980710,   11
  380,19980711,   35
  380,19980712,   43
  380,19980713,   61
  380,19980714,   -1
  380,19980715,   58
  380,19980716,   84
  380,19980717,    6
  380,19980718,   -1
  380,19980719,    0
  380,19980720,    0
  380,19980721,   -1
  380,19980722,    0
  380,19980723,    2
  380,19980724,    0
  380,19980725,    0
  380,19980726,    0
  380,19980727,    5
  380,19980728,   14
  380,19980729,   98
  380,19980730,    9
  380,19980731,   15
  380,19980801,    1
  380,19980802,   66
  380,19980803,   -1
  380,19980804,   39
  380,19980805,    0
  380,19980806,    0
  380,19980807,    0
  380,19980808,    0
  380,19980809,    0
  380,19980810,    0
  380,19980811,    0
  380,19980812,    0
  380,19980813,    0
  380,19980814,    0
  380,19980815,    0
  380,19980816,    0
  380,19980817,    0
  380,19980818,    0
  380,19980819,    0
  380,19980820,    0
  380,19980821,   67
  380,19980822,   19
  380,19980823,  128
  380,19980824,  134
  380,19980825,    0
  380,19980826,   58
  380,19980827,    7
  380,19980828,    0
  380,19980829,    6
  380,19980830,   25
  380,19980831,    0
  380,19980901,   -1
  380,19980902,    7
  380,19980903,  140
  380,19980904,    3
  380,19980905,   73
  380,19980906,   65
  380,19980907,   18
  380,19980908,   17
  380,19980909,   45
  380,19980910,   33
  380,19980911,    1
  380,19980912,  114
  380,19980913,  177
  380,19980914,  218
  380,19980915,   92
  380,19980916,   35
  380,19980917,   22
  380,19980918,    0
  380,19980919,    8
  380,19980920,    0
  380,19980921,    0
  380,19980922,    0
  380,19980923,    0
  380,19980924,    0
  380,19980925,    2
  380,19980926,   28
  380,19980927,    9
  380,19980928,   96
  380,19980929,    0
  380,19980930,   19
  380,19981001,   11
  380,19981002,   25
  380,19981003,    0
  380,19981004,   12
  380,19981005,   -1
  380,19981006,   54
  380,19981007,    8
  380,19981008,  154
  380,19981009,   -1
  380,19981010,   96
  380,19981011,   33
  380,19981012,   99
  380,19981013,    2
  380,19981014,   77
  380,19981015,    0
  380,19981016,    0
  380,19981017,   42
  380,19981018,    6
  380,19981019,   16
  380,19981020,    6
  380,19981021,    3
  380,19981022,   13
  380,19981023,   96
  380,19981024,  131
  380,19981025,   70
  380,19981026,   25
  380,19981027,  104
  380,19981028,  101
  380,19981029,   93
  380,19981030,   25
  380,19981031,  179
  380,19981101,  127
  380,19981102,   45
  380,19981103,   22
  380,19981104,   48
  380,19981105,    9
  380,19981106,    2
  380,19981107,    0
  380,19981108,   80
  380,19981109,  110
  380,19981110,   26
  380,19981111,    0
  380,19981112,   -1
  380,19981113,   29
  380,19981114,  140
  380,19981115,   21
  380,19981116,   54
  380,19981117,    0
  380,19981118,    7
  380,19981119,   13
  380,19981120,    0
  380,19981121,    0
  380,19981122,    0
  380,19981123,    0
  380,19981124,    0
  380,19981125,   -1
  380,19981126,   83
  380,19981127,   16
  380,19981128,   10
  380,19981129,   45
  380,19981130,   -1
  380,19981201,    0
  380,19981202,   -1
  380,19981203,   -1
  380,19981204,   15
  380,19981205,   24
  380,19981206,    4
  380,19981207,    0
  380,19981208,    4
  380,19981209,   55
  380,19981210,   -1
  380,19981211,   18
  380,19981212,  111
  380,19981213,   11
  380,19981214,   13
  380,19981215,   27
  380,19981216,    1
  380,19981217,    0
  380,19981218,   23
  380,19981219,    8
  380,19981220,    0
  380,19981221,   -1
  380,19981222,    7
  380,19981223,    2
  380,19981224,    5
  380,19981225,    7
  380,19981226,    7
  380,19981227,   71
  380,19981228,   69
  380,19981229,    0
  380,19981230,    0
  380,19981231,   -1
  380,19990101,    0
  380,19990102,   24
  380,19990103,   80
  380,19990104,   58
  380,19990105,    0
  380,19990106,    0
  380,19990107,   86
  380,19990108,   32
  380,19990109,  129
  380,19990110,   -1
  380,19990111,   -1
  380,19990112,   93
  380,19990113,   24
  380,19990114,   17
  380,19990115,    9
  380,19990116,   74
  380,19990117,   57
  380,19990118,    0
  380,19990119,    0
  380,19990120,    0
  380,19990121,    1
  380,19990122,    2
  380,19990123,    0
  380,19990124,   13
  380,19990125,  173
  380,19990126,   38
  380,19990127,   61
  380,19990128,   67
  380,19990129,    0
  380,19990130,    0
  380,19990131,   -1
  380,19990201,    6
  380,19990202,   -1
  380,19990203,    0
  380,19990204,    4
  380,19990205,   36
  380,19990206,   53
  380,19990207,   64
  380,19990208,   15
  380,19990209,   -1
  380,19990210,   31
  380,19990211,   -1
  380,19990212,    0
  380,19990213,    0
  380,19990214,    2
  380,19990215,    9
  380,19990216,   31
  380,19990217,   27
  380,19990218,   19
  380,19990219,   53
  380,19990220,   43
  380,19990221,  119
  380,19990222,  114
  380,19990223,  177
  380,19990224,    1
  380,19990225,    0
  380,19990226,   -1
  380,19990227,    5
  380,19990228,   -1
  380,19990301,  174
  380,19990302,   25
  380,19990303,   57
  380,19990304,    3
  380,19990305,   29
  380,19990306,    4
  380,19990307,   23
  380,19990308,  109
  380,19990309,   33
  380,19990310,    5
  380,19990311,    0
  380,19990312,    0
  380,19990313,   -1
  380,19990314,    0
  380,19990315,    0
  380,19990316,    0
  380,19990317,   -1
  380,19990318,   55
  380,19990319,    0
  380,19990320,   -1
  380,19990321,   47
  380,19990322,  124
  380,19990323,   79
  380,19990324,    0
  380,19990325,   -1
  380,19990326,   47
  380,19990327,    0
  380,19990328,    0
  380,19990329,    0
  380,19990330,    0
  380,19990331,    0
  380,19990401,    0
  380,19990402,   -1
  380,19990403,   22
  380,19990404,    7
  380,19990405,   85
  380,19990406,    6
  380,19990407,   27
  380,19990408,    0
  380,19990409,    0
  380,19990410,   15
  380,19990411,    6
  380,19990412,   74
  380,19990413,   51
  380,19990414,  102
  380,19990415,   15
  380,19990416,   13
  380,19990417,   -1
  380,19990418,   -1
  380,19990419,   69
  380,19990420,   14
  380,19990421,   27
  380,19990422,   20
  380,19990423,   -1
  380,19990424,    0
  380,19990425,    0
  380,19990426,    1
  380,19990427,    0
  380,19990428,   -1
  380,19990429,    0
  380,19990430,    0
  380,19990501,    0
  380,19990502,    0
  380,19990503,    0
  380,19990504,    0
  380,19990505,   44
  380,19990506,  131
  380,19990507,   11
  380,19990508,   25
  380,19990509,    0
  380,19990510,  176
  380,19990511,    6
  380,19990512,   85
  380,19990513,    2
  380,19990514,   79
  380,19990515,    2
  380,19990516,    0
  380,19990517,    0
  380,19990518,   -1
  380,19990519,   23
  380,19990520,    6
  380,19990521,    0
  380,19990522,   -1
  380,19990523,    0
  380,19990524,    0
  380,19990525,    0
  380,19990526,    0
  380,19990527,    0
  380,19990528,   -1
  380,19990529,    1
  380,19990530,  176
  380,19990531,   -1
  380,19990601,    7
  380,19990602,    7
  380,19990603,   29
  380,19990604,  108
  380,19990605,  126
  380,19990606,   25
  380,19990607,   54
  380,19990608,    5
  380,19990609,    0
  380,19990610,    1
  380,19990611,    1
  380,19990612,    0
  380,19990613,    5
  380,19990614,   -1
  380,19990615,   -1
  380,19990616,    0
  380,19990617,    0
  380,19990618,    0
  380,19990619,    0
  380,19990620,   99
  380,19990621,   84
  380,19990622,    0
  380,19990623,    0
  380,19990624,    0
  380,19990625,    0
  380,19990626,    9
  380,19990627,   31
  380,19990628,   20
  380,19990629,   55
  380,19990630,   18
  380,19990701,   41
  380,19990702,    0
  380,19990703,    0
  380,19990704,  350
  380,19990705,   30
  380,19990706,   -1
  380,19990707,   -1
  380,19990708,    0
  380,19990709,    0
  380,19990710,    0
  380,19990711,    0
  380,19990712,    0
  380,19990713,    0
  380,19990714,   53
  380,19990715,   -1
  380,19990716,    0
  380,19990717,    0
  380,19990718,    0
  380,19990719,   15
  380,19990720,   50
  380,19990721,    0
  380,19990722,   19
  380,19990723,    0
  380,19990724,    0
  380,19990725,    0
  380,19990726,    0
  380,19990727,    0
  380,19990728,    0
  380,19990729,    0
  380,19990730,    0
  380,19990731,    0
  380,19990801,    0
  380,19990802,    0
  380,19990803,    0
  380,19990804,    0
  380,19990805,   84
  380,19990806,    0
  380,19990807,   47
  380,19990808,    2
  380,19990809,    3
  380,19990810,  144
  380,19990811,    2
  380,19990812,    0
  380,19990813,    0
  380,19990814,  138
  380,19990815,   40
  380,19990816,   45
  380,19990817,    8
  380,19990818,   78
  380,19990819,   18
  380,19990820,   39
  380,19990821,   -1
  380,19990822,    0
  380,19990823,    0
  380,19990824,   -1
  380,19990825,   16
  380,19990826,    1
  380,19990827,    0
  380,19990828,    0
  380,19990829,    0
  380,19990830,    0
  380,19990831,    0
  380,19990901,    0
  380,19990902,    0
  380,19990903,    0
  380,19990904,    0
  380,19990905,    0
  380,19990906,    1
  380,19990907,    0
  380,19990908,    0
  380,19990909,    0
  380,19990910,    0
  380,19990911,    0
  380,19990912,    0
  380,19990913,   14
  380,19990914,    0
  380,19990915,   31
  380,19990916,    0
  380,19990917,   87
  380,19990918,    0
  380,19990919,    5
  380,19990920,    9
  380,19990921,    3
  380,19990922,   49
  380,19990923,  109
  380,19990924,   -1
  380,19990925,    0
  380,19990926,   49
  380,19990927,    6
  380,19990928,   39
  380,19990929,   67
  380,19990930,  126
  380,19991001,   19
  380,19991002,  142
  380,19991003,   -1
  380,19991004,   13
  380,19991005,   23
  380,19991006,    0
  380,19991007,   -1
  380,19991008,   75
  380,19991009,   14
  380,19991010,   13
  380,19991011,   13
  380,19991012,    0
  380,19991013,    0
  380,19991014,    0
  380,19991015,    0
  380,19991016,    0
  380,19991017,    0
  380,19991018,    0
  380,19991019,    0
  380,19991020,    0
  380,19991021,    1
  380,19991022,   46
  380,19991023,    0
  380,19991024,   11
  380,19991025,   -1
  380,19991026,    3
  380,19991027,    0
  380,19991028,    0
  380,19991029,    0
  380,19991030,   26
  380,19991031,   -1
  380,19991101,    9
  380,19991102,  105
  380,19991103,    0
  380,19991104,    0
  380,19991105,    5
  380,19991106,   -1
  380,19991107,    8
  380,19991108,   41
  380,19991109,   73
  380,19991110,    4
  380,19991111,   -1
  380,19991112,    0
  380,19991113,   -1
  380,19991114,   20
  380,19991115,    0
  380,19991116,   13
  380,19991117,   25
  380,19991118,   12
  380,19991119,   14
  380,19991120,   15
  380,19991121,    0
  380,19991122,   31
  380,19991123,    9
  380,19991124,    0
  380,19991125,   18
  380,19991126,    0
  380,19991127,   12
  380,19991128,    0
  380,19991129,    0
  380,19991130,   -1
  380,19991201,   24
  380,19991202,    4
  380,19991203,   45
  380,19991204,    7
  380,19991205,    4
  380,19991206,   17
  380,19991207,   77
  380,19991208,   -1
  380,19991209,   46
  380,19991210,   -1
  380,19991211,   97
  380,19991212,  217
  380,19991213,   43
  380,19991214,   11
  380,19991215,   23
  380,19991216,    8
  380,19991217,  106
  380,19991218,    1
  380,19991219,    2
  380,19991220,    2
  380,19991221,   -1
  380,19991222,    6
  380,19991223,   39
  380,19991224,   96
  380,19991225,   35
  380,19991226,  195
  380,19991227,   17
  380,19991228,   22
  380,19991229,   12
  380,19991230,   36
  380,19991231,   -1
  380,20000101,   17
  380,20000102,   -1
  380,20000103,    2
  380,20000104,  133
  380,20000105,    0
  380,20000106,   26
  380,20000107,   -1
  380,20000108,    9
  380,20000109,    0
  380,20000110,    0
  380,20000111,    0
  380,20000112,    0
  380,20000113,   -1
  380,20000114,   -1
  380,20000115,   -1
  380,20000116,   17
  380,20000117,    9
  380,20000118,   17
  380,20000119,    0
  380,20000120,    4
  380,20000121,   46
  380,20000122,   53
  380,20000123,    6
  380,20000124,    0
  380,20000125,    0
  380,20000126,    0
  380,20000127,    0
  380,20000128,    1
  380,20000129,  197
  380,20000130,  144
  380,20000131,    7
  380,20000201,    2
  380,20000202,   18
  380,20000203,    0
  380,20000204,   20
  380,20000205,    0
  380,20000206,    1
  380,20000207,   55
  380,20000208,  112
  380,20000209,   12
  380,20000210,   76
  380,20000211,    0
  380,20000212,   24
  380,20000213,   12
  380,20000214,   26
  380,20000215,   38
  380,20000216,   64
  380,20000217,    7
  380,20000218,   88
  380,20000219,   41
  380,20000220,    2
  380,20000221,   -1
  380,20000222,    5
  380,20000223,   -1
  380,20000224,   86
  380,20000225,   59
  380,20000226,    0
  380,20000227,    0
  380,20000228,   84
  380,20000229,   12
  380,20000301,   63
  380,20000302,    6
  380,20000303,  116
  380,20000304,   30
  380,20000305,    6
  380,20000306,    0
  380,20000307,   34
  380,20000308,   52
  380,20000309,   20
  380,20000310,    2
  380,20000311,   14
  380,20000312,    0
  380,20000313,   -1
  380,20000314,   27
  380,20000315,   -1
  380,20000316,   -1
  380,20000317,    3
  380,20000318,   12
  380,20000319,    1
  380,20000320,    0
  380,20000321,    0
  380,20000322,    0
  380,20000323,    0
  380,20000324,   38
  380,20000325,   11
  380,20000326,  108
  380,20000327,   15
  380,20000328,   17
  380,20000329,    3
  380,20000330,   21
  380,20000331,   -1
  380,20000401,   14
  380,20000402,    2
  380,20000403,    1
  380,20000404,    4
  380,20000405,    5
  380,20000406,    0
  380,20000407,    0
  380,20000408,    0
  380,20000409,    0
  380,20000410,    0
  380,20000411,    1
  380,20000412,   20
  380,20000413,   59
  380,20000414,   12
  380,20000415,   40
  380,20000416,   -1
  380,20000417,   28
  380,20000418,    0
  380,20000419,    0
  380,20000420,   -1
  380,20000421,   -1
  380,20000422,  111
  380,20000423,   93
  380,20000424,    4
  380,20000425,    0
  380,20000426,    0
  380,20000427,    0
  380,20000428,   -1
  380,20000429,   41
  380,20000430,    0
  380,20000501,    0
  380,20000502,    1
  380,20000503,   30
  380,20000504,   46
  380,20000505,    0
  380,20000506,    0
  380,20000507,   -1
  380,20000508,  291
  380,20000509,    0
  380,20000510,   10
  380,20000511,    5
  380,20000512,    0
  380,20000513,    0
  380,20000514,    0
  380,20000515,    0
  380,20000516,    0
  380,20000517,   21
  380,20000518,   33
  380,20000519,   83
  380,20000520,    2
  380,20000521,   62
  380,20000522,   41
  380,20000523,   -1
  380,20000524,  133
  380,20000525,   20
  380,20000526,   -1
  380,20000527,    4
  380,20000528,   74
  380,20000529,   46
  380,20000530,   29
  380,20000531,    0
  380,20000601,   -1
  380,20000602,    0
  380,20000603,  102
  380,20000604,   -1
  380,20000605,  124
  380,20000606,    2
  380,20000607,    0
  380,20000608,    0
  380,20000609,    0
  380,20000610,    0
  380,20000611,    0
  380,20000612,    0
  380,20000613,    0
  380,20000614,    0
  380,20000615,   23
  380,20000616,    0
  380,20000617,    0
  380,20000618,    0
  380,20000619,    0
  380,20000620,    0
  380,20000621,   38
  380,20000622,    1
  380,20000623,    4
  380,20000624,   54
  380,20000625,   35
  380,20000626,    0
  380,20000627,    0
  380,20000628,    0
  380,20000629,   -1
  380,20000630,    1
  380,20000701,   13
  380,20000702,  160
  380,20000703,    6
  380,20000704,  187
  380,20000705,   27
  380,20000706,   -1
  380,20000707,  139
  380,20000708,   20
  380,20000709,   64
  380,20000710,   24
  380,20000711,  359
  380,20000712,   18
  380,20000713,   18
  380,20000714,  111
  380,20000715,   48
  380,20000716,  105
  380,20000717,    0
  380,20000718,    0
  380,20000719,    5
  380,20000720,    0
  380,20000721,    0
  380,20000722,   -1
  380,20000723,    0
  380,20000724,  116
  380,20000725,  151
  380,20000726,   -1
  380,20000727,   98
  380,20000728,  138
  380,20000729,   11
  380,20000730,    3
  380,20000731,    0
  380,20000801,    0
  380,20000802,   11
  380,20000803,   -1
  380,20000804,    2
  380,20000805,    0
  380,20000806,   -1
  380,20000807,   -1
  380,20000808,   24
  380,20000809,    0
  380,20000810,   -1
  380,20000811,    0
  380,20000812,    0
  380,20000813,    0
  380,20000814,    6
  380,20000815,   10
  380,20000816,   59
  380,20000817,   30
  380,20000818,   36
  380,20000819,   50
  380,20000820,  147
  380,20000821,   38
  380,20000822,    0
  380,20000823,    0
  380,20000824,    0
  380,20000825,    0
  380,20000826,    0
  380,20000827,   82
  380,20000828,   -1
  380,20000829,    0
  380,20000830,   -1
  380,20000831,    0
  380,20000901,   35
  380,20000902,   82
  380,20000903,    1
  380,20000904,    8
  380,20000905,    0
  380,20000906,   51
  380,20000907,   -1
  380,20000908,   -1
  380,20000909,   -1
  380,20000910,    0
  380,20000911,    0
  380,20000912,   -1
  380,20000913,    0
  380,20000914,    0
  380,20000915,  114
  380,20000916,  359
  380,20000917,   41
  380,20000918,    0
  380,20000919,   -1
  380,20000920,   75
  380,20000921,    0
  380,20000922,    0
  380,20000923,    0
  380,20000924,   -1
  380,20000925,   -1
  380,20000926,    0
  380,20000927,   -1
  380,20000928,   39
  380,20000929,    0
  380,20000930,   50
  380,20001001,  197
  380,20001002,    5
  380,20001003,    1
  380,20001004,    5
  380,20001005,   24
  380,20001006,    7
  380,20001007,   15
  380,20001008,   55
  380,20001009,   14
  380,20001010,   32
  380,20001011,   39
  380,20001012,    0
  380,20001013,    0
  380,20001014,    0
  380,20001015,    2
  380,20001016,   43
  380,20001017,   -1
  380,20001018,    7
  380,20001019,  127
  380,20001020,    0
  380,20001021,    0
  380,20001022,    0
  380,20001023,   18
  380,20001024,    0
  380,20001025,   42
  380,20001026,   -1
  380,20001027,   52
  380,20001028,   38
  380,20001029,   24
  380,20001030,   68
  380,20001031,    9
  380,20001101,   45
  380,20001102,   27
  380,20001103,   -1
  380,20001104,    5
  380,20001105,    0
  380,20001106,    8
  380,20001107,   17
  380,20001108,   29
  380,20001109,    7
  380,20001110,    0
  380,20001111,    0
  380,20001112,   61
  380,20001113,    3
  380,20001114,   -1
  380,20001115,    4
  380,20001116,   18
  380,20001117,   -1
  380,20001118,   -1
  380,20001119,    9
  380,20001120,   35
  380,20001121,   25
  380,20001122,   12
  380,20001123,   73
  380,20001124,    0
  380,20001125,   37
  380,20001126,    4
  380,20001127,    1
  380,20001128,   83
  380,20001129,    0
  380,20001130,    0
  380,20001201,   22
  380,20001202,    1
  380,20001203,    3
  380,20001204,   12
  380,20001205,    1
  380,20001206,   18
  380,20001207,    4
  380,20001208,    3
  380,20001209,    2
  380,20001210,   50
  380,20001211,   36
  380,20001212,   73
  380,20001213,   33
  380,20001214,   28
  380,20001215,   32
  380,20001216,    0
  380,20001217,    0
  380,20001218,   18
  380,20001219,   11
  380,20001220,    0
  380,20001221,    0
  380,20001222,    0
  380,20001223,    0
  380,20001224,    1
  380,20001225,   -1
  380,20001226,   14
  380,20001227,   15
  380,20001228,   11
  380,20001229,   23
  380,20001230,   11
  380,20001231,    0
  380,20010101,   71
  380,20010102,   13
  380,20010103,   23
  380,20010104,    5
  380,20010105,  159
  380,20010106,   64
  380,20010107,    1
  380,20010108,   13
  380,20010109,    0
  380,20010110,   41
  380,20010111,   38
  380,20010112,    0
  380,20010113,    0
  380,20010114,    0
  380,20010115,    0
  380,20010116,    0
  380,20010117,    0
  380,20010118,   19
  380,20010119,    0
  380,20010120,   12
  380,20010121,  111
  380,20010122,   99
  380,20010123,   14
  380,20010124,   33
  380,20010125,   43
  380,20010126,    2
  380,20010127,   95
  380,20010128,   -1
  380,20010129,    4
  380,20010130,    0
  380,20010131,    0
  380,20010201,    7
  380,20010202,   65
  380,20010203,  105
  380,20010204,  112
  380,20010205,   73
  380,20010206,   45
  380,20010207,   47
  380,20010208,   17
  380,20010209,    5
  380,20010210,   -1
  380,20010211,   -1
  380,20010212,   66
  380,20010213,   10
  380,20010214,    0
  380,20010215,    0
  380,20010216,   66
  380,20010217,    4
  380,20010218,    0
  380,20010219,    4
  380,20010220,    2
  380,20010221,   23
  380,20010222,    9
  380,20010223,   45
  380,20010224,   10
  380,20010225,   -1
  380,20010226,   -1
  380,20010227,    0
  380,20010228,    0
  380,20010301,    3
  380,20010302,   -1
  380,20010303,   -1
  380,20010304,   15
  380,20010305,    0
  380,20010306,    0
  380,20010307,   47
  380,20010308,   14
  380,20010309,   25
  380,20010310,   31
  380,20010311,   23
  380,20010312,   32
  380,20010313,   55
  380,20010314,    1
  380,20010315,   21
  380,20010316,    0
  380,20010317,   -1
  380,20010318,  121
  380,20010319,   21
  380,20010320,   -1
  380,20010321,  132
  380,20010322,   17
  380,20010323,   67
  380,20010324,   91
  380,20010325,   80
  380,20010326,    0
  380,20010327,    0
  380,20010328,   17
  380,20010329,  151
  380,20010330,   59
  380,20010331,    0
  380,20010401,    0
  380,20010402,    0
  380,20010403,   -1
  380,20010404,   39
  380,20010405,   21
  380,20010406,   16
  380,20010407,   14
  380,20010408,    3
  380,20010409,    3
  380,20010410,  128
  380,20010411,   25
  380,20010412,   -1
  380,20010413,    1
  380,20010414,   91
  380,20010415,  123
  380,20010416,   23
  380,20010417,    1
  380,20010418,   52
  380,20010419,   12
  380,20010420,    4
  380,20010421,   -1
  380,20010422,    0
  380,20010423,    0
  380,20010424,   74
  380,20010425,   19
  380,20010426,    5
  380,20010427,   61
  380,20010428,   33
  380,20010429,   74
  380,20010430,   -1
  380,20010501,    5
  380,20010502,   -1
  380,20010503,   51
  380,20010504,   18
  380,20010505,    0
  380,20010506,   -1
  380,20010507,   -1
  380,20010508,    0
  380,20010509,    0
  380,20010510,    0
  380,20010511,    0
  380,20010512,    0
  380,20010513,    0
  380,20010514,   65
  380,20010515,   36
  380,20010516,   55
  380,20010517,    8
  380,20010518,    4
  380,20010519,    0
  380,20010520,    0
  380,20010521,    0
  380,20010522,    0
  380,20010523,    0
  380,20010524,    0
  380,20010525,    0
  380,20010526,    0
  380,20010527,    0
  380,20010528,   -1
  380,20010529,    0
  380,20010530,   -1
  380,20010531,   -1
  380,20010601,   11
  380,20010602,   67
  380,20010603,   13
  380,20010604,    0
  380,20010605,    0
  380,20010606,    2
  380,20010607,   70
  380,20010608,   -1
  380,20010609,    0
  380,20010610,   30
  380,20010611,    8
  380,20010612,    0
  380,20010613,   -1
  380,20010614,    0
  380,20010615,    3
  380,20010616,  122
  380,20010617,  175
  380,20010618,    7
  380,20010619,    0
  380,20010620,    0
  380,20010621,    0
  380,20010622,    0
  380,20010623,    0
  380,20010624,    0
  380,20010625,    0
  380,20010626,    0
  380,20010627,    4
  380,20010628,    0
  380,20010629,    0
  380,20010630,   80
  380,20010701,    0
  380,20010702,    0
  380,20010703,    0
  380,20010704,    0
  380,20010705,    0
  380,20010706,   72
  380,20010707,  103
  380,20010708,   38
  380,20010709,    0
  380,20010710,   18
  380,20010711,   10
  380,20010712,    3
  380,20010713,   -1
  380,20010714,  104
  380,20010715,   12
  380,20010716,   10
  380,20010717,   14
  380,20010718,   49
  380,20010719,  101
  380,20010720,   37
  380,20010721,   -1
  380,20010722,    0
  380,20010723,   -1
  380,20010724,    0
  380,20010725,    0
  380,20010726,   -1
  391,19960726,    0
  391,19960727,   -1
  391,19960728,    0
  391,19960729,    3
  391,19960730,   -1
  391,19960731,    1
  391,19960801,    0
  391,19960802,   -1
  391,19960803,   -1
  391,19960804,    0
  391,19960805,    0
  391,19960806,   33
  391,19960807,    0
  391,19960808,    0
  391,19960809,    0
  391,19960810,    4
  391,19960811,  109
  391,19960812,  126
  391,19960813,  235
  391,19960814,    0
  391,19960815,   15
  391,19960816,    0
  391,19960817,    0
  391,19960818,    0
  391,19960819,    0
  391,19960820,    0
  391,19960821,   75
  391,19960822,    0
  391,19960823,   47
  391,19960824,   22
  391,19960825,    4
  391,19960826,   25
  391,19960827,    0
  391,19960828,  252
  391,19960829,  463
  391,19960830,  214
  391,19960831,   34
  391,19960901,    7
  391,19960902,    0
  391,19960903,    0
  391,19960904,    0
  391,19960905,    0
  391,19960906,    0
  391,19960907,    0
  391,19960908,    0
  391,19960909,   14
  391,19960910,    3
  391,19960911,    2
  391,19960912,   90
  391,19960913,    8
  391,19960914,   30
  391,19960915,    2
  391,19960916,    0
  391,19960917,    0
  391,19960918,    0
  391,19960919,    0
  391,19960920,    0
  391,19960921,   -1
  391,19960922,   10
  391,19960923,   37
  391,19960924,   -1
  391,19960925,   -1
  391,19960926,    0
  391,19960927,   37
  391,19960928,    1
  391,19960929,   13
  391,19960930,  154
  391,19961001,  131
  391,19961002,   -1
  391,19961003,    0
  391,19961004,    1
  391,19961005,    3
  391,19961006,    0
  391,19961007,   -1
  391,19961008,    0
  391,19961009,    0
  391,19961010,   -1
  391,19961011,    0
  391,19961012,    0
  391,19961013,    0
  391,19961014,    0
  391,19961015,   -1
  391,19961016,    0
  391,19961017,    0
  391,19961018,   10
  391,19961019,   41
  391,19961020,  134
  391,19961021,   53
  391,19961022,    0
  391,19961023,    0
  391,19961024,    0
  391,19961025,   -1
  391,19961026,   -1
  391,19961027,   32
  391,19961028,   11
  391,19961029,   32
  391,19961030,   -1
  391,19961031,   70
  391,19961101,   20
  391,19961102,   -1
  391,19961103,   20
  391,19961104,   45
  391,19961105,   39
  391,19961106,   15
  391,19961107,  161
  391,19961108,    1
  391,19961109,   -1
  391,19961110,   80
  391,19961111,   93
  391,19961112,    0
  391,19961113,    6
  391,19961114,    0
  391,19961115,    0
  391,19961116,    0
  391,19961117,    0
  391,19961118,   74
  391,19961119,   63
  391,19961120,   40
  391,19961121,   23
  391,19961122,    0
  391,19961123,   36
  391,19961124,    1
  391,19961125,  112
  391,19961126,    1
  391,19961127,    0
  391,19961128,   -1
  391,19961129,  112
  391,19961130,   44
  391,19961201,   27
  391,19961202,   49
  391,19961203,  190
  391,19961204,    6
  391,19961205,   43
  391,19961206,   19
  391,19961207,    0
  391,19961208,    0
  391,19961209,    0
  391,19961210,    0
  391,19961211,    0
  391,19961212,    0
  391,19961213,   -1
  391,19961214,    0
  391,19961215,   -1
  391,19961216,    1
  391,19961217,   -1
  391,19961218,    0
  391,19961219,  146
  391,19961220,   -1
  391,19961221,    0
  391,19961222,    0
  391,19961223,    0
  391,19961224,    0
  391,19961225,    0
  391,19961226,    0
  391,19961227,    0
  391,19961228,    0
  391,19961229,   31
  391,19961230,    3
  391,19961231,    0
  391,19970101,    0
  391,19970102,    0
  391,19970103,   -1
  391,19970104,   -1
  391,19970105,   -1
  391,19970106,    0
  391,19970107,    0
  391,19970108,    0
  391,19970109,    0
  391,19970110,   -1
  391,19970111,    0
  391,19970112,    0
  391,19970113,   -1
  391,19970114,    0
  391,19970115,    0
  391,19970116,    0
  391,19970117,    0
  391,19970118,   -1
  391,19970119,   12
  391,19970120,    2
  391,19970121,    0
  391,19970122,    0
  391,19970123,    0
  391,19970124,   -1
  391,19970125,    0
  391,19970126,    0
  391,19970127,    0
  391,19970128,   -1
  391,19970129,    0
  391,19970130,   -1
  391,19970131,    2
  391,19970201,    0
  391,19970202,   -1
  391,19970203,    6
  391,19970204,   34
  391,19970205,  148
  391,19970206,    0
  391,19970207,    8
  391,19970208,   -1
  391,19970209,   -1
  391,19970210,   32
  391,19970211,   14
  391,19970212,  101
  391,19970213,  114
  391,19970214,    0
  391,19970215,    0
  391,19970216,    0
  391,19970217,   11
  391,19970218,   87
  391,19970219,   12
  391,19970220,   30
  391,19970221,   21
  391,19970222,    0
  391,19970223,    0
  391,19970224,  105
  391,19970225,   47
  391,19970226,   58
  391,19970227,   -1
  391,19970228,    0
  391,19970301,    1
  391,19970302,   29
  391,19970303,    1
  391,19970304,    4
  391,19970305,   -1
  391,19970306,   10
  391,19970307,    0
  391,19970308,    0
  391,19970309,    0
  391,19970310,    0
  391,19970311,    0
  391,19970312,    0
  391,19970313,    0
  391,19970314,   -1
  391,19970315,   15
  391,19970316,    4
  391,19970317,    3
  391,19970318,   28
  391,19970319,  121
  391,19970320,   11
  391,19970321,    1
  391,19970322,    0
  391,19970323,   17
  391,19970324,    0
  391,19970325,   15
  391,19970326,    3
  391,19970327,    1
  391,19970328,   42
  391,19970329,    3
  391,19970330,    0
  391,19970331,    0
  391,19970401,    0
  391,19970402,    0
  391,19970403,   -1
  391,19970404,    4
  391,19970405,  119
  391,19970406,    0
  391,19970407,    0
  391,19970408,    0
  391,19970409,    0
  391,19970410,    0
  391,19970411,    2
  391,19970412,   -1
  391,19970413,    0
  391,19970414,    5
  391,19970415,    0
  391,19970416,    0
  391,19970417,    0
  391,19970418,    0
  391,19970419,    0
  391,19970420,    0
  391,19970421,    0
  391,19970422,   -1
  391,19970423,    0
  391,19970424,    0
  391,19970425,   37
  391,19970426,   36
  391,19970427,  110
  391,19970428,   43
  391,19970429,   52
  391,19970430,    0
  391,19970501,    0
  391,19970502,    0
  391,19970503,    0
  391,19970504,   82
  391,19970505,  218
  391,19970506,  107
  391,19970507,    2
  391,19970508,    3
  391,19970509,   72
  391,19970510,   -1
  391,19970511,   35
  391,19970512,    0
  391,19970513,    0
  391,19970514,   26
  391,19970515,   -1
  391,19970516,   83
  391,19970517,    4
  391,19970518,   25
  391,19970519,   99
  391,19970520,  128
  391,19970521,   70
  391,19970522,   28
  391,19970523,   -1
  391,19970524,    0
  391,19970525,    0
  391,19970526,    0
  391,19970527,   -1
  391,19970528,    0
  391,19970529,    0
  391,19970530,    0
  391,19970531,    0
  391,19970601,    0
  391,19970602,    0
  391,19970603,    0
  391,19970604,    0
  391,19970605,    0
  391,19970606,    0
  391,19970607,   18
  391,19970608,  157
  391,19970609,    0
  391,19970610,   -1
  391,19970611,   22
  391,19970612,    0
  391,19970613,   20
  391,19970614,  125
  391,19970615,   -1
  391,19970616,    0
  391,19970617,    0
  391,19970618,    0
  391,19970619,    0
  391,19970620,   39
  391,19970621,  139
  391,19970622,   17
  391,19970623,   29
  391,19970624,    1
  391,19970625,   13
  391,19970626,   60
  391,19970627,   65
  391,19970628,   20
  391,19970629,   75
  391,19970630,   32
  391,19970701,   11
  391,19970702,   10
  391,19970703,   -1
  391,19970704,   16
  391,19970705,    1
  391,19970706,    2
  391,19970707,   -1
  391,19970708,    0
  391,19970709,    0
  391,19970710,    0
  391,19970711,    0
  391,19970712,    0
  391,19970713,   52
  391,19970714,   70
  391,19970715,   35
  391,19970716,   16
  391,19970717,   20
  391,19970718,   18
  391,19970719,   77
  391,19970720,  150
  391,19970721,    2
  391,19970722,    0
  391,19970723,    0
  391,19970724,   -1
  391,19970725,   35
  391,19970726,    1
  391,19970727,    5
  391,19970728,    0
  391,19970729,    0
  391,19970730,    2
  391,19970731,   56
  391,19970801,   16
  391,19970802,   25
  391,19970803,    2
  391,19970804,    0
  391,19970805,    0
  391,19970806,    0
  391,19970807,    0
  391,19970808,    0
  391,19970809,    0
  391,19970810,    0
  391,19970811,    0
  391,19970812,    0
  391,19970813,    0
  391,19970814,    0
  391,19970815,    0
  391,19970816,    0
  391,19970817,    0
  391,19970818,    0
  391,19970819,    0
  391,19970820,    0
  391,19970821,    0
  391,19970822,   68
  391,19970823,    2
  391,19970824,   10
  391,19970825,   28
  391,19970826,   34
  391,19970827,   43
  391,19970828,   64
  391,19970829,   -1
  391,19970830,    3
  391,19970831,    0
  391,19970901,  100
  391,19970902,   34
  391,19970903,    0
  391,19970904,    2
  391,19970905,    8
  391,19970906,   -1
  391,19970907,   26
  391,19970908,    0
  391,19970909,   -1
  391,19970910,    0
  391,19970911,    0
  391,19970912,    2
  391,19970913,   -1
  391,19970914,    0
  391,19970915,    0
  391,19970916,    0
  391,19970917,    0
  391,19970918,    0
  391,19970919,   -1
  391,19970920,    0
  391,19970921,    0
  391,19970922,    0
  391,19970923,    0
  391,19970924,    0
  391,19970925,    0
  391,19970926,    0
  391,19970927,    0
  391,19970928,    0
  391,19970929,    0
  391,19970930,   11
  391,19971001,   22
  391,19971002,   -1
  391,19971003,   -1
  391,19971004,    0
  391,19971005,    0
  391,19971006,    0
  391,19971007,   46
  391,19971008,   19
  391,19971009,   68
  391,19971010,  199
  391,19971011,   86
  391,19971012,   17
  391,19971013,   49
  391,19971014,   30
  391,19971015,   22
  391,19971016,    2
  391,19971017,    0
  391,19971018,    0
  391,19971019,    0
  391,19971020,    0
  391,19971021,    0
  391,19971022,    0
  391,19971023,   -1
  391,19971024,    2
  391,19971025,    2
  391,19971026,   12
  391,19971027,    0
  391,19971028,    0
  391,19971029,    0
  391,19971030,    0
  391,19971031,    0
  391,19971101,    0
  391,19971102,    0
  391,19971103,    0
  391,19971104,    4
  391,19971105,   -1
  391,19971106,   79
  391,19971107,   -1
  391,19971108,   13
  391,19971109,   34
  391,19971110,   10
  391,19971111,   23
  391,19971112,   -1
  391,19971113,    0
  391,19971114,    0
  391,19971115,   15
  391,19971116,    0
  391,19971117,    0
  391,19971118,    0
  391,19971119,    0
  391,19971120,   20
  391,19971121,    5
  391,19971122,    0
  391,19971123,    0
  391,19971124,    0
  391,19971125,    0
  391,19971126,    0
  391,19971127,    9
  391,19971128,   35
  391,19971129,    4
  391,19971130,    2
  391,19971201,   -1
  391,19971202,    0
  391,19971203,   -1
  391,19971204,   -1
  391,19971205,   -1
  391,19971206,   33
  391,19971207,   -1
  391,19971208,   -1
  391,19971209,   16
  391,19971210,  114
  391,19971211,   34
  391,19971212,  109
  391,19971213,    1
  391,19971214,    2
  391,19971215,    0
  391,19971216,    0
  391,19971217,   -1
  391,19971218,   12
  391,19971219,    7
  391,19971220,    1
  391,19971221,  134
  391,19971222,    0
  391,19971223,    8
  391,19971224,   43
  391,19971225,   26
  391,19971226,   76
  391,19971227,   10
  391,19971228,   61
  391,19971229,    8
  391,19971230,    0
  391,19971231,   15
  391,19980101,   -1
  391,19980102,   80
  391,19980103,   40
  391,19980104,    6
  391,19980105,   90
  391,19980106,    2
  391,19980107,  119
  391,19980108,  112
  391,19980109,    0
  391,19980110,    0
  391,19980111,    0
  391,19980112,    0
  391,19980113,   -1
  391,19980114,    3
  391,19980115,   33
  391,19980116,    5
  391,19980117,    0
  391,19980118,   46
  391,19980119,   19
  391,19980120,   12
  391,19980121,    0
  391,19980122,    0
  391,19980123,    0
  391,19980124,    6
  391,19980125,    1
  391,19980126,    0
  391,19980127,    0
  391,19980128,   -1
  391,19980129,   -1
  391,19980130,    3
  391,19980131,   17
  391,19980201,    0
  391,19980202,   11
  391,19980203,    3
  391,19980204,    0
  391,19980205,    0
  391,19980206,    0
  391,19980207,   15
  391,19980208,    0
  391,19980209,    0
  391,19980210,    0
  391,19980211,    0
  391,19980212,    0
  391,19980213,    0
  391,19980214,    0
  391,19980215,    0
  391,19980216,    9
  391,19980217,   -1
  391,19980218,    0
  391,19980219,    0
  391,19980220,    0
  391,19980221,    3
  391,19980222,    5
  391,19980223,    2
  391,19980224,   -1
  391,19980225,   -1
  391,19980226,   -1
  391,19980227,   -1
  391,19980228,   34
  391,19980301,   16
  391,19980302,   21
  391,19980303,  102
  391,19980304,   70
  391,19980305,   67
  391,19980306,  208
  391,19980307,  144
  391,19980308,   72
  391,19980309,    0
  391,19980310,    0
  391,19980311,   14
  391,19980312,   12
  391,19980313,    6
  391,19980314,   33
  391,19980315,    9
  391,19980316,   -1
  391,19980317,   -1
  391,19980318,    0
  391,19980319,    0
  391,19980320,   10
  391,19980321,    0
  391,19980322,   28
  391,19980323,   -1
  391,19980324,    0
  391,19980325,    0
  391,19980326,   14
  391,19980327,   -1
  391,19980328,    0
  391,19980329,    0
  391,19980330,    0
  391,19980331,    0
  391,19980401,   42
  391,19980402,    3
  391,19980403,   21
  391,19980404,   68
  391,19980405,   23
  391,19980406,   17
  391,19980407,  272
  391,19980408,   50
  391,19980409,    3
  391,19980410,   36
  391,19980411,    2
  391,19980412,   -1
  391,19980413,   32
  391,19980414,    5
  391,19980415,   56
  391,19980416,   46
  391,19980417,   17
  391,19980418,   11
  391,19980419,   28
  391,19980420,   59
  391,19980421,   -1
  391,19980422,    0
  391,19980423,   71
  391,19980424,   15
  391,19980425,   17
  391,19980426,   94
  391,19980427,   58
  391,19980428,    1
  391,19980429,    0
  391,19980430,    0
  391,19980501,   34
  391,19980502,   16
  391,19980503,   22
  391,19980504,    0
  391,19980505,   10
  391,19980506,    8
  391,19980507,   -1
  391,19980508,    0
  391,19980509,    0
  391,19980510,    0
  391,19980511,    0
  391,19980512,    0
  391,19980513,    0
  391,19980514,    0
  391,19980515,    0
  391,19980516,    0
  391,19980517,    0
  391,19980518,    0
  391,19980519,    0
  391,19980520,    0
  391,19980521,    1
  391,19980522,   -1
  391,19980523,    1
  391,19980524,   54
  391,19980525,  101
  391,19980526,  177
  391,19980527,   66
  391,19980528,   24
  391,19980529,  109
  391,19980530,   -1
  391,19980531,    1
  391,19980601,   54
  391,19980602,   53
  391,19980603,   93
  391,19980604,    0
  391,19980605,   12
  391,19980606,  378
  391,19980607,   83
  391,19980608,    0
  391,19980609,  172
  391,19980610,   65
  391,19980611,   12
  391,19980612,  140
  391,19980613,    0
  391,19980614,  142
  391,19980615,  138
  391,19980616,   55
  391,19980617,   13
  391,19980618,   19
  391,19980619,    0
  391,19980620,    0
  391,19980621,  154
  391,19980622,    2
  391,19980623,   16
  391,19980624,    6
  391,19980625,    8
  391,19980626,    4
  391,19980627,   43
  391,19980628,    2
  391,19980629,   12
  391,19980630,   80
  391,19980701,    0
  391,19980702,   -1
  391,19980703,    0
  391,19980704,   -1
  391,19980705,    6
  391,19980706,   25
  391,19980707,   12
  391,19980708,   10
  391,19980709,   15
  391,19980710,   49
  391,19980711,   11
  391,19980712,   96
  391,19980713,   28
  391,19980714,    0
  391,19980715,   33
  391,19980716,   22
  391,19980717,    9
  391,19980718,    3
  391,19980719,    0
  391,19980720,   -1
  391,19980721,   20
  391,19980722,   -1
  391,19980723,    1
  391,19980724,    0
  391,19980725,    0
  391,19980726,    0
  391,19980727,   11
  391,19980728,   21
  391,19980729,   35
  391,19980730,   10
  391,19980731,   41
  391,19980801,    0
  391,19980802,    0
  391,19980803,   -1
  391,19980804,   15
  391,19980805,    0
  391,19980806,    0
  391,19980807,    0
  391,19980808,    0
  391,19980809,    0
  391,19980810,    0
  391,19980811,    0
  391,19980812,    0
  391,19980813,    0
  391,19980814,    0
  391,19980815,    0
  391,19980816,    0
  391,19980817,    0
  391,19980818,   -1
  391,19980819,    0
  391,19980820,    0
  391,19980821,   97
  391,19980822,  145
  391,19980823,  109
  391,19980824,  165
  391,19980825,    0
  391,19980826,   56
  391,19980827,    3
  391,19980828,    0
  391,19980829,    0
  391,19980830,    3
  391,19980831,    0
  391,19980901,    1
  391,19980902,   73
  391,19980903,  231
  391,19980904,   68
  391,19980905,   26
  391,19980906,   38
  391,19980907,   46
  391,19980908,   16
  391,19980909,  177
  391,19980910,   14
  391,19980911,   -1
  391,19980912,  182
  391,19980913,   37
  391,19980914,  338
  391,19980915,   78
  391,19980916,   52
  391,19980917,   89
  391,19980918,    0
  391,19980919,    5
  391,19980920,    0
  391,19980921,    0
  391,19980922,    0
  391,19980923,    0
  391,19980924,    0
  391,19980925,    5
  391,19980926,    3
  391,19980927,    4
  391,19980928,   21
  391,19980929,    0
  391,19980930,    9
  391,19981001,    0
  391,19981002,    4
  391,19981003,    0
  391,19981004,    0
  391,19981005,   37
  391,19981006,   30
  391,19981007,   22
  391,19981008,  151
  391,19981009,    1
  391,19981010,   85
  391,19981011,   20
  391,19981012,   89
  391,19981013,   11
  391,19981014,  107
  391,19981015,   -1
  391,19981016,    0
  391,19981017,   31
  391,19981018,    3
  391,19981019,    1
  391,19981020,   24
  391,19981021,    5
  391,19981022,    6
  391,19981023,  134
  391,19981024,  142
  391,19981025,   53
  391,19981026,   54
  391,19981027,  108
  391,19981028,  187
  391,19981029,   26
  391,19981030,  110
  391,19981031,  220
  391,19981101,  252
  391,19981102,   48
  391,19981103,   36
  391,19981104,   20
  391,19981105,    5
  391,19981106,    7
  391,19981107,    0
  391,19981108,   83
  391,19981109,  100
  391,19981110,   12
  391,19981111,    0
  391,19981112,    0
  391,19981113,   25
  391,19981114,   50
  391,19981115,   21
  391,19981116,   15
  391,19981117,   -1
  391,19981118,   29
  391,19981119,    0
  391,19981120,    0
  391,19981121,    0
  391,19981122,    0
  391,19981123,    0
  391,19981124,    0
  391,19981125,    2
  391,19981126,   59
  391,19981127,    4
  391,19981128,    8
  391,19981129,   49
  391,19981130,    0
  391,19981201,    0
  391,19981202,    0
  391,19981203,    0
  391,19981204,   29
  391,19981205,   23
  391,19981206,   -1
  391,19981207,    0
  391,19981208,    6
  391,19981209,   75
  391,19981210,    0
  391,19981211,    2
  391,19981212,   99
  391,19981213,    6
  391,19981214,    9
  391,19981215,   49
  391,19981216,    1
  391,19981217,    0
  391,19981218,   10
  391,19981219,   34
  391,19981220,   -1
  391,19981221,   -1
  391,19981222,    9
  391,19981223,    1
  391,19981224,    5
  391,19981225,    3
  391,19981226,   44
  391,19981227,   25
  391,19981228,   87
  391,19981229,    0
  391,19981230,    0
  391,19981231,    0
  391,19990101,    0
  391,19990102,   33
  391,19990103,  114
  391,19990104,   89
  391,19990105,   13
  391,19990106,    0
  391,19990107,   46
  391,19990108,   43
  391,19990109,    6
  391,19990110,    0
  391,19990111,    0
  391,19990112,   76
  391,19990113,   42
  391,19990114,   17
  391,19990115,    9
  391,19990116,   75
  391,19990117,   15
  391,19990118,    0
  391,19990119,   -1
  391,19990120,   -1
  391,19990121,   12
  391,19990122,    4
  391,19990123,    0
  391,19990124,    2
  391,19990125,   79
  391,19990126,   43
  391,19990127,   59
  391,19990128,   70
  391,19990129,    0
  391,19990130,    0
  391,19990131,    0
  391,19990201,    2
  391,19990202,    0
  391,19990203,   -1
  391,19990204,    5
  391,19990205,   26
  391,19990206,   36
  391,19990207,   23
  391,19990208,   46
  391,19990209,   -1
  391,19990210,   22
  391,19990211,    1
  391,19990212,    0
  391,19990213,    0
  391,19990214,   10
  391,19990215,   24
  391,19990216,   32
  391,19990217,   17
  391,19990218,    3
  391,19990219,  106
  391,19990220,    3
  391,19990221,  101
  391,19990222,   92
  391,19990223,   31
  391,19990224,   13
  391,19990225,    1
  391,19990226,    0
  391,19990227,   13
  391,19990228,    1
  391,19990301,  172
  391,19990302,  145
  391,19990303,   44
  391,19990304,    4
  391,19990305,   14
  391,19990306,   -1
  391,19990307,   28
  391,19990308,   92
  391,19990309,   18
  391,19990310,   -1
  391,19990311,    0
  391,19990312,    0
  391,19990313,    0
  391,19990314,    0
  391,19990315,    0
  391,19990316,    0
  391,19990317,    2
  391,19990318,   45
  391,19990319,    3
  391,19990320,   -1
  391,19990321,   50
  391,19990322,   51
  391,19990323,  115
  391,19990324,    0
  391,19990325,   -1
  391,19990326,   23
  391,19990327,    0
  391,19990328,    0
  391,19990329,    0
  391,19990330,    0
  391,19990331,    0
  391,19990401,    0
  391,19990402,    0
  391,19990403,   58
  391,19990404,    4
  391,19990405,   71
  391,19990406,    9
  391,19990407,   56
  391,19990408,    0
  391,19990409,    0
  391,19990410,    9
  391,19990411,    1
  391,19990412,  105
  391,19990413,   27
  391,19990414,   30
  391,19990415,    6
  391,19990416,   -1
  391,19990417,    1
  391,19990418,   -1
  391,19990419,    0
  391,19990420,    5
  391,19990421,   49
  391,19990422,   23
  391,19990423,   -1
  391,19990424,    0
  391,19990425,    0
  391,19990426,    0
  391,19990427,   -1
  391,19990428,    0
  391,19990429,    0
  391,19990430,    0
  391,19990501,    0
  391,19990502,    0
  391,19990503,    0
  391,19990504,    0
  391,19990505,  126
  391,19990506,   62
  391,19990507,   11
  391,19990508,   -1
  391,19990509,    0
  391,19990510,   11
  391,19990511,   48
  391,19990512,   12
  391,19990513,   -1
  391,19990514,    9
  391,19990515,    0
  391,19990516,    0
  391,19990517,    0
  391,19990518,    7
  391,19990519,   36
  391,19990520,   27
  391,19990521,    0
  391,19990522,   18
  391,19990523,    0
  391,19990524,    0
  391,19990525,    0
  391,19990526,    0
  391,19990527,    0
  391,19990528,   -1
  391,19990529,  104
  391,19990530,   78
  391,19990531,    0
  391,19990601,   -1
  391,19990602,    5
  391,19990603,   34
  391,19990604,   18
  391,19990605,  265
  391,19990606,   25
  391,19990607,   12
  391,19990608,    0
  391,19990609,    0
  391,19990610,    0
  391,19990611,    2
  391,19990612,   -1
  391,19990613,   -1
  391,19990614,    0
  391,19990615,    0
  391,19990616,    0
  391,19990617,   -1
  391,19990618,    0
  391,19990619,    0
  391,19990620,   75
  391,19990621,   53
  391,19990622,    0
  391,19990623,    0
  391,19990624,   -1
  391,19990625,    0
  391,19990626,    0
  391,19990627,   17
  391,19990628,   39
  391,19990629,   29
  391,19990630,   13
  391,19990701,   -1
  391,19990702,    0
  391,19990703,    0
  391,19990704,  289
  391,19990705,  305
  391,19990706,    0
  391,19990707,   69
  391,19990708,   -1
  391,19990709,    0
  391,19990710,    0
  391,19990711,    0
  391,19990712,   -1
  391,19990713,    0
  391,19990714,   48
  391,19990715,    2
  391,19990716,   14
  391,19990717,    0
  391,19990718,    0
  391,19990719,   49
  391,19990720,   -1
  391,19990721,   -1
  391,19990722,   77
  391,19990723,    1
  391,19990724,    0
  391,19990725,    0
  391,19990726,    0
  391,19990727,    0
  391,19990728,    0
  391,19990729,    0
  391,19990730,    0
  391,19990731,   -1
  391,19990801,    0
  391,19990802,    0
  391,19990803,    0
  391,19990804,    0
  391,19990805,  101
  391,19990806,    0
  391,19990807,  108
  391,19990808,   94
  391,19990809,   -1
  391,19990810,  138
  391,19990811,    1
  391,19990812,    0
  391,19990813,    0
  391,19990814,  145
  391,19990815,   15
  391,19990816,   29
  391,19990817,    1
  391,19990818,   63
  391,19990819,   23
  391,19990820,   20
  391,19990821,    0
  391,19990822,    0
  391,19990823,    0
  391,19990824,   -1
  391,19990825,    4
  391,19990826,    0
  391,19990827,    0
  391,19990828,    0
  391,19990829,    0
  391,19990830,   -1
  391,19990831,    0
  391,19990901,    1
  391,19990902,    0
  391,19990903,    0
  391,19990904,    0
  391,19990905,    0
  391,19990906,    4
  391,19990907,    0
  391,19990908,    0
  391,19990909,    0
  391,19990910,    0
  391,19990911,    0
  391,19990912,    0
  391,19990913,   14
  391,19990914,    0
  391,19990915,   52
  391,19990916,   -1
  391,19990917,   99
  391,19990918,   -1
  391,19990919,   -1
  391,19990920,   11
  391,19990921,    0
  391,19990922,   19
  391,19990923,   46
  391,19990924,   -1
  391,19990925,    0
  391,19990926,   51
  391,19990927,    8
  391,19990928,   -1
  391,19990929,   23
  391,19990930,   92
  391,19991001,   99
  391,19991002,   90
  391,19991003,    8
  391,19991004,   11
  391,19991005,    1
  391,19991006,    0
  391,19991007,    5
  391,19991008,   61
  391,19991009,    5
  391,19991010,    4
  391,19991011,   25
  391,19991012,    0
  391,19991013,    0
  391,19991014,    0
  391,19991015,    0
  391,19991016,    0
  391,19991017,    0
  391,19991018,    0
  391,19991019,    0
  391,19991020,    0
  391,19991021,   -1
  391,19991022,   32
  391,19991023,    8
  391,19991024,   11
  391,19991025,    7
  391,19991026,   -1
  391,19991027,    0
  391,19991028,    1
  391,19991029,   -1
  391,19991030,   47
  391,19991031,    0
  391,19991101,   12
  391,19991102,   54
  391,19991103,    0
  391,19991104,    0
  391,19991105,   12
  391,19991106,    4
  391,19991107,   29
  391,19991108,    3
  391,19991109,   46
  391,19991110,    2
  391,19991111,    0
  391,19991112,    0
  391,19991113,    5
  391,19991114,   19
  391,19991115,    0
  391,19991116,   12
  391,19991117,   15
  391,19991118,  154
  391,19991119,   12
  391,19991120,    4
  391,19991121,    2
  391,19991122,   37
  391,19991123,    1
  391,19991124,    0
  391,19991125,   30
  391,19991126,    0
  391,19991127,   13
  391,19991128,    0
  391,19991129,    0
  391,19991130,    6
  391,19991201,   18
  391,19991202,   -1
  391,19991203,   31
  391,19991204,   18
  391,19991205,    3
  391,19991206,   22
  391,19991207,   78
  391,19991208,   -1
  391,19991209,   24
  391,19991210,    5
  391,19991211,   88
  391,19991212,  194
  391,19991213,   98
  391,19991214,   -1
  391,19991215,   23
  391,19991216,   -1
  391,19991217,   69
  391,19991218,    1
  391,19991219,    4
  391,19991220,   10
  391,19991221,    0
  391,19991222,   -1
  391,19991223,   38
  391,19991224,   78
  391,19991225,   75
  391,19991226,  194
  391,19991227,   47
  391,19991228,    0
  391,19991229,   11
  391,19991230,   24
  391,19991231,    0
  391,20000101,   14
  391,20000102,    0
  391,20000103,   15
  391,20000104,   86
  391,20000105,    0
  391,20000106,    6
  391,20000107,    0
  391,20000108,    1
  391,20000109,    0
  391,20000110,    0
  391,20000111,    0
  391,20000112,    0
  391,20000113,   -1
  391,20000114,    0
  391,20000115,   -1
  391,20000116,   -1
  391,20000117,   -1
  391,20000118,   -1
  391,20000119,   -1
  391,20000120,    2
  391,20000121,   10
  391,20000122,   28
  391,20000123,    5
  391,20000124,    0
  391,20000125,    0
  391,20000126,    0
  391,20000127,    0
  391,20000128,   -1
  391,20000129,  255
  391,20000130,   30
  391,20000131,    8
  391,20000201,   -1
  391,20000202,   34
  391,20000203,    0
  391,20000204,   21
  391,20000205,    0
  391,20000206,   -1
  391,20000207,   42
  391,20000208,   69
  391,20000209,    3
  391,20000210,   62
  391,20000211,    0
  391,20000212,   36
  391,20000213,   -1
  391,20000214,   17
  391,20000215,    8
  391,20000216,   32
  391,20000217,   26
  391,20000218,  107
  391,20000219,   30
  391,20000220,    0
  391,20000221,   -1
  391,20000222,    1
  391,20000223,   -1
  391,20000224,  100
  391,20000225,  182
  391,20000226,    0
  391,20000227,    0
  391,20000228,   78
  391,20000229,  102
  391,20000301,   28
  391,20000302,   48
  391,20000303,  141
  391,20000304,   15
  391,20000305,    3
  391,20000306,    0
  391,20000307,   38
  391,20000308,  126
  391,20000309,   27
  391,20000310,   19
  391,20000311,    9
  391,20000312,    0
  391,20000313,   -1
  391,20000314,   28
  391,20000315,    1
  391,20000316,    1
  391,20000317,    2
  391,20000318,   16
  391,20000319,    1
  391,20000320,    0
  391,20000321,    0
  391,20000322,    0
  391,20000323,    0
  391,20000324,   47
  391,20000325,    9
  391,20000326,   64
  391,20000327,   45
  391,20000328,   11
  391,20000329,    3
  391,20000330,    0
  391,20000331,   -1
  391,20000401,    4
  391,20000402,    1
  391,20000403,    5
  391,20000404,   13
  391,20000405,   -1
  391,20000406,    0
  391,20000407,    0
  391,20000408,    0
  391,20000409,    0
  391,20000410,    0
  391,20000411,    5
  391,20000412,   30
  391,20000413,   31
  391,20000414,   11
  391,20000415,   36
  391,20000416,    0
  391,20000417,   33
  391,20000418,    0
  391,20000419,    0
  391,20000420,    0
  391,20000421,    0
  391,20000422,   48
  391,20000423,   98
  391,20000424,    0
  391,20000425,    0
  391,20000426,    0
  391,20000427,    0
  391,20000428,    0
  391,20000429,   66
  391,20000430,    0
  391,20000501,   -1
  391,20000502,    5
  391,20000503,   48
  391,20000504,    0
  391,20000505,    0
  391,20000506,   -1
  391,20000507,   -1
  391,20000508,   37
  391,20000509,   -1
  391,20000510,   10
  391,20000511,    0
  391,20000512,    0
  391,20000513,    0
  391,20000514,    0
  391,20000515,    0
  391,20000516,   54
  391,20000517,   20
  391,20000518,   35
  391,20000519,   91
  391,20000520,    1
  391,20000521,  106
  391,20000522,    6
  391,20000523,    1
  391,20000524,   95
  391,20000525,   43
  391,20000526,    5
  391,20000527,    8
  391,20000528,  108
  391,20000529,   25
  391,20000530,    3
  391,20000531,    0
  391,20000601,    0
  391,20000602,    0
  391,20000603,  151
  391,20000604,    0
  391,20000605,   89
  391,20000606,    6
  391,20000607,   20
  391,20000608,    0
  391,20000609,    8
  391,20000610,   -1
  391,20000611,    0
  391,20000612,    0
  391,20000613,    0
  391,20000614,    1
  391,20000615,    3
  391,20000616,    0
  391,20000617,    0
  391,20000618,    0
  391,20000619,    0
  391,20000620,    0
  391,20000621,   49
  391,20000622,    4
  391,20000623,   89
  391,20000624,   68
  391,20000625,   59
  391,20000626,    0
  391,20000627,    0
  391,20000628,    0
  391,20000629,    0
  391,20000630,    0
  391,20000701,   11
  391,20000702,  185
  391,20000703,    2
  391,20000704,    0
  391,20000705,   67
  391,20000706,    0
  391,20000707,   -1
  391,20000708,    4
  391,20000709,   32
  391,20000710,   29
  391,20000711,   14
  391,20000712,   80
  391,20000713,   24
  391,20000714,   54
  391,20000715,   27
  391,20000716,   16
  391,20000717,    1
  391,20000718,   -1
  391,20000719,   14
  391,20000720,    0
  391,20000721,    0
  391,20000722,    0
  391,20000723,    0
  391,20000724,   98
  391,20000725,   58
  391,20000726,    0
  391,20000727,   57
  391,20000728,    1
  391,20000729,   -1
  391,20000730,    0
  391,20000731,    0
  391,20000801,   -1
  391,20000802,   -1
  391,20000803,    2
  391,20000804,    0
  391,20000805,    0
  391,20000806,    0
  391,20000807,   -1
  391,20000808,    4
  391,20000809,    0
  391,20000810,   -1
  391,20000811,    0
  391,20000812,    0
  391,20000813,    0
  391,20000814,   -1
  391,20000815,   -1
  391,20000816,   25
  391,20000817,   21
  391,20000818,    6
  391,20000819,  104
  391,20000820,   84
  391,20000821,   71
  391,20000822,   -1
  391,20000823,    0
  391,20000824,    0
  391,20000825,    0
  391,20000826,    0
  391,20000827,  130
  391,20000828,    1
  391,20000829,    3
  391,20000830,    0
  391,20000831,    0
  391,20000901,   70
  391,20000902,  131
  391,20000903,    4
  391,20000904,    6
  391,20000905,    0
  391,20000906,   61
  391,20000907,   -1
  391,20000908,    0
  391,20000909,    3
  391,20000910,    0
  391,20000911,    0
  391,20000912,    0
  391,20000913,   -1
  391,20000914,    0
  391,20000915,   14
  391,20000916,  231
  391,20000917,   10
  391,20000918,    0
  391,20000919,   -1
  391,20000920,  185
  391,20000921,   22
  391,20000922,    0
  391,20000923,    0
  391,20000924,    1
  391,20000925,    9
  391,20000926,    3
  391,20000927,   -1
  391,20000928,   57
  391,20000929,    0
  391,20000930,    9
  391,20001001,  335
  391,20001002,    1
  391,20001003,    0
  391,20001004,    8
  391,20001005,   12
  391,20001006,    6
  391,20001007,    0
  391,20001008,   69
  391,20001009,   15
  391,20001010,   65
  391,20001011,  130
  391,20001012,   -1
  391,20001013,    0
  391,20001014,   -1
  391,20001015,    0
  391,20001016,   87
  391,20001017,    5
  391,20001018,    1
  391,20001019,   76
  391,20001020,    0
  391,20001021,    0
  391,20001022,    0
  391,20001023,   35
  391,20001024,   -1
  391,20001025,    1
  391,20001026,   33
  391,20001027,   56
  391,20001028,   68
  391,20001029,   17
  391,20001030,   66
  391,20001031,    2
  391,20001101,   87
  391,20001102,   37
  391,20001103,    0
  391,20001104,   -1
  391,20001105,    0
  391,20001106,   64
  391,20001107,   45
  391,20001108,   48
  391,20001109,    1
  391,20001110,    0
  391,20001111,    0
  391,20001112,   91
  391,20001113,    0
  391,20001114,    2
  391,20001115,    3
  391,20001116,   54
  391,20001117,   -1
  391,20001118,    2
  391,20001119,   21
  391,20001120,   36
  391,20001121,   25
  391,20001122,    7
  391,20001123,   61
  391,20001124,   -1
  391,20001125,   62
  391,20001126,   31
  391,20001127,   -1
  391,20001128,   61
  391,20001129,    0
  391,20001130,   -1
  391,20001201,    9
  391,20001202,    2
  391,20001203,    9
  391,20001204,   10
  391,20001205,    4
  391,20001206,   49
  391,20001207,    6
  391,20001208,   11
  391,20001209,   17
  391,20001210,   48
  391,20001211,   32
  391,20001212,   47
  391,20001213,   71
  391,20001214,   -1
  391,20001215,   39
  391,20001216,    0
  391,20001217,    1
  391,20001218,   -1
  391,20001219,   -1
  391,20001220,    0
  391,20001221,    0
  391,20001222,    0
  391,20001223,    0
  391,20001224,   -1
  391,20001225,    4
  391,20001226,    3
  391,20001227,   13
  391,20001228,    8
  391,20001229,    4
  391,20001230,   15
  391,20001231,    0
  391,20010101,   76
  391,20010102,    2
  391,20010103,   23
  391,20010104,   37
  391,20010105,  161
  391,20010106,   17
  391,20010107,    0
  391,20010108,    2
  391,20010109,    0
  391,20010110,   26
  391,20010111,   -1
  391,20010112,    0
  391,20010113,    0
  391,20010114,    0
  391,20010115,    0
  391,20010116,    0
  391,20010117,    0
  391,20010118,    0
  391,20010119,   -1
  391,20010120,   10
  391,20010121,   32
  391,20010122,   88
  391,20010123,   19
  391,20010124,   13
  391,20010125,   30
  391,20010126,    9
  391,20010127,  104
  391,20010128,   -1
  391,20010129,    0
  391,20010130,    0
  391,20010131,    0
  391,20010201,    2
  391,20010202,   25
  391,20010203,   79
  391,20010204,  109
  391,20010205,   36
  391,20010206,   22
  391,20010207,   32
  391,20010208,   53
  391,20010209,    8
  391,20010210,    2
  391,20010211,    0
  391,20010212,   26
  391,20010213,    0
  391,20010214,    0
  391,20010215,    0
  391,20010216,   83
  391,20010217,    0
  391,20010218,    0
  391,20010219,    4
  391,20010220,    0
  391,20010221,   50
  391,20010222,   11
  391,20010223,   21
  391,20010224,   22
  391,20010225,   -1
  391,20010226,    5
  391,20010227,    0
  391,20010228,   -1
  391,20010301,   46
  391,20010302,    5
  391,20010303,    0
  391,20010304,   10
  391,20010305,    0
  391,20010306,    0
  391,20010307,   30
  391,20010308,   13
  391,20010309,   13
  391,20010310,   24
  391,20010311,    7
  391,20010312,   24
  391,20010313,   64
  391,20010314,    9
  391,20010315,    1
  391,20010316,    2
  391,20010317,   24
  391,20010318,  220
  391,20010319,   11
  391,20010320,    0
  391,20010321,   67
  391,20010322,   -1
  391,20010323,   85
  391,20010324,   22
  391,20010325,   22
  391,20010326,    0
  391,20010327,    0
  391,20010328,   17
  391,20010329,  101
  391,20010330,   -1
  391,20010331,    0
  391,20010401,   -1
  391,20010402,    2
  391,20010403,   -1
  391,20010404,   53
  391,20010405,   32
  391,20010406,   37
  391,20010407,   31
  391,20010408,    1
  391,20010409,   -1
  391,20010410,   45
  391,20010411,    0
  391,20010412,    1
  391,20010413,   -1
  391,20010414,   75
  391,20010415,   79
  391,20010416,   27
  391,20010417,   -1
  391,20010418,   26
  391,20010419,   39
  391,20010420,   13
  391,20010421,   -1
  391,20010422,    0
  391,20010423,    0
  391,20010424,   54
  391,20010425,   19
  391,20010426,   15
  391,20010427,   65
  391,20010428,   13
  391,20010429,   62
  391,20010430,   -1
  391,20010501,    0
  391,20010502,    0
  391,20010503,    1
  391,20010504,    1
  391,20010505,    0
  391,20010506,   13
  391,20010507,    0
  391,20010508,    0
  391,20010509,   -1
  391,20010510,    0
  391,20010511,    0
  391,20010512,    0
  391,20010513,    0
  391,20010514,   65
  391,20010515,    3
  391,20010516,    7
  391,20010517,    6
  391,20010518,   34
  391,20010519,    0
  391,20010520,    0
  391,20010521,    0
  391,20010522,    0
  391,20010523,    0
  391,20010524,    0
  391,20010525,    0
  391,20010526,    0
  391,20010527,   -1
  391,20010528,   -1
  391,20010529,    0
  391,20010530,    0
  391,20010531,    1
  391,20010601,   19
  391,20010602,  113
  391,20010603,   22
  391,20010604,   -1
  391,20010605,    0
  391,20010606,   12
  391,20010607,   23
  391,20010608,    2
  391,20010609,    0
  391,20010610,    6
  391,20010611,   -1
  391,20010612,    0
  391,20010613,    0
  391,20010614,    0
  391,20010615,    2
  391,20010616,   14
  391,20010617,   40
  391,20010618,   -1
  391,20010619,    0
  391,20010620,    0
  391,20010621,    0
  391,20010622,   -1
  391,20010623,    0
  391,20010624,    0
  391,20010625,    0
  391,20010626,    0
  391,20010627,    2
  391,20010628,   -1
  391,20010629,    0
  391,20010630,   55
  391,20010701,    0
  391,20010702,    0
  391,20010703,    0
  391,20010704,    0
  391,20010705,    0
  391,20010706,   -1
  391,20010707,    3
  391,20010708,   58
  391,20010709,   41
  391,20010710,   29
  391,20010711,   16
  391,20010712,    2
  391,20010713,   -1
  391,20010714,   48
  391,20010715,    0
  391,20010716,    0
  391,20010717,   13
  391,20010718,  113
  391,20010719,   13
  391,20010720,   65
  391,20010721,    5
  391,20010722,   -1
  391,20010723,    0
  391,20010724,    0
  391,20010725,    0
  391,20010726,    0
